{"camera":{"aperture_size":0.0,"autofocus":false,"autofocus_depth":0.0,"autofocus_target":[0.5,0.5,0.5],"fov_axis":1,"matrix":[[0.9271835684776306,-0.0821431502699852,-0.36548954248428345,0.06925885379314423],[2.7939677238464355e-09,-0.9756619930267334,0.21927864849567413,0.2978171706199646],[-0.37460657954216003,-0.20331145823001862,-0.904618501663208,1.0164248943328857]],"relative_focal_length":[1.0,1.0],"scale":0.08390539139509201,"screen_center":[0.4991922974586487,0.5007640719413757],"zoom":1.0},"frame":1,"views":[{"camera0":[[0.994610607624054,-0.07098086178302765,0.07556983828544617,0.1097026914358139],[-0.06620042026042938,-0.9957520365715027,-0.06399106979370117,0.2758629620075226],[0.07979118824005127,0.05864374339580536,-0.9950852394104004,1.1051025390625]],"camera1":[[0.994610607624054,-0.07098086178302765,0.07556983828544617,0.1097026914358139],[-0.06620042026042938,-0.9957520365715027,-0.06399106979370117,0.2758629620075226],[0.07979118824005127,0.05864374339580536,-0.9950852394104004,1.1051025390625]],"full_resolution":[2064,2272],"relative_focal_length":[0.4356694221496582,0.4339345097541809],"screen_center":[0.3787437081336975,0.5965937376022339],"visualized_dimension":-1},{"camera0":[[0.994610607624054,-0.07098086178302765,0.07556983828544617,0.11477985978126526],[-0.06620042026042938,-0.9957520365715027,-0.06399106979370117,0.2755250334739685],[0.07979118824005127,0.05864374339580536,-0.9950852394104004,1.105509877204895]],"camera1":[[0.994610607624054,-0.07098086178302765,0.07556983828544617,0.11477985978126526],[-0.06620042026042938,-0.9957520365715027,-0.06399106979370117,0.2755250334739685],[0.07979118824005127,0.05864374339580536,-0.9950852394104004,1.105509877204895]],"full_resolution":[2064,2272],"relative_focal_length":[0.4356694221496582,0.4339345097541809],"screen_center":[0.6212562918663025,0.5965937376022339],"visualized_dimension":-1}]}
{"camera":{"aperture_size":0.0,"autofocus":false,"autofocus_depth":0.0,"autofocus_target":[0.5,0.5,0.5],"fov_axis":1,"matrix":[[0.9271835684776306,-0.0821431502699852,-0.36548954248428345,0.06925885379314423],[2.7939677238464355e-09,-0.9756619930267334,0.21927864849567413,0.2978171706199646],[-0.37460657954216003,-0.20331145823001862,-0.904618501663208,1.0164248943328857]],"relative_focal_length":[1.0,1.0],"scale":0.08390539139509201,"screen_center":[0.4991922974586487,0.5007640719413757],"zoom":1.0},"frame":2,"views":[{"camera0":[[0.9942755103111267,-0.06936105340719223,0.08126869797706604,0.10815803706645966],[-0.0640878826379776,-0.9957728385925293,-0.06579345464706421,0.2758710980415344],[0.0854889452457428,0.0602087676525116,-0.9945183992385864,1.1053653955459595]],"camera1":[[0.9942755103111267,-0.06936105340719223,0.08126869797706604,0.10815803706645966],[-0.0640878826379776,-0.9957728385925293,-0.06579345464706421,0.2758710980415344],[0.0854889452457428,0.0602087676525116,-0.9945183992385864,1.1053653955459595]],"full_resolution":[2064,2272],"relative_focal_length":[0.4356694221496582,0.4339345097541809],"screen_center":[0.3787437081336975,0.5965937376022339],"visualized_dimension":-1},{"camera0":[[0.9942755103111267,-0.06936105340719223,0.08126869797706604,0.11323349177837372],[-0.0640878826379776,-0.9957728385925293,-0.06579345464706421,0.2755439579486847],[0.0854889452457428,0.0602087676525116,-0.9945183992385864,1.1058018207550049]],"camera1":[[0.9942755103111267,-0.06936105340719223,0.08126869797706604,0.11323349177837372],[-0.0640878826379776,-0.9957728385925293,-0.06579345464706421,0.2755439579486847],[0.0854889452457428,0.0602087676525116,-0.9945183992385864,1.1058018207550049]],"full_resolution":[2064,2272],"relative_focal_length":[0.4356694221496582,0.4339345097541809],"screen_center":[0.6212562918663025,0.5965937376022339],"visualized_dimension":-1}]}
{"camera":{"aperture_size":0.0,"autofocus":false,"autofocus_depth":0.0,"autofocus_target":[0.5,0.5,0.5],"fov_axis":1,"matrix":[[0.9271835684776306,-0.0821431502699852,-0.36548954248428345,0.06925885379314423],[2.7939677238464355e-09,-0.9756619930267334,0.21927864849567413,0.2978171706199646],[-0.37460657954216003,-0.20331145823001862,-0.904618501663208,1.0164248943328857]],"relative_focal_length":[1.0,1.0],"scale":0.08390539139509201,"screen_center":[0.4991922974586487,0.5007640719413757],"zoom":1.0},"frame":3,"views":[{"camera0":[[0.9928786754608154,-0.07580402493476868,0.09189796447753906,0.10683713108301163],[-0.06929288804531097,-0.9949880838394165,-0.07208827137947083,0.2759970724582672],[0.09690222144126892,0.06520730257034302,-0.9931557178497314,1.1056476831436157]],"camera1":[[0.9928786754608154,-0.07580402493476868,0.09189796447753906,0.10683713108301163],[-0.06929288804531097,-0.9949880838394165,-0.07208827137947083,0.2759970724582672],[0.09690222144126892,0.06520730257034302,-0.9931557178497314,1.1056476831436157]],"full_resolution":[2064,2272],"relative_focal_length":[0.4356694221496582,0.4339345097541809],"screen_center":[0.3787437081336975,0.5965937376022339],"visualized_dimension":-1},{"camera0":[[0.9928786754608154,-0.07580402493476868,0.09189796447753906,0.11190546303987503],[-0.06929288804531097,-0.9949880838394165,-0.07208827137947083,0.27564337849617004],[0.09690222144126892,0.06520730257034302,-0.9931557178497314,1.1061424016952515]],"camera1":[[0.9928786754608154,-0.07580402493476868,0.09189796447753906,0.11190546303987503],[-0.06929288804531097,-0.9949880838394165,-0.07208827137947083,0.27564337849617004],[0.09690222144126892,0.06520730257034302,-0.9931557178497314,1.1061424016952515]],"full_resolution":[2064,2272],"relative_focal_length":[0.4356694221496582,0.4339345097541809],"screen_center":[0.6212562918663025,0.5965937376022339],"visualized_dimension":-1}]}
{"camera":{"aperture_size":0.0,"autofocus":false,"autofocus_depth":0.0,"autofocus_target":[0.5,0.5,0.5],"fov_axis":1,"matrix":[[0.9271835684776306,-0.0821431502699852,-0.36548954248428345,0.06925885379314423],[2.7939677238464355e-09,-0.9756619930267334,0.21927864849567413,0.2978171706199646],[-0.37460657954216003,-0.20331145823001862,-0.904618501663208,1.0164248943328857]],"relative_focal_length":[1.0,1.0],"scale":0.08390539139509201,"screen_center":[0.4991922974586487,0.5007640719413757],"zoom":1.0},"frame":4,"views":[{"camera0":[[0.9882021546363831,-0.09173216670751572,0.12264224886894226,0.10457335412502289],[-0.08194600045681,-0.9932078719139099,-0.08259782195091248,0.27623215317726135],[0.12938642501831055,0.07157360017299652,-0.9890079498291016,1.1062848567962646]],"camera1":[[0.9882021546363831,-0.09173216670751572,0.12264224886894226,0.10457335412502289],[-0.08194600045681,-0.9932078719139099,-0.08259782195091248,0.27623215317726135],[0.12938642501831055,0.07157360017299652,-0.9890079498291016,1.1062848567962646]],"full_resolution":[2064,2272],"relative_focal_length":[0.4356694221496582,0.4339345097541809],"screen_center":[0.3787437081336975,0.5965937376022339],"visualized_dimension":-1},{"camera0":[[0.9882021546363831,-0.09173216670751572,0.12264224886894226,0.10961781442165375],[-0.08194600045681,-0.9932078719139099,-0.08259782195091248,0.27581384778022766],[0.12938642501831055,0.07157360017299652,-0.9890079498291016,1.106945276260376]],"camera1":[[0.9882021546363831,-0.09173216670751572,0.12264224886894226,0.10961781442165375],[-0.08194600045681,-0.9932078719139099,-0.08259782195091248,0.27581384778022766],[0.12938642501831055,0.07157360017299652,-0.9890079498291016,1.106945276260376]],"full_resolution":[2064,2272],"relative_focal_length":[0.4356694221496582,0.4339345097541809],"screen_center":[0.6212562918663025,0.5965937376022339],"visualized_dimension":-1}]}
{"camera":{"aperture_size":0.0,"autofocus":false,"autofocus_depth":0.0,"autofocus_target":[0.5,0.5,0.5],"fov_axis":1,"matrix":[[0.9271835684776306,-0.0821431502699852,-0.36548954248428345,0.06925885379314423],[2.7939677238464355e-09,-0.9756619930267334,0.21927864849567413,0.2978171706199646],[-0.37460657954216003,-0.20331145823001862,-0.904618501663208,1.0164248943328857]],"relative_focal_length":[1.0,1.0],"scale":0.08390539139509201,"screen_center":[0.4991922974586487,0.5007640719413757],"zoom":1.0},"frame":5,"views":[{"camera0":[[0.9859918355941772,-0.09503964334726334,0.13706594705581665,0.10421353578567505],[-0.08531151711940765,-0.9935124516487122,-0.0751955658197403,0.27626556158065796],[0.14332357048988342,0.06244921684265137,-0.9877037405967712,1.1064683198928833]],"camera1":[[0.9859918355941772,-0.09503964334726334,0.13706594705581665,0.10421353578567505],[-0.08531151711940765,-0.9935124516487122,-0.0751955658197403,0.27626556158065796],[0.14332357048988342,0.06244921684265137,-0.9877037405967712,1.1064683198928833]],"full_resolution":[2064,2272],"relative_focal_length":[0.4356694221496582,0.4339345097541809],"screen_center":[0.3787437081336975,0.5965937376022339],"visualized_dimension":-1},{"camera0":[[0.9859918355941772,-0.09503964334726334,0.13706594705581665,0.10924671590328217],[-0.08531151711940765,-0.9935124516487122,-0.0751955658197403,0.27583009004592896],[0.14332357048988342,0.06244921684265137,-0.9877037405967712,1.1071999073028564]],"camera1":[[0.9859918355941772,-0.09503964334726334,0.13706594705581665,0.10924671590328217],[-0.08531151711940765,-0.9935124516487122,-0.0751955658197403,0.27583009004592896],[0.14332357048988342,0.06244921684265137,-0.9877037405967712,1.1071999073028564]],"full_resolution":[2064,2272],"relative_focal_length":[0.4356694221496582,0.4339345097541809],"screen_center":[0.6212562918663025,0.5965937376022339],"visualized_dimension":-1}]}
{"camera":{"aperture_size":0.0,"autofocus":false,"autofocus_depth":0.0,"autofocus_target":[0.5,0.5,0.5],"fov_axis":1,"matrix":[[0.9271835684776306,-0.0821431502699852,-0.36548954248428345,0.06925885379314423],[2.7939677238464355e-09,-0.9756619930267334,0.21927864849567413,0.2978171706199646],[-0.37460657954216003,-0.20331145823001862,-0.904618501663208,1.0164248943328857]],"relative_focal_length":[1.0,1.0],"scale":0.08390539139509201,"screen_center":[0.4991922974586487,0.5007640719413757],"zoom":1.0},"frame":6,"views":[{"camera0":[[0.9851207733154297,-0.09529541432857513,0.14302220940589905,0.10386721044778824],[-0.08544006943702698,-0.9936246275901794,-0.0735495537519455,0.2762821316719055],[0.14911961555480957,0.0602356493473053,-0.9869829416275024,1.1065922975540161]],"camera1":[[0.9851207733154297,-0.09529541432857513,0.14302220940589905,0.10386721044778824],[-0.08544006943702698,-0.9936246275901794,-0.0735495537519455,0.2762821316719055],[0.14911961555480957,0.0602356493473053,-0.9869829416275024,1.1065922975540161]],"full_resolution":[2064,2272],"relative_focal_length":[0.4356694221496582,0.4339345097541809],"screen_center":[0.3787437081336975,0.5965937376022339],"visualized_dimension":-1},{"camera0":[[0.9851207733154297,-0.09529541432857513,0.14302220940589905,0.1088959351181984],[-0.08544006943702698,-0.9936246275901794,-0.0735495537519455,0.275846004486084],[0.14911961555480957,0.0602356493473053,-0.9869829416275024,1.1073534488677979]],"camera1":[[0.9851207733154297,-0.09529541432857513,0.14302220940589905,0.1088959351181984],[-0.08544006943702698,-0.9936246275901794,-0.0735495537519455,0.275846004486084],[0.14911961555480957,0.0602356493473053,-0.9869829416275024,1.1073534488677979]],"full_resolution":[2064,2272],"relative_focal_length":[0.4356694221496582,0.4339345097541809],"screen_center":[0.6212562918663025,0.5965937376022339],"visualized_dimension":-1}]}
{"camera":{"aperture_size":0.0,"autofocus":false,"autofocus_depth":0.0,"autofocus_target":[0.5,0.5,0.5],"fov_axis":1,"matrix":[[0.9271835684776306,-0.0821431502699852,-0.36548954248428345,0.06925885379314423],[2.7939677238464355e-09,-0.9756619930267334,0.21927864849567413,0.2978171706199646],[-0.37460657954216003,-0.20331145823001862,-0.904618501663208,1.0164248943328857]],"relative_focal_length":[1.0,1.0],"scale":0.08390539139509201,"screen_center":[0.4991922974586487,0.5007640719413757],"zoom":1.0},"frame":6,"views":[{"camera0":[[0.9849920868873596,-0.09412536770105362,0.14467328786849976,0.10325164347887039],[-0.08558526635169983,-0.9942615032196045,-0.0641758143901825,0.27632343769073486],[0.1498839259147644,0.05083106458187103,-0.9873961806297302,1.106804609298706]],"camera1":[[0.9849920868873596,-0.09412536770105362,0.14467328786849976,0.10325164347887039],[-0.08558526635169983,-0.9942615032196045,-0.0641758143901825,0.27632343769073486],[0.1498839259147644,0.05083106458187103,-0.9873961806297302,1.106804609298706]],"full_resolution":[2064,2272],"relative_focal_length":[0.4356694221496582,0.4339345097541809],"screen_center":[0.3787437081336975,0.5965937376022339],"visualized_dimension":-1},{"camera0":[[0.9849920868873596,-0.09412536770105362,0.14467328786849976,0.10827971994876862],[-0.08558526635169983,-0.9942615032196045,-0.0641758143901825,0.27588656544685364],[0.1498839259147644,0.05083106458187103,-0.9873961806297302,1.107569694519043]],"camera1":[[0.9849920868873596,-0.09412536770105362,0.14467328786849976,0.10827971994876862],[-0.08558526635169983,-0.9942615032196045,-0.0641758143901825,0.27588656544685364],[0.1498839259147644,0.05083106458187103,-0.9873961806297302,1.107569694519043]],"full_resolution":[2064,2272],"relative_focal_length":[0.4356694221496582,0.4339345097541809],"screen_center":[0.6212562918663025,0.5965937376022339],"visualized_dimension":-1}]}
{"camera":{"aperture_size":0.0,"autofocus":false,"autofocus_depth":0.0,"autofocus_target":[0.5,0.5,0.5],"fov_axis":1,"matrix":[[0.9271835684776306,-0.0821431502699852,-0.36548954248428345,0.06925885379314423],[2.7939677238464355e-09,-0.9756619930267334,0.21927864849567413,0.2978171706199646],[-0.37460657954216003,-0.20331145823001862,-0.904618501663208,1.0164248943328857]],"relative_focal_length":[1.0,1.0],"scale":0.08390539139509201,"screen_center":[0.4991922974586487,0.5007640719413757],"zoom":1.0},"frame":7,"views":[{"camera0":[[0.9854303598403931,-0.09125916659832001,0.14352118968963623,0.10289871692657471],[-0.08186228573322296,-0.9941763281822205,-0.07008185982704163,0.2763175666332245],[0.149081289768219,0.05731210112571716,-0.9871627688407898,1.1070300340652466]],"camera1":[[0.9854303598403931,-0.09125916659832001,0.14352118968963623,0.10289871692657471],[-0.08186228573322296,-0.9941763281822205,-0.07008185982704163,0.2763175666332245],[0.149081289768219,0.05731210112571716,-0.9871627688407898,1.1070300340652466]],"full_resolution":[2064,2272],"relative_focal_length":[0.4356694221496582,0.4339345097541809],"screen_center":[0.3787437081336975,0.5965937376022339],"visualized_dimension":-1},{"camera0":[[0.9854303598403931,-0.09125916659832001,0.14352118968963623,0.1079290360212326],[-0.08186228573322296,-0.9941763281822205,-0.07008185982704163,0.2758996784687042],[0.149081289768219,0.05731210112571716,-0.9871627688407898,1.1077910661697388]],"camera1":[[0.9854303598403931,-0.09125916659832001,0.14352118968963623,0.1079290360212326],[-0.08186228573322296,-0.9941763281822205,-0.07008185982704163,0.2758996784687042],[0.149081289768219,0.05731210112571716,-0.9871627688407898,1.1077910661697388]],"full_resolution":[2064,2272],"relative_focal_length":[0.4356694221496582,0.4339345097541809],"screen_center":[0.6212562918663025,0.5965937376022339],"visualized_dimension":-1}]}
{"camera":{"aperture_size":0.0,"autofocus":false,"autofocus_depth":0.0,"autofocus_target":[0.5,0.5,0.5],"fov_axis":1,"matrix":[[0.9271835684776306,-0.0821431502699852,-0.36548954248428345,0.0642392635345459],[2.7939677238464355e-09,-0.9756619930267334,0.21927864849567413,0.2975861132144928],[-0.37460657954216003,-0.20331145823001862,-0.904618501663208,1.017168402671814]],"relative_focal_length":[1.0,1.0],"scale":0.08390539139509201,"screen_center":[0.4991922974586487,0.5007640719413757],"zoom":1.0},"frame":8,"views":[{"camera0":[[0.9852136373519897,-0.08768235892057419,0.14719146490097046,0.10283515602350235],[-0.07714997231960297,-0.9941327571868896,-0.07581162452697754,0.2762986421585083],[0.1529754400253296,0.06333509087562561,-0.9861984848976135,1.107275128364563]],"camera1":[[0.9852136373519897,-0.08768235892057419,0.14719146490097046,0.10283515602350235],[-0.07714997231960297,-0.9941327571868896,-0.07581162452697754,0.2762986421585083],[0.1529754400253296,0.06333509087562561,-0.9861984848976135,1.107275128364563]],"full_resolution":[2064,2272],"relative_focal_length":[0.4356694221496582,0.4339345097541809],"screen_center":[0.3787437081336975,0.5965937376022339],"visualized_dimension":-1},{"camera0":[[0.9852136373519897,-0.08768235892057419,0.14719146490097046,0.10786435753107071],[-0.07714997231960297,-0.9941327571868896,-0.07581162452697754,0.2759048342704773],[0.1529754400253296,0.06333509087562561,-0.9861984848976135,1.1080560684204102]],"camera1":[[0.9852136373519897,-0.08768235892057419,0.14719146490097046,0.10786435753107071],[-0.07714997231960297,-0.9941327571868896,-0.07581162452697754,0.2759048342704773],[0.1529754400253296,0.06333509087562561,-0.9861984848976135,1.1080560684204102]],"full_resolution":[2064,2272],"relative_focal_length":[0.4356694221496582,0.4339345097541809],"screen_center":[0.6212562918663025,0.5965937376022339],"visualized_dimension":-1}]}
{"camera":{"aperture_size":0.0,"autofocus":false,"autofocus_depth":0.0,"autofocus_target":[0.5,0.5,0.5],"fov_axis":1,"matrix":[[0.9271835684776306,-0.0821431502699852,-0.36548954248428345,0.06064144894480705],[2.7939677238464355e-09,-0.9756619930267334,0.21927864849567413,0.2966441214084625],[-0.37460657954216003,-0.20331145823001862,-0.904618501663208,1.0169501304626465]],"relative_focal_length":[1.0,1.0],"scale":0.08390539139509201,"screen_center":[0.4991922974586487,0.5007640719413757],"zoom":1.0},"frame":9,"views":[{"camera0":[[0.9855026602745056,-0.08037227392196655,0.14941346645355225,0.09800814092159271],[-0.0700393095612526,-0.9948557019233704,-0.07318629324436188,0.27600669860839844],[0.15452730655670166,0.061660751700401306,-0.9860626459121704,1.1081695556640625]],"camera1":[[0.9855026602745056,-0.08037227392196655,0.14941346645355225,0.09800814092159271],[-0.0700393095612526,-0.9948557019233704,-0.07318629324436188,0.27600669860839844],[0.15452730655670166,0.061660751700401306,-0.9860626459121704,1.1081695556640625]],"full_resolution":[2064,2272],"relative_focal_length":[0.4356694221496582,0.4339345097541809],"screen_center":[0.3787437081336975,0.5965937376022339],"visualized_dimension":-1},{"camera0":[[0.9855026602745056,-0.08037227392196655,0.14941346645355225,0.10303881764411926],[-0.0700393095612526,-0.9948557019233704,-0.07318629324436188,0.27564916014671326],[0.15452730655670166,0.061660751700401306,-0.9860626459121704,1.10895836353302]],"camera1":[[0.9855026602745056,-0.08037227392196655,0.14941346645355225,0.10303881764411926],[-0.0700393095612526,-0.9948557019233704,-0.07318629324436188,0.27564916014671326],[0.15452730655670166,0.061660751700401306,-0.9860626459121704,1.10895836353302]],"full_resolution":[2064,2272],"relative_focal_length":[0.4356694221496582,0.4339345097541809],"screen_center":[0.6212562918663025,0.5965937376022339],"visualized_dimension":-1}]}
{"camera":{"aperture_size":0.0,"autofocus":false,"autofocus_depth":0.0,"autofocus_target":[0.5,0.5,0.5],"fov_axis":1,"matrix":[[0.9271835684776306,-0.0821431502699852,-0.36548954248428345,0.055131860077381134],[2.7939677238464355e-09,-0.9756619930267334,0.21927864849567413,0.2960208058357239],[-0.37460657954216003,-0.20331145823001862,-0.904618501663208,1.0169001817703247]],"relative_focal_length":[1.0,1.0],"scale":0.08390539139509201,"screen_center":[0.4991922974586487,0.5007640719413757],"zoom":1.0},"frame":10,"views":[{"camera0":[[0.9861313104629517,-0.0713052824139595,0.14986655116081238,0.09471030533313751],[-0.06291688978672028,-0.9962136149406433,-0.05999399721622467,0.27487581968307495],[0.1535772681236267,0.049733102321624756,-0.9868844747543335,1.1082909107208252]],"camera1":[[0.9861313104629517,-0.0713052824139595,0.14986655116081238,0.09471030533313751],[-0.06291688978672028,-0.9962136149406433,-0.05999399721622467,0.27487581968307495],[0.1535772681236267,0.049733102321624756,-0.9868844747543335,1.1082909107208252]],"full_resolution":[2064,2272],"relative_focal_length":[0.4356694221496582,0.4339345097541809],"screen_center":[0.3787437081336975,0.5965937376022339],"visualized_dimension":-1},{"camera0":[[0.9861313104629517,-0.0713052824139595,0.14986655116081238,0.09974420070648193],[-0.06291688978672028,-0.9962136149406433,-0.05999399721622467,0.27455464005470276],[0.1535772681236267,0.049733102321624756,-0.9868844747543335,1.1090749502182007]],"camera1":[[0.9861313104629517,-0.0713052824139595,0.14986655116081238,0.09974420070648193],[-0.06291688978672028,-0.9962136149406433,-0.05999399721622467,0.27455464005470276],[0.1535772681236267,0.049733102321624756,-0.9868844747543335,1.1090749502182007]],"full_resolution":[2064,2272],"relative_focal_length":[0.4356694221496582,0.4339345097541809],"screen_center":[0.6212562918663025,0.5965937376022339],"visualized_dimension":-1}]}
{"camera":{"aperture_size":0.0,"autofocus":false,"autofocus_depth":0.0,"autofocus_target":[0.5,0.5,0.5],"fov_axis":1,"matrix":[[0.9271835684776306,-0.0821431502699852,-0.36548954248428345,0.05204480141401291],[2.7939677238464355e-09,-0.9756619930267334,0.21927864849567413,0.29559630155563354],[-0.37460657954216003,-0.20331145823001862,-0.904618501663208,1.0164740085601807]],"relative_focal_length":[1.0,1.0],"scale":0.08390539139509201,"screen_center":[0.4991922974586487,0.5007640719413757],"zoom":1.0},"frame":11,"views":[{"camera0":[[0.9877486824989319,-0.0683695375919342,0.14027735590934753,0.08955767750740051],[-0.06146911904215813,-0.9967030882835388,-0.05295352637767792,0.27416837215423584],[0.1434355080127716,0.04368232190608978,-0.9886953234672546,1.1084383726119995]],"camera1":[[0.9877486824989319,-0.0683695375919342,0.14027735590934753,0.08955767750740051],[-0.06146911904215813,-0.9967030882835388,-0.05295352637767792,0.27416837215423584],[0.1434355080127716,0.04368232190608978,-0.9886953234672546,1.1084383726119995]],"full_resolution":[2064,2272],"relative_focal_length":[0.4356694221496582,0.4339345097541809],"screen_center":[0.3787437081336975,0.5965937376022339],"visualized_dimension":-1},{"camera0":[[0.9877486824989319,-0.0683695375919342,0.14027735590934753,0.09459982812404633],[-0.06146911904215813,-0.9967030882835388,-0.05295352637767792,0.2738545835018158],[0.1434355080127716,0.04368232190608978,-0.9886953234672546,1.1091705560684204]],"camera1":[[0.9877486824989319,-0.0683695375919342,0.14027735590934753,0.09459982812404633],[-0.06146911904215813,-0.9967030882835388,-0.05295352637767792,0.2738545835018158],[0.1434355080127716,0.04368232190608978,-0.9886953234672546,1.1091705560684204]],"full_resolution":[2064,2272],"relative_focal_length":[0.4356694221496582,0.4339345097541809],"screen_center":[0.6212562918663025,0.5965937376022339],"visualized_dimension":-1}]}
{"camera":{"aperture_size":0.0,"autofocus":false,"autofocus_depth":0.0,"autofocus_target":[0.5,0.5,0.5],"fov_axis":1,"matrix":[[0.9271835684776306,-0.0821431502699852,-0.36548954248428345,0.0466136634349823],[2.7939677238464355e-09,-0.9756619930267334,0.21927864849567413,0.29504066705703735],[-0.37460657954216003,-0.20331145823001862,-0.904618501663208,1.0160750150680542]],"relative_focal_length":[1.0,1.0],"scale":0.08390539139509201,"screen_center":[0.4991922974586487,0.5007640719413757],"zoom":1.0},"frame":11,"views":[{"camera0":[[0.9895907640457153,-0.06737750768661499,0.12716048955917358,0.0871836319565773],[-0.06034810468554497,-0.9964700937271118,-0.05835022032260895,0.2740306258201599],[0.13064339756965637,0.05006922781467438,-0.9901644587516785,1.1082464456558228]],"camera1":[[0.9895907640457153,-0.06737750768661499,0.12716048955917358,0.0871836319565773],[-0.06034810468554497,-0.9964700937271118,-0.05835022032260895,0.2740306258201599],[0.13064339756965637,0.05006922781467438,-0.9901644587516785,1.1082464456558228]],"full_resolution":[2064,2272],"relative_focal_length":[0.4356694221496582,0.4339345097541809],"screen_center":[0.3787437081336975,0.5965937376022339],"visualized_dimension":-1},{"camera0":[[0.9895907640457153,-0.06737750768661499,0.12716048955917358,0.09223517775535583],[-0.06034810468554497,-0.9964700937271118,-0.05835022032260895,0.2737225890159607],[0.13064339756965637,0.05006922781467438,-0.9901644587516785,1.1089133024215698]],"camera1":[[0.9895907640457153,-0.06737750768661499,0.12716048955917358,0.09223517775535583],[-0.06034810468554497,-0.9964700937271118,-0.05835022032260895,0.2737225890159607],[0.13064339756965637,0.05006922781467438,-0.9901644587516785,1.1089133024215698]],"full_resolution":[2064,2272],"relative_focal_length":[0.4356694221496582,0.4339345097541809],"screen_center":[0.6212562918663025,0.5965937376022339],"visualized_dimension":-1}]}
{"camera":{"aperture_size":0.0,"autofocus":false,"autofocus_depth":0.0,"autofocus_target":[0.5,0.5,0.5],"fov_axis":1,"matrix":[[0.9271835684776306,-0.0821431502699852,-0.36548954248428345,0.044170621782541275],[2.7939677238464355e-09,-0.9756619930267334,0.21927864849567413,0.29427555203437805],[-0.37460657954216003,-0.20331145823001862,-0.904618501663208,1.0147712230682373]],"relative_focal_length":[1.0,1.0],"scale":0.08390539139509201,"screen_center":[0.4991922974586487,0.5007640719413757],"zoom":1.0},"frame":12,"views":[{"camera0":[[0.9877579808235168,-0.0815553218126297,0.132974773645401,0.0822811871767044],[-0.07320241630077362,-0.9950941205024719,-0.06654685735702515,0.2734740376472473],[0.13774994015693665,0.055998414754867554,-0.9888828992843628,1.1079707145690918]],"camera1":[[0.9877579808235168,-0.0815553218126297,0.132974773645401,0.0822811871767044],[-0.07320241630077362,-0.9950941205024719,-0.06654685735702515,0.2734740376472473],[0.13774994015693665,0.055998414754867554,-0.9888828992843628,1.1079707145690918]],"full_resolution":[2064,2272],"relative_focal_length":[0.4356694221496582,0.4339345097541809],"screen_center":[0.3787437081336975,0.5965937376022339],"visualized_dimension":-1},{"camera0":[[0.9877579808235168,-0.0815553218126297,0.132974773645401,0.0873233750462532],[-0.07320241630077362,-0.9950941205024719,-0.06654685735702515,0.2731003761291504],[0.13774994015693665,0.055998414754867554,-0.9888828992843628,1.1086739301681519]],"camera1":[[0.9877579808235168,-0.0815553218126297,0.132974773645401,0.0873233750462532],[-0.07320241630077362,-0.9950941205024719,-0.06654685735702515,0.2731003761291504],[0.13774994015693665,0.055998414754867554,-0.9888828992843628,1.1086739301681519]],"full_resolution":[2064,2272],"relative_focal_length":[0.4356694221496582,0.4339345097541809],"screen_center":[0.6212562918663025,0.5965937376022339],"visualized_dimension":-1}]}
{"camera":{"aperture_size":0.0,"autofocus":false,"autofocus_depth":0.0,"autofocus_target":[0.5,0.5,0.5],"fov_axis":1,"matrix":[[0.9271835684776306,-0.0821431502699852,-0.36548954248428345,0.039240218698978424],[2.7939677238464355e-09,-0.9756619930267334,0.21927864849567413,0.29296690225601196],[-0.37460657954216003,-0.20331145823001862,-0.904618501663208,1.0135176181793213]],"relative_focal_length":[1.0,1.0],"scale":0.08390539139509201,"screen_center":[0.4991922974586487,0.5007640719413757],"zoom":1.0},"frame":13,"views":[{"camera0":[[0.9867678880691528,-0.09374534338712692,0.13228929042816162,0.08064284920692444],[-0.08639396727085114,-0.9944360256195068,-0.06026989221572876,0.27277758717536926],[0.13720357418060303,0.04804368317127228,-0.9893772602081299,1.106836199760437]],"camera1":[[0.9867678880691528,-0.09374534338712692,0.13228929042816162,0.08064284920692444],[-0.08639396727085114,-0.9944360256195068,-0.06026989221572876,0.27277758717536926],[0.13720357418060303,0.04804368317127228,-0.9893772602081299,1.106836199760437]],"full_resolution":[2064,2272],"relative_focal_length":[0.4356694221496582,0.4339345097541809],"screen_center":[0.3787437081336975,0.5965937376022339],"visualized_dimension":-1},{"camera0":[[0.9867678880691528,-0.09374534338712692,0.13228929042816162,0.08567999303340912],[-0.08639396727085114,-0.9944360256195068,-0.06026989221572876,0.27233657240867615],[0.13720357418060303,0.04804368317127228,-0.9893772602081299,1.1075365543365479]],"camera1":[[0.9867678880691528,-0.09374534338712692,0.13228929042816162,0.08567999303340912],[-0.08639396727085114,-0.9944360256195068,-0.06026989221572876,0.27233657240867615],[0.13720357418060303,0.04804368317127228,-0.9893772602081299,1.1075365543365479]],"full_resolution":[2064,2272],"relative_focal_length":[0.4356694221496582,0.4339345097541809],"screen_center":[0.6212562918663025,0.5965937376022339],"visualized_dimension":-1}]}
{"camera":{"aperture_size":0.0,"autofocus":false,"autofocus_depth":0.0,"autofocus_target":[0.5,0.5,0.5],"fov_axis":1,"matrix":[[0.9271835684776306,-0.0821431502699852,-0.36548954248428345,0.037426237016916275],[2.7939677238464355e-09,-0.9756619930267334,0.21927864849567413,0.292315810918808],[-0.37460657954216003,-0.20331145823001862,-0.904618501663208,1.0126131772994995]],"relative_focal_length":[1.0,1.0],"scale":0.08390539139509201,"screen_center":[0.4991922974586487,0.5007640719413757],"zoom":1.0},"frame":14,"views":[{"camera0":[[0.9858575463294983,-0.10016659647226334,0.13435420393943787,0.07615987956523895],[-0.09498459845781326,-0.9944852590560913,-0.044457241892814636,0.27142107486724854],[0.13806664943695068,0.03106720745563507,-0.9899356365203857,1.1054750680923462]],"camera1":[[0.9858575463294983,-0.10016659647226334,0.13435420393943787,0.07615987956523895],[-0.09498459845781326,-0.9944852590560913,-0.044457241892814636,0.27142107486724854],[0.13806664943695068,0.03106720745563507,-0.9899356365203857,1.1054750680923462]],"full_resolution":[2064,2272],"relative_focal_length":[0.4356694221496582,0.4339345097541809],"screen_center":[0.3787437081336975,0.5965937376022339],"visualized_dimension":-1},{"camera0":[[0.9858575463294983,-0.10016659647226334,0.13435420393943787,0.08119236677885056],[-0.09498459845781326,-0.9944852590560913,-0.044457241892814636,0.27093619108200073],[0.13806664943695068,0.03106720745563507,-0.9899356365203857,1.1061798334121704]],"camera1":[[0.9858575463294983,-0.10016659647226334,0.13435420393943787,0.08119236677885056],[-0.09498459845781326,-0.9944852590560913,-0.044457241892814636,0.27093619108200073],[0.13806664943695068,0.03106720745563507,-0.9899356365203857,1.1061798334121704]],"full_resolution":[2064,2272],"relative_focal_length":[0.4356694221496582,0.4339345097541809],"screen_center":[0.6212562918663025,0.5965937376022339],"visualized_dimension":-1}]}
{"camera":{"aperture_size":0.0,"autofocus":false,"autofocus_depth":0.0,"autofocus_target":[0.5,0.5,0.5],"fov_axis":1,"matrix":[[0.9271835684776306,-0.0821431502699852,-0.36548954248428345,0.033559802919626236],[2.7939677238464355e-09,-0.9756619930267334,0.21927864849567413,0.29149582982063293],[-0.37460657954216003,-0.20331145823001862,-0.904618501663208,1.0113173723220825]],"relative_focal_length":[1.0,1.0],"scale":0.08390539139509201,"screen_center":[0.4991922974586487,0.5007640719413757],"zoom":1.0},"frame":14,"views":[{"camera0":[[0.9840763807296753,-0.11123592406511307,0.13863569498062134,0.0752066969871521],[-0.10669016093015671,-0.9934941530227661,-0.03982454538345337,0.2705281972885132],[0.1421639621257782,0.024399608373641968,-0.9895424842834473,1.104514718055725]],"camera1":[[0.9840763807296753,-0.11123592406511307,0.13863569498062134,0.0752066969871521],[-0.10669016093015671,-0.9934941530227661,-0.03982454538345337,0.2705281972885132],[0.1421639621257782,0.024399608373641968,-0.9895424842834473,1.104514718055725]],"full_resolution":[2064,2272],"relative_focal_length":[0.4356694221496582,0.4339345097541809],"screen_center":[0.3787437081336975,0.5965937376022339],"visualized_dimension":-1},{"camera0":[[0.9840763807296753,-0.11123592406511307,0.13863569498062134,0.08023009449243546],[-0.10669016093015671,-0.9934941530227661,-0.03982454538345337,0.26998358964920044],[0.1421639621257782,0.024399608373641968,-0.9895424842834473,1.1052403450012207]],"camera1":[[0.9840763807296753,-0.11123592406511307,0.13863569498062134,0.08023009449243546],[-0.10669016093015671,-0.9934941530227661,-0.03982454538345337,0.26998358964920044],[0.1421639621257782,0.024399608373641968,-0.9895424842834473,1.1052403450012207]],"full_resolution":[2064,2272],"relative_focal_length":[0.4356694221496582,0.4339345097541809],"screen_center":[0.6212562918663025,0.5965937376022339],"visualized_dimension":-1}]}
{"camera":{"aperture_size":0.0,"autofocus":false,"autofocus_depth":0.0,"autofocus_target":[0.5,0.5,0.5],"fov_axis":1,"matrix":[[0.9271835684776306,-0.0821431502699852,-0.36548954248428345,0.032503217458724976],[2.7939677238464355e-09,-0.9756619930267334,0.21927864849567413,0.29135727882385254],[-0.37460657954216003,-0.20331145823001862,-0.904618501663208,1.0106374025344849]],"relative_focal_length":[1.0,1.0],"scale":0.08390539139509201,"screen_center":[0.4991922974586487,0.5007640719413757],"zoom":1.0},"frame":14,"views":[{"camera0":[[0.981637179851532,-0.11846543848514557,0.14951258897781372,0.07176247239112854],[-0.11210165172815323,-0.9924212098121643,-0.05032724142074585,0.2695215940475464],[0.15434187650680542,0.03264273703098297,-0.9874782562255859,1.1031718254089355]],"camera1":[[0.981637179851532,-0.11846543848514557,0.14951258897781372,0.07176247239112854],[-0.11210165172815323,-0.9924212098121643,-0.05032724142074585,0.2695215940475464],[0.15434187650680542,0.03264273703098297,-0.9874782562255859,1.1031718254089355]],"full_resolution":[2064,2272],"relative_focal_length":[0.4356694221496582,0.4339345097541809],"screen_center":[0.3787437081336975,0.5965937376022339],"visualized_dimension":-1},{"camera0":[[0.981637179851532,-0.11846543848514557,0.14951258897781372,0.07677341252565384],[-0.11210165172815323,-0.9924212098121643,-0.05032724142074585,0.26894935965538025],[0.15434187650680542,0.03264273703098297,-0.9874782562255859,1.1039596796035767]],"camera1":[[0.981637179851532,-0.11846543848514557,0.14951258897781372,0.07677341252565384],[-0.11210165172815323,-0.9924212098121643,-0.05032724142074585,0.26894935965538025],[0.15434187650680542,0.03264273703098297,-0.9874782562255859,1.1039596796035767]],"full_resolution":[2064,2272],"relative_focal_length":[0.4356694221496582,0.4339345097541809],"screen_center":[0.6212562918663025,0.5965937376022339],"visualized_dimension":-1}]}
{"camera":{"aperture_size":0.0,"autofocus":false,"autofocus_depth":0.0,"autofocus_target":[0.5,0.5,0.5],"fov_axis":1,"matrix":[[0.9271835684776306,-0.0821431502699852,-0.36548954248428345,0.03262503817677498],[2.7939677238464355e-09,-0.9756619930267334,0.21927864849567413,0.291286438703537],[-0.37460657954216003,-0.20331145823001862,-0.904618501663208,1.0101666450500488]],"relative_focal_length":[1.0,1.0],"scale":0.08390539139509201,"screen_center":[0.4991922974586487,0.5007640719413757],"zoom":1.0},"frame":15,"views":[{"camera0":[[0.9811108708381653,-0.11578518152236938,0.15496715903282166,0.07107079029083252],[-0.1071581169962883,-0.992247462272644,-0.06294038891792297,0.26939329504966736],[0.16105365753173828,0.04514576494693756,-0.9859126806259155,1.102466344833374]],"camera1":[[0.9811108708381653,-0.11578518152236938,0.15496715903282166,0.07107079029083252],[-0.1071581169962883,-0.992247462272644,-0.06294038891792297,0.26939329504966736],[0.16105365753173828,0.04514576494693756,-0.9859126806259155,1.102466344833374]],"full_resolution":[2064,2272],"relative_focal_length":[0.4356694221496582,0.4339345097541809],"screen_center":[0.3787437081336975,0.5965937376022339],"visualized_dimension":-1},{"camera0":[[0.9811108708381653,-0.11578518152236938,0.15496715903282166,0.07607904076576233],[-0.1071581169962883,-0.992247462272644,-0.06294038891792297,0.2688463032245636],[0.16105365753173828,0.04514576494693756,-0.9859126806259155,1.1032884120941162]],"camera1":[[0.9811108708381653,-0.11578518152236938,0.15496715903282166,0.07607904076576233],[-0.1071581169962883,-0.992247462272644,-0.06294038891792297,0.2688463032245636],[0.16105365753173828,0.04514576494693756,-0.9859126806259155,1.1032884120941162]],"full_resolution":[2064,2272],"relative_focal_length":[0.4356694221496582,0.4339345097541809],"screen_center":[0.6212562918663025,0.5965937376022339],"visualized_dimension":-1}]}
{"camera":{"aperture_size":0.0,"autofocus":false,"autofocus_depth":0.0,"autofocus_target":[0.5,0.5,0.5],"fov_axis":1,"matrix":[[0.9271835684776306,-0.0821431502699852,-0.36548954248428345,0.03275115042924881],[2.7939677238464355e-09,-0.9756619930267334,0.21927864849567413,0.2908584475517273],[-0.37460657954216003,-0.20331145823001862,-0.904618501663208,1.009762167930603]],"relative_focal_length":[1.0,1.0],"scale":0.08390539139509201,"screen_center":[0.4991922974586487,0.5007640719413757],"zoom":1.0},"frame":16,"views":[{"camera0":[[0.9805082082748413,-0.11410080641508102,0.15995070338249207,0.07196156680583954],[-0.1052548885345459,-0.9924629926681519,-0.06275470554828644,0.26936832070350647],[0.16590586304664612,0.04469619691371918,-0.9851283431053162,1.1019558906555176]],"camera1":[[0.9805082082748413,-0.11410080641508102,0.15995070338249207,0.07196156680583954],[-0.1052548885345459,-0.9924629926681519,-0.06275470554828644,0.26936832070350647],[0.16590586304664612,0.04469619691371918,-0.9851283431053162,1.1019558906555176]],"full_resolution":[2064,2272],"relative_focal_length":[0.4356694221496582,0.4339345097541809],"screen_center":[0.3787437081336975,0.5965937376022339],"visualized_dimension":-1},{"camera0":[[0.9805082082748413,-0.11410080641508102,0.15995070338249207,0.07696675509214401],[-0.1052548885345459,-0.9924629926681519,-0.06275470554828644,0.2688310146331787],[0.16590586304664612,0.04469619691371918,-0.9851283431053162,1.1028027534484863]],"camera1":[[0.9805082082748413,-0.11410080641508102,0.15995070338249207,0.07696675509214401],[-0.1052548885345459,-0.9924629926681519,-0.06275470554828644,0.2688310146331787],[0.16590586304664612,0.04469619691371918,-0.9851283431053162,1.1028027534484863]],"full_resolution":[2064,2272],"relative_focal_length":[0.4356694221496582,0.4339345097541809],"screen_center":[0.6212562918663025,0.5965937376022339],"visualized_dimension":-1}]}
