{"camera":{"aperture_size":0.0,"autofocus":false,"autofocus_depth":0.0,"autofocus_target":[0.5,0.5,0.5],"fov_axis":1,"matrix":[[1.0,0.0,0.0,0.0],[0.0,1.0,0.0,0.0],[0.0,0.0,1.0,0.0]],"relative_focal_length":[1.0,1.0],"scale":1.0,"screen_center":[0.4991922974586487,0.5007640719413757],"zoom":1.0},"frame":1,"views":[{"camera0":[[1.0,0.0,0.0,0.0],[0.0,1.0,0.0,0.0],[0.0,0.0,1.0,0.0]],"camera1":[[1.0,0.0,0.0,0.0],[0.0,1.0,0.0,0.0],[0.0,0.0,1.0,0.0]],"full_resolution":[1920,1080],"relative_focal_length":[1.0,1.0],"screen_center":[0.4991922974586487,0.5007640719413757],"visualized_dimension":-1}]}
{"camera":{"aperture_size":0.0,"autofocus":false,"autofocus_depth":0.0,"autofocus_target":[0.5,0.5,0.5],"fov_axis":1,"matrix":[[1.0,0.0,0.0,0.0],[0.0,1.0,0.0,0.0],[0.0,0.0,1.0,0.0]],"relative_focal_length":[1.0,1.0],"scale":1.0,"screen_center":[0.4991922974586487,0.5007640719413757],"zoom":1.0},"frame":1,"views":[{"camera0":[[1.0,0.0,0.0,0.0],[0.0,1.0,0.0,0.0],[0.0,0.0,1.0,0.0]],"camera1":[[1.0,0.0,0.0,0.0],[0.0,1.0,0.0,0.0],[0.0,0.0,1.0,0.0]],"full_resolution":[1920,1080],"relative_focal_length":[1.0,1.0],"screen_center":[0.4991922974586487,0.5007640719413757],"visualized_dimension":-1}]}
{"camera":{"aperture_size":0.0,"autofocus":false,"autofocus_depth":0.0,"autofocus_target":[0.5,0.5,0.5],"fov_axis":1,"matrix":[[1.0,0.0,0.0,0.0],[0.0,1.0,0.0,0.0],[0.0,0.0,1.0,0.0]],"relative_focal_length":[1.0,1.0],"scale":1.0,"screen_center":[0.4991922974586487,0.5007640719413757],"zoom":1.0},"frame":1,"views":[{"camera0":[[1.0,0.0,0.0,0.0],[0.0,1.0,0.0,0.0],[0.0,0.0,1.0,0.0]],"camera1":[[1.0,0.0,0.0,0.0],[0.0,1.0,0.0,0.0],[0.0,0.0,1.0,0.0]],"full_resolution":[1920,1080],"relative_focal_length":[1.0,1.0],"screen_center":[0.4991922974586487,0.5007640719413757],"visualized_dimension":-1}]}
{"camera":{"aperture_size":0.0,"autofocus":false,"autofocus_depth":0.0,"autofocus_target":[0.5,0.5,0.5],"fov_axis":1,"matrix":[[1.0,0.0,0.0,0.0],[0.0,1.0,0.0,0.0],[0.0,0.0,1.0,0.0]],"relative_focal_length":[1.0,1.0],"scale":1.0,"screen_center":[0.4991922974586487,0.5007640719413757],"zoom":1.0},"frame":1,"views":[{"camera0":[[1.0,0.0,0.0,0.0],[0.0,1.0,0.0,0.0],[0.0,0.0,1.0,0.0]],"camera1":[[1.0,0.0,0.0,0.0],[0.0,1.0,0.0,0.0],[0.0,0.0,1.0,0.0]],"full_resolution":[1920,1080],"relative_focal_length":[1.0,1.0],"screen_center":[0.4991922974586487,0.5007640719413757],"visualized_dimension":-1}]}
{"camera":{"aperture_size":0.0,"autofocus":false,"autofocus_depth":0.0,"autofocus_target":[0.5,0.5,0.5],"fov_axis":1,"matrix":[[1.0,0.0,0.0,0.0],[0.0,1.0,0.0,0.0],[0.0,0.0,1.0,0.0]],"relative_focal_length":[1.0,1.0],"scale":1.0,"screen_center":[0.4991922974586487,0.5007640719413757],"zoom":1.0},"frame":1,"views":[{"camera0":[[1.0,0.0,0.0,0.0],[0.0,1.0,0.0,0.0],[0.0,0.0,1.0,0.0]],"camera1":[[1.0,0.0,0.0,0.0],[0.0,1.0,0.0,0.0],[0.0,0.0,1.0,0.0]],"full_resolution":[1920,1080],"relative_focal_length":[1.0,1.0],"screen_center":[0.4991922974586487,0.5007640719413757],"visualized_dimension":-1}]}
{"camera":{"aperture_size":0.0,"autofocus":false,"autofocus_depth":0.0,"autofocus_target":[0.5,0.5,0.5],"fov_axis":1,"matrix":[[1.0,0.0,0.0,0.0],[0.0,1.0,0.0,0.0],[0.0,0.0,1.0,0.0]],"relative_focal_length":[1.0,1.0],"scale":1.0,"screen_center":[0.4991922974586487,0.5007640719413757],"zoom":1.0},"frame":1,"views":[{"camera0":[[1.0,0.0,0.0,0.0],[0.0,1.0,0.0,0.0],[0.0,0.0,1.0,0.0]],"camera1":[[1.0,0.0,0.0,0.0],[0.0,1.0,0.0,0.0],[0.0,0.0,1.0,0.0]],"full_resolution":[1920,1080],"relative_focal_length":[1.0,1.0],"screen_center":[0.4991922974586487,0.5007640719413757],"visualized_dimension":-1}]}
{"camera":{"aperture_size":0.0,"autofocus":false,"autofocus_depth":0.0,"autofocus_target":[0.5,0.5,0.5],"fov_axis":1,"matrix":[[1.0,0.0,0.0,0.0],[0.0,1.0,0.0,0.0],[0.0,0.0,1.0,0.0]],"relative_focal_length":[1.0,1.0],"scale":1.0,"screen_center":[0.4991922974586487,0.5007640719413757],"zoom":1.0},"frame":1,"views":[{"camera0":[[1.0,0.0,0.0,0.0],[0.0,1.0,0.0,0.0],[0.0,0.0,1.0,0.0]],"camera1":[[1.0,0.0,0.0,0.0],[0.0,1.0,0.0,0.0],[0.0,0.0,1.0,0.0]],"full_resolution":[1920,1080],"relative_focal_length":[1.0,1.0],"screen_center":[0.4991922974586487,0.5007640719413757],"visualized_dimension":-1}]}
{"camera":{"aperture_size":0.0,"autofocus":false,"autofocus_depth":0.0,"autofocus_target":[0.5,0.5,0.5],"fov_axis":1,"matrix":[[1.0,0.0,0.0,0.0],[0.0,1.0,0.0,0.0],[0.0,0.0,1.0,0.0]],"relative_focal_length":[1.0,1.0],"scale":1.0,"screen_center":[0.4991922974586487,0.5007640719413757],"zoom":1.0},"frame":1,"views":[{"camera0":[[1.0,0.0,0.0,0.0],[0.0,1.0,0.0,0.0],[0.0,0.0,1.0,0.0]],"camera1":[[1.0,0.0,0.0,0.0],[0.0,1.0,0.0,0.0],[0.0,0.0,1.0,0.0]],"full_resolution":[1920,1080],"relative_focal_length":[1.0,1.0],"screen_center":[0.4991922974586487,0.5007640719413757],"visualized_dimension":-1}]}
{"camera":{"aperture_size":0.0,"autofocus":false,"autofocus_depth":0.0,"autofocus_target":[0.5,0.5,0.5],"fov_axis":1,"matrix":[[1.0,0.0,0.0,0.0],[0.0,1.0,0.0,0.0],[0.0,0.0,1.0,0.0]],"relative_focal_length":[1.0,1.0],"scale":1.0,"screen_center":[0.4991922974586487,0.5007640719413757],"zoom":1.0},"frame":1,"views":[{"camera0":[[1.0,0.0,0.0,0.0],[0.0,1.0,0.0,0.0],[0.0,0.0,1.0,0.0]],"camera1":[[1.0,0.0,0.0,0.0],[0.0,1.0,0.0,0.0],[0.0,0.0,1.0,0.0]],"full_resolution":[1920,1080],"relative_focal_length":[1.0,1.0],"screen_center":[0.4991922974586487,0.5007640719413757],"visualized_dimension":-1}]}
{"camera":{"aperture_size":0.0,"autofocus":false,"autofocus_depth":0.0,"autofocus_target":[0.5,0.5,0.5],"fov_axis":1,"matrix":[[1.0,0.0,0.0,0.0],[0.0,1.0,0.0,0.0],[0.0,0.0,1.0,0.0]],"relative_focal_length":[1.0,1.0],"scale":1.0,"screen_center":[0.4991922974586487,0.5007640719413757],"zoom":1.0},"frame":1,"views":[{"camera0":[[1.0,0.0,0.0,0.0],[0.0,1.0,0.0,0.0],[0.0,0.0,1.0,0.0]],"camera1":[[1.0,0.0,0.0,0.0],[0.0,1.0,0.0,0.0],[0.0,0.0,1.0,0.0]],"full_resolution":[1920,1080],"relative_focal_length":[1.0,1.0],"screen_center":[0.4991922974586487,0.5007640719413757],"visualized_dimension":-1}]}
{"camera":{"aperture_size":0.0,"autofocus":false,"autofocus_depth":0.0,"autofocus_target":[0.5,0.5,0.5],"fov_axis":1,"matrix":[[1.0,0.0,0.0,0.0],[0.0,1.0,0.0,0.0],[0.0,0.0,1.0,0.0]],"relative_focal_length":[1.0,1.0],"scale":1.0,"screen_center":[0.4991922974586487,0.5007640719413757],"zoom":1.0},"frame":1,"views":[{"camera0":[[1.0,0.0,0.0,0.0],[0.0,1.0,0.0,0.0],[0.0,0.0,1.0,0.0]],"camera1":[[1.0,0.0,0.0,0.0],[0.0,1.0,0.0,0.0],[0.0,0.0,1.0,0.0]],"full_resolution":[1920,1080],"relative_focal_length":[1.0,1.0],"screen_center":[0.4991922974586487,0.5007640719413757],"visualized_dimension":-1}]}
{"camera":{"aperture_size":0.0,"autofocus":false,"autofocus_depth":0.0,"autofocus_target":[0.5,0.5,0.5],"fov_axis":1,"matrix":[[1.0,0.0,0.0,0.0],[0.0,1.0,0.0,0.0],[0.0,0.0,1.0,0.0]],"relative_focal_length":[1.0,1.0],"scale":1.0,"screen_center":[0.4991922974586487,0.5007640719413757],"zoom":1.0},"frame":1,"views":[{"camera0":[[1.0,0.0,0.0,0.0],[0.0,1.0,0.0,0.0],[0.0,0.0,1.0,0.0]],"camera1":[[1.0,0.0,0.0,0.0],[0.0,1.0,0.0,0.0],[0.0,0.0,1.0,0.0]],"full_resolution":[1920,1080],"relative_focal_length":[1.0,1.0],"screen_center":[0.4991922974586487,0.5007640719413757],"visualized_dimension":-1}]}
{"camera":{"aperture_size":0.0,"autofocus":false,"autofocus_depth":0.0,"autofocus_target":[0.5,0.5,0.5],"fov_axis":1,"matrix":[[1.0,0.0,0.0,0.0],[0.0,1.0,0.0,0.0],[0.0,0.0,1.0,0.0]],"relative_focal_length":[1.0,1.0],"scale":1.0,"screen_center":[0.4991922974586487,0.5007640719413757],"zoom":1.0},"frame":1,"views":[{"camera0":[[1.0,0.0,0.0,0.0],[0.0,1.0,0.0,0.0],[0.0,0.0,1.0,0.0]],"camera1":[[1.0,0.0,0.0,0.0],[0.0,1.0,0.0,0.0],[0.0,0.0,1.0,0.0]],"full_resolution":[1920,1080],"relative_focal_length":[1.0,1.0],"screen_center":[0.4991922974586487,0.5007640719413757],"visualized_dimension":-1}]}
{"camera":{"aperture_size":0.0,"autofocus":false,"autofocus_depth":0.0,"autofocus_target":[0.5,0.5,0.5],"fov_axis":1,"matrix":[[1.0,0.0,0.0,0.0],[0.0,1.0,0.0,0.0],[0.0,0.0,1.0,0.0]],"relative_focal_length":[1.0,1.0],"scale":1.0,"screen_center":[0.4991922974586487,0.5007640719413757],"zoom":1.0},"frame":1,"views":[{"camera0":[[1.0,0.0,0.0,0.0],[0.0,1.0,0.0,0.0],[0.0,0.0,1.0,0.0]],"camera1":[[1.0,0.0,0.0,0.0],[0.0,1.0,0.0,0.0],[0.0,0.0,1.0,0.0]],"full_resolution":[1920,1080],"relative_focal_length":[1.0,1.0],"screen_center":[0.4991922974586487,0.5007640719413757],"visualized_dimension":-1}]}
{"camera":{"aperture_size":0.0,"autofocus":false,"autofocus_depth":0.0,"autofocus_target":[0.5,0.5,0.5],"fov_axis":1,"matrix":[[1.0,0.0,0.0,0.0],[0.0,1.0,0.0,0.0],[0.0,0.0,1.0,0.0]],"relative_focal_length":[1.0,1.0],"scale":1.0,"screen_center":[0.4991922974586487,0.5007640719413757],"zoom":1.0},"frame":1,"views":[{"camera0":[[1.0,0.0,0.0,0.0],[0.0,1.0,0.0,0.0],[0.0,0.0,1.0,0.0]],"camera1":[[1.0,0.0,0.0,0.0],[0.0,1.0,0.0,0.0],[0.0,0.0,1.0,0.0]],"full_resolution":[1920,1080],"relative_focal_length":[1.0,1.0],"screen_center":[0.4991922974586487,0.5007640719413757],"visualized_dimension":-1}]}
{"camera":{"aperture_size":0.0,"autofocus":false,"autofocus_depth":0.0,"autofocus_target":[0.5,0.5,0.5],"fov_axis":1,"matrix":[[1.0,0.0,0.0,0.0],[0.0,1.0,0.0,0.0],[0.0,0.0,1.0,0.0]],"relative_focal_length":[1.0,1.0],"scale":1.0,"screen_center":[0.4991922974586487,0.5007640719413757],"zoom":1.0},"frame":2,"views":[{"camera0":[[1.0,0.0,0.0,0.0],[0.0,1.0,0.0,0.0],[0.0,0.0,1.0,0.0]],"camera1":[[1.0,0.0,0.0,0.0],[0.0,1.0,0.0,0.0],[0.0,0.0,1.0,0.0]],"full_resolution":[1920,1080],"relative_focal_length":[1.0,1.0],"screen_center":[0.4991922974586487,0.5007640719413757],"visualized_dimension":-1}]}
{"camera":{"aperture_size":0.0,"autofocus":false,"autofocus_depth":0.0,"autofocus_target":[0.5,0.5,0.5],"fov_axis":1,"matrix":[[1.0,0.0,0.0,0.0],[0.0,1.0,0.0,0.0],[0.0,0.0,1.0,0.0]],"relative_focal_length":[1.0,1.0],"scale":1.0,"screen_center":[0.4991922974586487,0.5007640719413757],"zoom":1.0},"frame":3,"views":[{"camera0":[[1.0,0.0,0.0,0.0],[0.0,1.0,0.0,0.0],[0.0,0.0,1.0,0.0]],"camera1":[[1.0,0.0,0.0,0.0],[0.0,1.0,0.0,0.0],[0.0,0.0,1.0,0.0]],"full_resolution":[1920,1080],"relative_focal_length":[1.0,1.0],"screen_center":[0.4991922974586487,0.5007640719413757],"visualized_dimension":-1}]}
{"camera":{"aperture_size":0.0,"autofocus":false,"autofocus_depth":0.0,"autofocus_target":[0.5,0.5,0.5],"fov_axis":1,"matrix":[[1.0,0.0,0.0,0.0],[0.0,1.0,0.0,0.0],[0.0,0.0,1.0,0.0]],"relative_focal_length":[1.0,1.0],"scale":1.0,"screen_center":[0.4991922974586487,0.5007640719413757],"zoom":1.0},"frame":4,"views":[{"camera0":[[1.0,0.0,0.0,0.0],[0.0,1.0,0.0,0.0],[0.0,0.0,1.0,0.0]],"camera1":[[1.0,0.0,0.0,0.0],[0.0,1.0,0.0,0.0],[0.0,0.0,1.0,0.0]],"full_resolution":[1920,1080],"relative_focal_length":[1.0,1.0],"screen_center":[0.4991922974586487,0.5007640719413757],"visualized_dimension":-1}]}
{"camera":{"aperture_size":0.0,"autofocus":false,"autofocus_depth":0.0,"autofocus_target":[0.5,0.5,0.5],"fov_axis":1,"matrix":[[1.0,0.0,0.0,0.0],[0.0,1.0,0.0,0.0],[0.0,0.0,1.0,0.0]],"relative_focal_length":[1.0,1.0],"scale":1.0,"screen_center":[0.4991922974586487,0.5007640719413757],"zoom":1.0},"frame":5,"views":[{"camera0":[[1.0,0.0,0.0,0.0],[0.0,1.0,0.0,0.0],[0.0,0.0,1.0,0.0]],"camera1":[[1.0,0.0,0.0,0.0],[0.0,1.0,0.0,0.0],[0.0,0.0,1.0,0.0]],"full_resolution":[1920,1080],"relative_focal_length":[1.0,1.0],"screen_center":[0.4991922974586487,0.5007640719413757],"visualized_dimension":-1}]}
{"camera":{"aperture_size":0.0,"autofocus":false,"autofocus_depth":0.0,"autofocus_target":[0.5,0.5,0.5],"fov_axis":1,"matrix":[[1.0,0.0,0.0,0.0],[0.0,1.0,0.0,0.0],[0.0,0.0,1.0,0.0]],"relative_focal_length":[1.0,1.0],"scale":1.0,"screen_center":[0.4991922974586487,0.5007640719413757],"zoom":1.0},"frame":6,"views":[{"camera0":[[1.0,0.0,0.0,0.0],[0.0,1.0,0.0,0.0],[0.0,0.0,1.0,0.0]],"camera1":[[1.0,0.0,0.0,0.0],[0.0,1.0,0.0,0.0],[0.0,0.0,1.0,0.0]],"full_resolution":[1920,1080],"relative_focal_length":[1.0,1.0],"screen_center":[0.4991922974586487,0.5007640719413757],"visualized_dimension":-1}]}
{"camera":{"aperture_size":0.0,"autofocus":false,"autofocus_depth":0.0,"autofocus_target":[0.5,0.5,0.5],"fov_axis":1,"matrix":[[1.0,0.0,0.0,0.0],[0.0,1.0,0.0,0.0],[0.0,0.0,1.0,0.0]],"relative_focal_length":[1.0,1.0],"scale":1.0,"screen_center":[0.4991922974586487,0.5007640719413757],"zoom":1.0},"frame":7,"views":[{"camera0":[[1.0,0.0,0.0,0.0],[0.0,1.0,0.0,0.0],[0.0,0.0,1.0,0.0]],"camera1":[[1.0,0.0,0.0,0.0],[0.0,1.0,0.0,0.0],[0.0,0.0,1.0,0.0]],"full_resolution":[1920,1080],"relative_focal_length":[1.0,1.0],"screen_center":[0.4991922974586487,0.5007640719413757],"visualized_dimension":-1}]}
{"camera":{"aperture_size":0.0,"autofocus":false,"autofocus_depth":0.0,"autofocus_target":[0.5,0.5,0.5],"fov_axis":1,"matrix":[[1.0,0.0,0.0,0.0],[0.0,1.0,0.0,0.0],[0.0,0.0,1.0,0.0]],"relative_focal_length":[1.0,1.0],"scale":1.0,"screen_center":[0.4991922974586487,0.5007640719413757],"zoom":1.0},"frame":8,"views":[{"camera0":[[1.0,0.0,0.0,0.0],[0.0,1.0,0.0,0.0],[0.0,0.0,1.0,0.0]],"camera1":[[1.0,0.0,0.0,0.0],[0.0,1.0,0.0,0.0],[0.0,0.0,1.0,0.0]],"full_resolution":[1920,1080],"relative_focal_length":[1.0,1.0],"screen_center":[0.4991922974586487,0.5007640719413757],"visualized_dimension":-1}]}
{"camera":{"aperture_size":0.0,"autofocus":false,"autofocus_depth":0.0,"autofocus_target":[0.5,0.5,0.5],"fov_axis":1,"matrix":[[1.0,0.0,0.0,0.0],[0.0,1.0,0.0,0.0],[0.0,0.0,1.0,0.0]],"relative_focal_length":[1.0,1.0],"scale":1.0,"screen_center":[0.4991922974586487,0.5007640719413757],"zoom":1.0},"frame":9,"views":[{"camera0":[[1.0,0.0,0.0,0.0],[0.0,1.0,0.0,0.0],[0.0,0.0,1.0,0.0]],"camera1":[[1.0,0.0,0.0,0.0],[0.0,1.0,0.0,0.0],[0.0,0.0,1.0,0.0]],"full_resolution":[1920,1080],"relative_focal_length":[1.0,1.0],"screen_center":[0.4991922974586487,0.5007640719413757],"visualized_dimension":-1}]}
{"camera":{"aperture_size":0.0,"autofocus":false,"autofocus_depth":0.0,"autofocus_target":[0.5,0.5,0.5],"fov_axis":1,"matrix":[[1.0,0.0,0.0,0.0],[0.0,1.0,0.0,0.0],[0.0,0.0,1.0,0.0]],"relative_focal_length":[1.0,1.0],"scale":1.0,"screen_center":[0.4991922974586487,0.5007640719413757],"zoom":1.0},"frame":9,"views":[{"camera0":[[1.0,0.0,0.0,0.0],[0.0,1.0,0.0,0.0],[0.0,0.0,1.0,0.0]],"camera1":[[1.0,0.0,0.0,0.0],[0.0,1.0,0.0,0.0],[0.0,0.0,1.0,0.0]],"full_resolution":[1920,1080],"relative_focal_length":[1.0,1.0],"screen_center":[0.4991922974586487,0.5007640719413757],"visualized_dimension":-1}]}
{"camera":{"aperture_size":0.0,"autofocus":false,"autofocus_depth":0.0,"autofocus_target":[0.5,0.5,0.5],"fov_axis":1,"matrix":[[1.0,0.0,0.0,0.0],[0.0,1.0,0.0,0.0],[0.0,0.0,1.0,0.0]],"relative_focal_length":[1.0,1.0],"scale":1.0,"screen_center":[0.4991922974586487,0.5007640719413757],"zoom":1.0},"frame":9,"views":[{"camera0":[[1.0,0.0,0.0,0.0],[0.0,1.0,0.0,0.0],[0.0,0.0,1.0,0.0]],"camera1":[[1.0,0.0,0.0,0.0],[0.0,1.0,0.0,0.0],[0.0,0.0,1.0,0.0]],"full_resolution":[1920,1080],"relative_focal_length":[1.0,1.0],"screen_center":[0.4991922974586487,0.5007640719413757],"visualized_dimension":-1}]}
{"camera":{"aperture_size":0.0,"autofocus":false,"autofocus_depth":0.0,"autofocus_target":[0.5,0.5,0.5],"fov_axis":1,"matrix":[[1.0,0.0,0.0,0.0],[0.0,1.0,0.0,0.0],[0.0,0.0,1.0,0.0]],"relative_focal_length":[1.0,1.0],"scale":1.0,"screen_center":[0.4991922974586487,0.5007640719413757],"zoom":1.0},"frame":9,"views":[{"camera0":[[1.0,0.0,0.0,0.0],[0.0,1.0,0.0,0.0],[0.0,0.0,1.0,0.0]],"camera1":[[1.0,0.0,0.0,0.0],[0.0,1.0,0.0,0.0],[0.0,0.0,1.0,0.0]],"full_resolution":[1920,1080],"relative_focal_length":[1.0,1.0],"screen_center":[0.4991922974586487,0.5007640719413757],"visualized_dimension":-1}]}
{"camera":{"aperture_size":0.0,"autofocus":false,"autofocus_depth":0.0,"autofocus_target":[0.5,0.5,0.5],"fov_axis":1,"matrix":[[1.0,0.0,0.0,0.0],[0.0,1.0,0.0,0.0],[0.0,0.0,1.0,0.0]],"relative_focal_length":[1.0,1.0],"scale":1.0,"screen_center":[0.4991922974586487,0.5007640719413757],"zoom":1.0},"frame":9,"views":[{"camera0":[[1.0,0.0,0.0,0.0],[0.0,1.0,0.0,0.0],[0.0,0.0,1.0,0.0]],"camera1":[[1.0,0.0,0.0,0.0],[0.0,1.0,0.0,0.0],[0.0,0.0,1.0,0.0]],"full_resolution":[1920,1080],"relative_focal_length":[1.0,1.0],"screen_center":[0.4991922974586487,0.5007640719413757],"visualized_dimension":-1}]}
{"camera":{"aperture_size":0.0,"autofocus":false,"autofocus_depth":0.0,"autofocus_target":[0.5,0.5,0.5],"fov_axis":1,"matrix":[[1.0,0.0,0.0,0.0],[0.0,1.0,0.0,0.0],[0.0,0.0,1.0,0.0]],"relative_focal_length":[1.0,1.0],"scale":1.0,"screen_center":[0.4991922974586487,0.5007640719413757],"zoom":1.0},"frame":9,"views":[{"camera0":[[1.0,0.0,0.0,0.0],[0.0,1.0,0.0,0.0],[0.0,0.0,1.0,0.0]],"camera1":[[1.0,0.0,0.0,0.0],[0.0,1.0,0.0,0.0],[0.0,0.0,1.0,0.0]],"full_resolution":[1920,1080],"relative_focal_length":[1.0,1.0],"screen_center":[0.4991922974586487,0.5007640719413757],"visualized_dimension":-1}]}
{"camera":{"aperture_size":0.0,"autofocus":false,"autofocus_depth":0.0,"autofocus_target":[0.5,0.5,0.5],"fov_axis":1,"matrix":[[1.0,0.0,0.0,0.0],[0.0,1.0,0.0,0.0],[0.0,0.0,1.0,0.0]],"relative_focal_length":[1.0,1.0],"scale":1.0,"screen_center":[0.4991922974586487,0.5007640719413757],"zoom":1.0},"frame":10,"views":[{"camera0":[[1.0,0.0,0.0,0.0],[0.0,1.0,0.0,0.0],[0.0,0.0,1.0,0.0]],"camera1":[[1.0,0.0,0.0,0.0],[0.0,1.0,0.0,0.0],[0.0,0.0,1.0,0.0]],"full_resolution":[1920,1080],"relative_focal_length":[1.0,1.0],"screen_center":[0.4991922974586487,0.5007640719413757],"visualized_dimension":-1}]}
{"camera":{"aperture_size":0.0,"autofocus":false,"autofocus_depth":0.0,"autofocus_target":[0.5,0.5,0.5],"fov_axis":1,"matrix":[[1.0,0.0,0.0,0.0],[0.0,1.0,0.0,0.0],[0.0,0.0,1.0,0.0]],"relative_focal_length":[1.0,1.0],"scale":1.0,"screen_center":[0.4991922974586487,0.5007640719413757],"zoom":1.0},"frame":10,"views":[{"camera0":[[1.0,0.0,0.0,0.0],[0.0,1.0,0.0,0.0],[0.0,0.0,1.0,0.0]],"camera1":[[1.0,0.0,0.0,0.0],[0.0,1.0,0.0,0.0],[0.0,0.0,1.0,0.0]],"full_resolution":[1920,1080],"relative_focal_length":[1.0,1.0],"screen_center":[0.4991922974586487,0.5007640719413757],"visualized_dimension":-1}]}
{"camera":{"aperture_size":0.0,"autofocus":false,"autofocus_depth":0.0,"autofocus_target":[0.5,0.5,0.5],"fov_axis":1,"matrix":[[1.0,0.0,0.0,0.0],[0.0,1.0,0.0,0.0],[0.0,0.0,1.0,0.0]],"relative_focal_length":[1.0,1.0],"scale":1.0,"screen_center":[0.4991922974586487,0.5007640719413757],"zoom":1.0},"frame":11,"views":[{"camera0":[[1.0,0.0,0.0,0.0],[0.0,1.0,0.0,0.0],[0.0,0.0,1.0,0.0]],"camera1":[[1.0,0.0,0.0,0.0],[0.0,1.0,0.0,0.0],[0.0,0.0,1.0,0.0]],"full_resolution":[1920,1080],"relative_focal_length":[1.0,1.0],"screen_center":[0.4991922974586487,0.5007640719413757],"visualized_dimension":-1}]}
{"camera":{"aperture_size":0.0,"autofocus":false,"autofocus_depth":0.0,"autofocus_target":[0.5,0.5,0.5],"fov_axis":1,"matrix":[[1.0,0.0,0.0,0.0],[0.0,1.0,0.0,0.0],[0.0,0.0,1.0,0.0]],"relative_focal_length":[1.0,1.0],"scale":1.0,"screen_center":[0.4991922974586487,0.5007640719413757],"zoom":1.0},"frame":12,"views":[{"camera0":[[1.0,0.0,0.0,0.0],[0.0,1.0,0.0,0.0],[0.0,0.0,1.0,0.0]],"camera1":[[1.0,0.0,0.0,0.0],[0.0,1.0,0.0,0.0],[0.0,0.0,1.0,0.0]],"full_resolution":[1920,1080],"relative_focal_length":[1.0,1.0],"screen_center":[0.4991922974586487,0.5007640719413757],"visualized_dimension":-1}]}
{"camera":{"aperture_size":0.0,"autofocus":false,"autofocus_depth":0.0,"autofocus_target":[0.5,0.5,0.5],"fov_axis":1,"matrix":[[1.0,0.0,0.0,0.0],[0.0,1.0,0.0,0.0],[0.0,0.0,1.0,0.0]],"relative_focal_length":[1.0,1.0],"scale":1.0,"screen_center":[0.4991922974586487,0.5007640719413757],"zoom":1.0},"frame":13,"views":[{"camera0":[[1.0,0.0,0.0,0.0],[0.0,1.0,0.0,0.0],[0.0,0.0,1.0,0.0]],"camera1":[[1.0,0.0,0.0,0.0],[0.0,1.0,0.0,0.0],[0.0,0.0,1.0,0.0]],"full_resolution":[1920,1080],"relative_focal_length":[1.0,1.0],"screen_center":[0.4991922974586487,0.5007640719413757],"visualized_dimension":-1}]}
{"camera":{"aperture_size":0.0,"autofocus":false,"autofocus_depth":0.0,"autofocus_target":[0.5,0.5,0.5],"fov_axis":1,"matrix":[[1.0,0.0,0.0,0.0],[0.0,1.0,0.0,0.0],[0.0,0.0,1.0,0.0]],"relative_focal_length":[1.0,1.0],"scale":1.0,"screen_center":[0.4991922974586487,0.5007640719413757],"zoom":1.0},"frame":14,"views":[{"camera0":[[1.0,0.0,0.0,0.0],[0.0,1.0,0.0,0.0],[0.0,0.0,1.0,0.0]],"camera1":[[1.0,0.0,0.0,0.0],[0.0,1.0,0.0,0.0],[0.0,0.0,1.0,0.0]],"full_resolution":[1920,1080],"relative_focal_length":[1.0,1.0],"screen_center":[0.4991922974586487,0.5007640719413757],"visualized_dimension":-1}]}
{"camera":{"aperture_size":0.0,"autofocus":false,"autofocus_depth":0.0,"autofocus_target":[0.5,0.5,0.5],"fov_axis":1,"matrix":[[1.0,0.0,0.0,0.0],[0.0,1.0,0.0,0.0],[0.0,0.0,1.0,0.0]],"relative_focal_length":[1.0,1.0],"scale":1.0,"screen_center":[0.4991922974586487,0.5007640719413757],"zoom":1.0},"frame":15,"views":[{"camera0":[[1.0,0.0,0.0,0.0],[0.0,1.0,0.0,0.0],[0.0,0.0,1.0,0.0]],"camera1":[[1.0,0.0,0.0,0.0],[0.0,1.0,0.0,0.0],[0.0,0.0,1.0,0.0]],"full_resolution":[1920,1080],"relative_focal_length":[1.0,1.0],"screen_center":[0.4991922974586487,0.5007640719413757],"visualized_dimension":-1}]}
{"camera":{"aperture_size":0.0,"autofocus":false,"autofocus_depth":0.0,"autofocus_target":[0.5,0.5,0.5],"fov_axis":1,"matrix":[[1.0,0.0,0.0,0.0],[0.0,1.0,0.0,0.0],[0.0,0.0,1.0,0.0]],"relative_focal_length":[1.0,1.0],"scale":1.0,"screen_center":[0.4991922974586487,0.5007640719413757],"zoom":1.0},"frame":16,"views":[{"camera0":[[1.0,0.0,0.0,0.0],[0.0,1.0,0.0,0.0],[0.0,0.0,1.0,0.0]],"camera1":[[1.0,0.0,0.0,0.0],[0.0,1.0,0.0,0.0],[0.0,0.0,1.0,0.0]],"full_resolution":[1920,1080],"relative_focal_length":[1.0,1.0],"screen_center":[0.4991922974586487,0.5007640719413757],"visualized_dimension":-1}]}
{"camera":{"aperture_size":0.0,"autofocus":false,"autofocus_depth":0.0,"autofocus_target":[0.5,0.5,0.5],"fov_axis":1,"matrix":[[1.0,0.0,0.0,0.0],[0.0,1.0,0.0,0.0],[0.0,0.0,1.0,0.0]],"relative_focal_length":[1.0,1.0],"scale":1.0,"screen_center":[0.4991922974586487,0.5007640719413757],"zoom":1.0},"frame":17,"views":[{"camera0":[[1.0,0.0,0.0,0.0],[0.0,1.0,0.0,0.0],[0.0,0.0,1.0,0.0]],"camera1":[[1.0,0.0,0.0,0.0],[0.0,1.0,0.0,0.0],[0.0,0.0,1.0,0.0]],"full_resolution":[1920,1080],"relative_focal_length":[1.0,1.0],"screen_center":[0.4991922974586487,0.5007640719413757],"visualized_dimension":-1}]}
{"camera":{"aperture_size":0.0,"autofocus":false,"autofocus_depth":0.0,"autofocus_target":[0.5,0.5,0.5],"fov_axis":1,"matrix":[[1.0,0.0,0.0,0.0],[0.0,1.0,0.0,0.0],[0.0,0.0,1.0,0.0]],"relative_focal_length":[1.0,1.0],"scale":1.0,"screen_center":[0.4991922974586487,0.5007640719413757],"zoom":1.0},"frame":17,"views":[{"camera0":[[1.0,0.0,0.0,0.0],[0.0,1.0,0.0,0.0],[0.0,0.0,1.0,0.0]],"camera1":[[1.0,0.0,0.0,0.0],[0.0,1.0,0.0,0.0],[0.0,0.0,1.0,0.0]],"full_resolution":[1920,1080],"relative_focal_length":[1.0,1.0],"screen_center":[0.4991922974586487,0.5007640719413757],"visualized_dimension":-1}]}
{"camera":{"aperture_size":0.0,"autofocus":false,"autofocus_depth":0.0,"autofocus_target":[0.5,0.5,0.5],"fov_axis":1,"matrix":[[1.0,0.0,0.0,0.0],[0.0,1.0,0.0,0.0],[0.0,0.0,1.0,0.0]],"relative_focal_length":[1.0,1.0],"scale":1.0,"screen_center":[0.4991922974586487,0.5007640719413757],"zoom":1.0},"frame":17,"views":[{"camera0":[[1.0,0.0,0.0,0.0],[0.0,1.0,0.0,0.0],[0.0,0.0,1.0,0.0]],"camera1":[[1.0,0.0,0.0,0.0],[0.0,1.0,0.0,0.0],[0.0,0.0,1.0,0.0]],"full_resolution":[1920,1080],"relative_focal_length":[1.0,1.0],"screen_center":[0.4991922974586487,0.5007640719413757],"visualized_dimension":-1}]}
{"camera":{"aperture_size":0.0,"autofocus":false,"autofocus_depth":0.0,"autofocus_target":[0.5,0.5,0.5],"fov_axis":1,"matrix":[[1.0,0.0,0.0,0.0],[0.0,1.0,0.0,0.0],[0.0,0.0,1.0,0.0]],"relative_focal_length":[1.0,1.0],"scale":1.0,"screen_center":[0.4991922974586487,0.5007640719413757],"zoom":1.0},"frame":17,"views":[{"camera0":[[1.0,0.0,0.0,0.0],[0.0,1.0,0.0,0.0],[0.0,0.0,1.0,0.0]],"camera1":[[1.0,0.0,0.0,0.0],[0.0,1.0,0.0,0.0],[0.0,0.0,1.0,0.0]],"full_resolution":[1920,1080],"relative_focal_length":[1.0,1.0],"screen_center":[0.4991922974586487,0.5007640719413757],"visualized_dimension":-1}]}
{"camera":{"aperture_size":0.0,"autofocus":false,"autofocus_depth":0.0,"autofocus_target":[0.5,0.5,0.5],"fov_axis":1,"matrix":[[1.0,0.0,0.0,0.0],[0.0,1.0,0.0,0.0],[0.0,0.0,1.0,0.0]],"relative_focal_length":[1.0,1.0],"scale":1.0,"screen_center":[0.4991922974586487,0.5007640719413757],"zoom":1.0},"frame":18,"views":[{"camera0":[[1.0,0.0,0.0,0.0],[0.0,1.0,0.0,0.0],[0.0,0.0,1.0,0.0]],"camera1":[[1.0,0.0,0.0,0.0],[0.0,1.0,0.0,0.0],[0.0,0.0,1.0,0.0]],"full_resolution":[1920,1080],"relative_focal_length":[1.0,1.0],"screen_center":[0.4991922974586487,0.5007640719413757],"visualized_dimension":-1}]}
{"camera":{"aperture_size":0.0,"autofocus":false,"autofocus_depth":0.0,"autofocus_target":[0.5,0.5,0.5],"fov_axis":1,"matrix":[[1.0,0.0,0.0,0.0],[0.0,1.0,0.0,0.0],[0.0,0.0,1.0,0.0]],"relative_focal_length":[1.0,1.0],"scale":1.0,"screen_center":[0.4991922974586487,0.5007640719413757],"zoom":1.0},"frame":18,"views":[{"camera0":[[1.0,0.0,0.0,0.0],[0.0,1.0,0.0,0.0],[0.0,0.0,1.0,0.0]],"camera1":[[1.0,0.0,0.0,0.0],[0.0,1.0,0.0,0.0],[0.0,0.0,1.0,0.0]],"full_resolution":[1920,1080],"relative_focal_length":[1.0,1.0],"screen_center":[0.4991922974586487,0.5007640719413757],"visualized_dimension":-1}]}
{"camera":{"aperture_size":0.0,"autofocus":false,"autofocus_depth":0.0,"autofocus_target":[0.5,0.5,0.5],"fov_axis":1,"matrix":[[0.9999830722808838,-0.00043958111200481653,-0.005801101215183735,0.005801101215183735],[0.0,0.9971413612365723,-0.0755588486790657,0.0755588486790657],[0.0058177318423986435,0.07555756717920303,0.9971244931221008,0.00287550687789917]],"relative_focal_length":[1.0,1.0],"scale":1.0,"screen_center":[0.4991922974586487,0.5007640719413757],"zoom":1.0},"frame":19,"views":[{"camera0":[[0.9999830722808838,-0.00043958111200481653,-0.005801101215183735,0.005801101215183735],[0.0,0.9971413612365723,-0.0755588486790657,0.0755588486790657],[0.0058177318423986435,0.07555756717920303,0.9971244931221008,0.00287550687789917]],"camera1":[[0.9999830722808838,-0.00043958111200481653,-0.005801101215183735,0.005801101215183735],[0.0,0.9971413612365723,-0.0755588486790657,0.0755588486790657],[0.0058177318423986435,0.07555756717920303,0.9971244931221008,0.00287550687789917]],"full_resolution":[1920,1080],"relative_focal_length":[1.0,1.0],"screen_center":[0.4991922974586487,0.5007640719413757],"visualized_dimension":-1}]}
{"camera":{"aperture_size":0.0,"autofocus":false,"autofocus_depth":0.0,"autofocus_target":[0.5,0.5,0.5],"fov_axis":1,"matrix":[[0.9993907809257507,-0.008639815263450146,-0.03381314128637314,0.03381314128637314],[0.0,0.9688718914985657,-0.2475627362728119,0.2475627362728119],[0.034899499267339706,0.24741192162036896,0.9682816863059998,0.031718313694000244]],"relative_focal_length":[1.0,1.0],"scale":1.0,"screen_center":[0.4991922974586487,0.5007640719413757],"zoom":1.0},"frame":20,"views":[{"camera0":[[0.9993907809257507,-0.008639815263450146,-0.03381314128637314,0.03381314128637314],[0.0,0.9688718914985657,-0.2475627362728119,0.2475627362728119],[0.034899499267339706,0.24741192162036896,0.9682816863059998,0.031718313694000244]],"camera1":[[0.9993907809257507,-0.008639815263450146,-0.03381314128637314,0.03381314128637314],[0.0,0.9688718914985657,-0.2475627362728119,0.2475627362728119],[0.034899499267339706,0.24741192162036896,0.9682816863059998,0.031718313694000244]],"full_resolution":[1920,1080],"relative_focal_length":[1.0,1.0],"screen_center":[0.4991922974586487,0.5007640719413757],"visualized_dimension":-1}]}
{"camera":{"aperture_size":0.0,"autofocus":false,"autofocus_depth":0.0,"autofocus_target":[0.5,0.5,0.5],"fov_axis":1,"matrix":[[0.9983081221580505,-0.029072415083646774,-0.05035489797592163,0.05035489797592163],[-9.313225746154785e-10,0.866025447845459,-0.5,0.5],[0.05814483016729355,0.49915409088134766,0.8645602464675903,0.13543975353240967]],"relative_focal_length":[1.0,1.0],"scale":1.0,"screen_center":[0.4991922974586487,0.5007640719413757],"zoom":1.0},"frame":21,"views":[{"camera0":[[0.9983081221580505,-0.029072415083646774,-0.05035489797592163,0.05035489797592163],[-9.313225746154785e-10,0.866025447845459,-0.5,0.5],[0.05814483016729355,0.49915409088134766,0.8645602464675903,0.13543975353240967]],"camera1":[[0.9983081221580505,-0.029072415083646774,-0.05035489797592163,0.05035489797592163],[-9.313225746154785e-10,0.866025447845459,-0.5,0.5],[0.05814483016729355,0.49915409088134766,0.8645602464675903,0.13543975353240967]],"full_resolution":[1920,1080],"relative_focal_length":[1.0,1.0],"screen_center":[0.4991922974586487,0.5007640719413757],"visualized_dimension":-1}]}
{"camera":{"aperture_size":0.0,"autofocus":false,"autofocus_depth":0.0,"autofocus_target":[0.5,0.5,0.5],"fov_axis":1,"matrix":[[0.9983081221580505,-0.03579753264784813,-0.0458187498152256,0.0458187498152256],[-9.313225746154785e-10,0.7880107760429382,-0.6156615018844604,0.6156615018844604],[0.05814483016729355,0.6146198511123657,0.7866775393486023,0.2133224606513977]],"relative_focal_length":[1.0,1.0],"scale":1.0,"screen_center":[0.4991922974586487,0.5007640719413757],"zoom":1.0},"frame":22,"views":[{"camera0":[[0.9983081221580505,-0.03579753264784813,-0.0458187498152256,0.0458187498152256],[-9.313225746154785e-10,0.7880107760429382,-0.6156615018844604,0.6156615018844604],[0.05814483016729355,0.6146198511123657,0.7866775393486023,0.2133224606513977]],"camera1":[[0.9983081221580505,-0.03579753264784813,-0.0458187498152256,0.0458187498152256],[-9.313225746154785e-10,0.7880107760429382,-0.6156615018844604,0.6156615018844604],[0.05814483016729355,0.6146198511123657,0.7866775393486023,0.2133224606513977]],"full_resolution":[1920,1080],"relative_focal_length":[1.0,1.0],"screen_center":[0.4991922974586487,0.5007640719413757],"visualized_dimension":-1}]}
{"camera":{"aperture_size":0.0,"autofocus":false,"autofocus_depth":0.0,"autofocus_target":[0.5,0.5,0.5],"fov_axis":1,"matrix":[[0.9979529976844788,-0.04946485161781311,-0.04053458943963051,0.04053458943963051],[-9.313225746154785e-10,0.6338310241699219,-0.7734716534614563,0.7734716534614563],[0.06395173072814941,0.771888256072998,0.6325334906578064,0.3674665093421936]],"relative_focal_length":[1.0,1.0],"scale":1.0,"screen_center":[0.4991922974586487,0.5007640719413757],"zoom":1.0},"frame":23,"views":[{"camera0":[[0.9979529976844788,-0.04946485161781311,-0.04053458943963051,0.04053458943963051],[-9.313225746154785e-10,0.6338310241699219,-0.7734716534614563,0.7734716534614563],[0.06395173072814941,0.771888256072998,0.6325334906578064,0.3674665093421936]],"camera1":[[0.9979529976844788,-0.04946485161781311,-0.04053458943963051,0.04053458943963051],[-9.313225746154785e-10,0.6338310241699219,-0.7734716534614563,0.7734716534614563],[0.06395173072814941,0.771888256072998,0.6325334906578064,0.3674665093421936]],"full_resolution":[1920,1080],"relative_focal_length":[1.0,1.0],"screen_center":[0.4991922974586487,0.5007640719413757],"visualized_dimension":-1}]}
{"camera":{"aperture_size":0.0,"autofocus":false,"autofocus_depth":0.0,"autofocus_target":[0.5,0.5,0.5],"fov_axis":1,"matrix":[[0.9975640177726746,-0.06020694598555565,-0.03522910177707672,0.03522910177707672],[0.0,0.5050299167633057,-0.8631019592285156,0.8631019592285156],[0.06975647807121277,0.8609994053840637,0.503799557685852,0.49620044231414795]],"relative_focal_length":[1.0,1.0],"scale":1.0,"screen_center":[0.4991922974586487,0.5007640719413757],"zoom":1.0},"frame":24,"views":[{"camera0":[[0.9975640177726746,-0.06020694598555565,-0.03522910177707672,0.03522910177707672],[0.0,0.5050299167633057,-0.8631019592285156,0.8631019592285156],[0.06975647807121277,0.8609994053840637,0.503799557685852,0.49620044231414795]],"camera1":[[0.9975640177726746,-0.06020694598555565,-0.03522910177707672,0.03522910177707672],[0.0,0.5050299167633057,-0.8631019592285156,0.8631019592285156],[0.06975647807121277,0.8609994053840637,0.503799557685852,0.49620044231414795]],"full_resolution":[1920,1080],"relative_focal_length":[1.0,1.0],"screen_center":[0.4991922974586487,0.5007640719413757],"visualized_dimension":-1}]}
{"camera":{"aperture_size":0.0,"autofocus":false,"autofocus_depth":0.0,"autofocus_target":[0.5,0.5,0.5],"fov_axis":1,"matrix":[[0.9975640177726746,-0.06467708200216293,-0.02613123133778572,0.02613123133778572],[0.0,0.3746066689491272,-0.9271838665008545,0.9271838665008545],[0.06975647807121277,0.9249253273010254,0.3736940026283264,0.6263059973716736]],"relative_focal_length":[1.0,1.0],"scale":1.0,"screen_center":[0.4991922974586487,0.5007640719413757],"zoom":1.0},"frame":25,"views":[{"camera0":[[0.9975640177726746,-0.06467708200216293,-0.02613123133778572,0.02613123133778572],[0.0,0.3746066689491272,-0.9271838665008545,0.9271838665008545],[0.06975647807121277,0.9249253273010254,0.3736940026283264,0.6263059973716736]],"camera1":[[0.9975640177726746,-0.06467708200216293,-0.02613123133778572,0.02613123133778572],[0.0,0.3746066689491272,-0.9271838665008545,0.9271838665008545],[0.06975647807121277,0.9249253273010254,0.3736940026283264,0.6263059973716736]],"full_resolution":[1920,1080],"relative_focal_length":[1.0,1.0],"screen_center":[0.4991922974586487,0.5007640719413757],"visualized_dimension":-1}]}
{"camera":{"aperture_size":0.0,"autofocus":false,"autofocus_depth":0.0,"autofocus_target":[0.5,0.5,0.5],"fov_axis":1,"matrix":[[0.9975640177726746,-0.06778144836425781,-0.016481555998325348,0.016481555998325348],[0.0,0.236272931098938,-0.9716867208480835,0.9716867208480835],[0.06975647807121277,0.9693198204040527,0.23569726943969727,0.7643027305603027]],"relative_focal_length":[1.0,1.0],"scale":1.0,"screen_center":[0.4991922974586487,0.5007640719413757],"zoom":1.0},"frame":25,"views":[{"camera0":[[0.9975640177726746,-0.06778144836425781,-0.016481555998325348,0.016481555998325348],[0.0,0.236272931098938,-0.9716867208480835,0.9716867208480835],[0.06975647807121277,0.9693198204040527,0.23569726943969727,0.7643027305603027]],"camera1":[[0.9975640177726746,-0.06778144836425781,-0.016481555998325348,0.016481555998325348],[0.0,0.236272931098938,-0.9716867208480835,0.9716867208480835],[0.06975647807121277,0.9693198204040527,0.23569726943969727,0.7643027305603027]],"full_resolution":[1920,1080],"relative_focal_length":[1.0,1.0],"screen_center":[0.4991922974586487,0.5007640719413757],"visualized_dimension":-1}]}
{"camera":{"aperture_size":0.0,"autofocus":false,"autofocus_depth":0.0,"autofocus_target":[0.5,0.5,0.5],"fov_axis":1,"matrix":[[0.9975640177726746,-0.06913293153047562,-0.009306177496910095,0.009306177496910095],[0.0,0.13340967893600464,-0.9910609722137451,0.9910609722137451],[0.06975647807121277,0.9886468648910522,0.13308459520339966,0.8669154047966003]],"relative_focal_length":[1.0,1.0],"scale":1.0,"screen_center":[0.4991922974586487,0.5007640719413757],"zoom":1.0},"frame":25,"views":[{"camera0":[[0.9975640177726746,-0.06913293153047562,-0.009306177496910095,0.009306177496910095],[0.0,0.13340967893600464,-0.9910609722137451,0.9910609722137451],[0.06975647807121277,0.9886468648910522,0.13308459520339966,0.8669154047966003]],"camera1":[[0.9975640177726746,-0.06913293153047562,-0.009306177496910095,0.009306177496910095],[0.0,0.13340967893600464,-0.9910609722137451,0.9910609722137451],[0.06975647807121277,0.9886468648910522,0.13308459520339966,0.8669154047966003]],"full_resolution":[1920,1080],"relative_focal_length":[1.0,1.0],"screen_center":[0.4991922974586487,0.5007640719413757],"visualized_dimension":-1}]}
{"camera":{"aperture_size":0.0,"autofocus":false,"autofocus_depth":0.0,"autofocus_target":[0.5,0.5,0.5],"fov_axis":1,"matrix":[[0.9979529976844788,-0.06393443793058395,0.0014880991075187922,-0.0014880991075187922],[0.0,-0.023268938064575195,-0.9997292160987854,0.9997292160987854],[0.06395173817873001,0.9976828098297119,-0.023221388459205627,1.0232213735580444]],"relative_focal_length":[1.0,1.0],"scale":1.0,"screen_center":[0.4991922974586487,0.5007640719413757],"zoom":1.0},"frame":25,"views":[{"camera0":[[0.9979529976844788,-0.06393443793058395,0.0014880991075187922,-0.0014880991075187922],[0.0,-0.023268938064575195,-0.9997292160987854,0.9997292160987854],[0.06395173817873001,0.9976828098297119,-0.023221388459205627,1.0232213735580444]],"camera1":[[0.9979529976844788,-0.06393443793058395,0.0014880991075187922,-0.0014880991075187922],[0.0,-0.023268938064575195,-0.9997292160987854,0.9997292160987854],[0.06395173817873001,0.9976828098297119,-0.023221388459205627,1.0232213735580444]],"full_resolution":[1920,1080],"relative_focal_length":[1.0,1.0],"screen_center":[0.4991922974586487,0.5007640719413757],"visualized_dimension":-1}]}
{"camera":{"aperture_size":0.0,"autofocus":false,"autofocus_depth":0.0,"autofocus_target":[0.5,0.5,0.5],"fov_axis":1,"matrix":[[0.9979529976844788,-0.06196105107665062,0.015832075849175453,-0.015832075849175453],[0.0,-0.2475627213716507,-0.9688718318939209,0.9688718318939209],[0.06395173817873001,0.9668886065483093,-0.2470560371875763,1.247056007385254]],"relative_focal_length":[1.0,1.0],"scale":1.0,"screen_center":[0.4991922974586487,0.5007640719413757],"zoom":1.0},"frame":26,"views":[{"camera0":[[0.9979529976844788,-0.06196105107665062,0.015832075849175453,-0.015832075849175453],[0.0,-0.2475627213716507,-0.9688718318939209,0.9688718318939209],[0.06395173817873001,0.9668886065483093,-0.2470560371875763,1.247056007385254]],"camera1":[[0.9979529976844788,-0.06196105107665062,0.015832075849175453,-0.015832075849175453],[0.0,-0.2475627213716507,-0.9688718318939209,0.9688718318939209],[0.06395173817873001,0.9668886065483093,-0.2470560371875763,1.247056007385254]],"full_resolution":[1920,1080],"relative_focal_length":[1.0,1.0],"screen_center":[0.4991922974586487,0.5007640719413757],"visualized_dimension":-1}]}
{"camera":{"aperture_size":0.0,"autofocus":false,"autofocus_depth":0.0,"autofocus_target":[0.5,0.5,0.5],"fov_axis":1,"matrix":[[0.997952938079834,-0.04993315041065216,0.03995632380247116,-0.03995632380247116],[1.862645149230957e-09,-0.6247885227203369,-0.7807940244674683,0.7807940244674683],[0.06395173817873001,0.7791957855224609,-0.6235096454620361,1.6235096454620361]],"relative_focal_length":[1.0,1.0],"scale":1.0,"screen_center":[0.4991922974586487,0.5007640719413757],"zoom":1.0},"frame":27,"views":[{"camera0":[[0.997952938079834,-0.04993315041065216,0.03995632380247116,-0.03995632380247116],[1.862645149230957e-09,-0.6247885227203369,-0.7807940244674683,0.7807940244674683],[0.06395173817873001,0.7791957855224609,-0.6235096454620361,1.6235096454620361]],"camera1":[[0.997952938079834,-0.04993315041065216,0.03995632380247116,-0.03995632380247116],[1.862645149230957e-09,-0.6247885227203369,-0.7807940244674683,0.7807940244674683],[0.06395173817873001,0.7791957855224609,-0.6235096454620361,1.6235096454620361]],"full_resolution":[1920,1080],"relative_focal_length":[1.0,1.0],"screen_center":[0.4991922974586487,0.5007640719413757],"visualized_dimension":-1}]}
{"camera":{"aperture_size":0.0,"autofocus":false,"autofocus_depth":0.0,"autofocus_target":[0.5,0.5,0.5],"fov_axis":1,"matrix":[[0.9986294507980347,-0.03001868724822998,0.04287111759185791,-0.04287111759185791],[3.725290298461914e-09,-0.8191520571708679,-0.5735764503479004,0.5735764503479004],[0.0523359589278698,0.5727903842926025,-0.8180294632911682,1.8180294036865234]],"relative_focal_length":[1.0,1.0],"scale":1.0,"screen_center":[0.4991922974586487,0.5007640719413757],"zoom":1.0},"frame":28,"views":[{"camera0":[[0.9986294507980347,-0.03001868724822998,0.04287111759185791,-0.04287111759185791],[3.725290298461914e-09,-0.8191520571708679,-0.5735764503479004,0.5735764503479004],[0.0523359589278698,0.5727903842926025,-0.8180294632911682,1.8180294036865234]],"camera1":[[0.9986294507980347,-0.03001868724822998,0.04287111759185791,-0.04287111759185791],[3.725290298461914e-09,-0.8191520571708679,-0.5735764503479004,0.5735764503479004],[0.0523359589278698,0.5727903842926025,-0.8180294632911682,1.8180294036865234]],"full_resolution":[1920,1080],"relative_focal_length":[1.0,1.0],"screen_center":[0.4991922974586487,0.5007640719413757],"visualized_dimension":-1}]}
