{"camera":{"aperture_size":0.0,"autofocus":false,"autofocus_depth":0.0,"autofocus_target":[0.5,0.5,0.5],"fov_axis":1,"matrix":[[0.9271835684776306,-0.0821431502699852,-0.36548954248428345,-0.008114483207464218],[2.7939677238464355e-09,-0.9756619930267334,0.21927864849567413,0.3060380518436432],[-0.37460657954216003,-0.20331145823001862,-0.904618501663208,0.9843733906745911]],"relative_focal_length":[1.0,1.0],"scale":0.08390539139509201,"screen_center":[0.4991922974586487,0.5007640719413757],"zoom":1.0},"frame":1,"views":[{"camera0":[[0.9585041999816895,-0.1150614470243454,-0.2608254551887512,0.007508227601647377],[0.001471441239118576,-0.9129195809364319,0.408136248588562,0.29212531447410583],[-0.2850733995437622,-0.391584187746048,-0.8748687505722046,1.0653012990951538]],"camera1":[[0.9585041999816895,-0.1150614470243454,-0.2608254551887512,0.007508227601647377],[0.001471441239118576,-0.9129195809364319,0.408136248588562,0.29212531447410583],[-0.2850733995437622,-0.391584187746048,-0.8748687505722046,1.0653012990951538]],"full_resolution":[2064,2272],"relative_focal_length":[0.4356694221496582,0.4339345097541809],"screen_center":[0.3787437081336975,0.5965937376022339],"visualized_dimension":-1},{"camera0":[[0.9585041999816895,-0.1150614470243454,-0.2608254551887512,0.012401089072227478],[0.001471441239118576,-0.9129195809364319,0.408136248588562,0.29213282465934753],[-0.2850733995437622,-0.391584187746048,-0.8748687505722046,1.0638461112976074]],"camera1":[[0.9585041999816895,-0.1150614470243454,-0.2608254551887512,0.012401089072227478],[0.001471441239118576,-0.9129195809364319,0.408136248588562,0.29213282465934753],[-0.2850733995437622,-0.391584187746048,-0.8748687505722046,1.0638461112976074]],"full_resolution":[2064,2272],"relative_focal_length":[0.4356694221496582,0.4339345097541809],"screen_center":[0.6212562918663025,0.5965937376022339],"visualized_dimension":-1}]}
{"camera":{"aperture_size":0.0,"autofocus":false,"autofocus_depth":0.0,"autofocus_target":[0.5,0.5,0.5],"fov_axis":1,"matrix":[[0.9271835684776306,-0.0821431502699852,-0.36548954248428345,-0.008114483207464218],[2.7939677238464355e-09,-0.9756619930267334,0.21927864849567413,0.3060380518436432],[-0.37460657954216003,-0.20331145823001862,-0.904618501663208,0.9843733906745911]],"relative_focal_length":[1.0,1.0],"scale":0.08390539139509201,"screen_center":[0.4991922974586487,0.5007640719413757],"zoom":1.0},"frame":2,"views":[{"camera0":[[0.9423819780349731,-0.11192645877599716,-0.3152589797973633,0.006815539672970772],[0.02657482400536537,-0.91434645652771,0.4040592312812805,0.2922375500202179],[-0.3334808945655823,-0.3891561031341553,-0.8586899042129517,1.0651297569274902]],"camera1":[[0.9423819780349731,-0.11192645877599716,-0.3152589797973633,0.006815539672970772],[0.02657482400536537,-0.91434645652771,0.4040592312812805,0.2922375500202179],[-0.3334808945655823,-0.3891561031341553,-0.8586899042129517,1.0651297569274902]],"full_resolution":[2064,2272],"relative_focal_length":[0.4356694221496582,0.4339345097541809],"screen_center":[0.3787437081336975,0.5965937376022339],"visualized_dimension":-1},{"camera0":[[0.9423819780349731,-0.11192645877599716,-0.3152589797973633,0.011626100167632103],[0.02657482400536537,-0.91434645652771,0.4040592312812805,0.2923732101917267],[-0.3334808945655823,-0.3891561031341553,-0.8586899042129517,1.063427448272705]],"camera1":[[0.9423819780349731,-0.11192645877599716,-0.3152589797973633,0.011626100167632103],[0.02657482400536537,-0.91434645652771,0.4040592312812805,0.2923732101917267],[-0.3334808945655823,-0.3891561031341553,-0.8586899042129517,1.063427448272705]],"full_resolution":[2064,2272],"relative_focal_length":[0.4356694221496582,0.4339345097541809],"screen_center":[0.6212562918663025,0.5965937376022339],"visualized_dimension":-1}]}
{"camera":{"aperture_size":0.0,"autofocus":false,"autofocus_depth":0.0,"autofocus_target":[0.5,0.5,0.5],"fov_axis":1,"matrix":[[0.9271835684776306,-0.0821431502699852,-0.36548954248428345,-0.008114483207464218],[2.7939677238464355e-09,-0.9756619930267334,0.21927864849567413,0.3060380518436432],[-0.37460657954216003,-0.20331145823001862,-0.904618501663208,0.9843733906745911]],"relative_focal_length":[1.0,1.0],"scale":0.08390539139509201,"screen_center":[0.4991922974586487,0.5007640719413757],"zoom":1.0},"frame":3,"views":[{"camera0":[[0.9250624775886536,-0.11979702115058899,-0.3604269027709961,0.006406810134649277],[0.03662484139204025,-0.9163978695869446,0.39858871698379517,0.2924305200576782],[-0.37804433703422546,-0.38192006945610046,-0.8433384895324707,1.0649336576461792]],"camera1":[[0.9250624775886536,-0.11979702115058899,-0.3604269027709961,0.006406810134649277],[0.03662484139204025,-0.9163978695869446,0.39858871698379517,0.2924305200576782],[-0.37804433703422546,-0.38192006945610046,-0.8433384895324707,1.0649336576461792]],"full_resolution":[2064,2272],"relative_focal_length":[0.4356694221496582,0.4339345097541809],"screen_center":[0.3787437081336975,0.5965937376022339],"visualized_dimension":-1},{"camera0":[[0.9250624775886536,-0.11979702115058899,-0.3604269027709961,0.01112896017730236],[0.03662484139204025,-0.9163978695869446,0.39858871698379517,0.2926174998283386],[-0.37804433703422546,-0.38192006945610046,-0.8433384895324707,1.0630038976669312]],"camera1":[[0.9250624775886536,-0.11979702115058899,-0.3604269027709961,0.01112896017730236],[0.03662484139204025,-0.9163978695869446,0.39858871698379517,0.2926174998283386],[-0.37804433703422546,-0.38192006945610046,-0.8433384895324707,1.0630038976669312]],"full_resolution":[2064,2272],"relative_focal_length":[0.4356694221496582,0.4339345097541809],"screen_center":[0.6212562918663025,0.5965937376022339],"visualized_dimension":-1}]}
{"camera":{"aperture_size":0.0,"autofocus":false,"autofocus_depth":0.0,"autofocus_target":[0.5,0.5,0.5],"fov_axis":1,"matrix":[[0.9271835684776306,-0.0821431502699852,-0.36548954248428345,-0.008114483207464218],[2.7939677238464355e-09,-0.9756619930267334,0.21927864849567413,0.3060380518436432],[-0.37460657954216003,-0.20331145823001862,-0.904618501663208,0.9843733906745911]],"relative_focal_length":[1.0,1.0],"scale":0.08390539139509201,"screen_center":[0.4991922974586487,0.5007640719413757],"zoom":1.0},"frame":4,"views":[{"camera0":[[0.8910112380981445,-0.13051632046699524,-0.4348147511482239,0.005798923783004284],[0.056994013488292694,-0.9180455803871155,0.39235633611679077,0.2925301790237427],[-0.4503888189792633,-0.3743757903575897,-0.8105510473251343,1.0644117593765259]],"camera1":[[0.8910112380981445,-0.13051632046699524,-0.4348147511482239,0.005798923783004284],[0.056994013488292694,-0.9180455803871155,0.39235633611679077,0.2925301790237427],[-0.4503888189792633,-0.3743757903575897,-0.8105510473251343,1.0644117593765259]],"full_resolution":[2064,2272],"relative_focal_length":[0.4356694221496582,0.4339345097541809],"screen_center":[0.3787437081336975,0.5965937376022339],"visualized_dimension":-1},{"camera0":[[0.8910112380981445,-0.13051632046699524,-0.4348147511482239,0.01034725271165371],[0.056994013488292694,-0.9180455803871155,0.39235633611679077,0.29282110929489136],[-0.4503888189792633,-0.3743757903575897,-0.8105510473251343,1.0621126890182495]],"camera1":[[0.8910112380981445,-0.13051632046699524,-0.4348147511482239,0.01034725271165371],[0.056994013488292694,-0.9180455803871155,0.39235633611679077,0.29282110929489136],[-0.4503888189792633,-0.3743757903575897,-0.8105510473251343,1.0621126890182495]],"full_resolution":[2064,2272],"relative_focal_length":[0.4356694221496582,0.4339345097541809],"screen_center":[0.6212562918663025,0.5965937376022339],"visualized_dimension":-1}]}
{"camera":{"aperture_size":0.0,"autofocus":false,"autofocus_depth":0.0,"autofocus_target":[0.5,0.5,0.5],"fov_axis":1,"matrix":[[0.9271835684776306,-0.0821431502699852,-0.36548954248428345,-0.008114483207464218],[2.7939677238464355e-09,-0.9756619930267334,0.21927864849567413,0.3060380518436432],[-0.37460657954216003,-0.20331145823001862,-0.904618501663208,0.9843733906745911]],"relative_focal_length":[1.0,1.0],"scale":0.08390539139509201,"screen_center":[0.4991922974586487,0.5007640719413757],"zoom":1.0},"frame":5,"views":[{"camera0":[[0.872662365436554,-0.11432351171970367,-0.47475266456604004,0.005934624932706356],[0.08004311472177505,-0.9255712032318115,0.3700143098831177,0.2924913465976715],[-0.48171889781951904,-0.3608982264995575,-0.7985610365867615,1.0641857385635376]],"camera1":[[0.872662365436554,-0.11432351171970367,-0.47475266456604004,0.005934624932706356],[0.08004311472177505,-0.9255712032318115,0.3700143098831177,0.2924913465976715],[-0.48171889781951904,-0.3608982264995575,-0.7985610365867615,1.0641857385635376]],"full_resolution":[2064,2272],"relative_focal_length":[0.4356694221496582,0.4339345097541809],"screen_center":[0.3787437081336975,0.5965937376022339],"visualized_dimension":-1},{"camera0":[[0.872662365436554,-0.11432351171970367,-0.47475266456604004,0.010389290750026703],[0.08004311472177505,-0.9255712032318115,0.3700143098831177,0.2928999364376068],[-0.48171889781951904,-0.3608982264995575,-0.7985610365867615,1.061726689338684]],"camera1":[[0.872662365436554,-0.11432351171970367,-0.47475266456604004,0.010389290750026703],[0.08004311472177505,-0.9255712032318115,0.3700143098831177,0.2928999364376068],[-0.48171889781951904,-0.3608982264995575,-0.7985610365867615,1.061726689338684]],"full_resolution":[2064,2272],"relative_focal_length":[0.4356694221496582,0.4339345097541809],"screen_center":[0.6212562918663025,0.5965937376022339],"visualized_dimension":-1}]}
{"camera":{"aperture_size":0.0,"autofocus":false,"autofocus_depth":0.0,"autofocus_target":[0.5,0.5,0.5],"fov_axis":1,"matrix":[[0.9271835684776306,-0.0821431502699852,-0.36548954248428345,-0.008114483207464218],[2.7939677238464355e-09,-0.9756619930267334,0.21927864849567413,0.3060380518436432],[-0.37460657954216003,-0.20331145823001862,-0.904618501663208,0.9843733906745911]],"relative_focal_length":[1.0,1.0],"scale":0.08390539139509201,"screen_center":[0.4991922974586487,0.5007640719413757],"zoom":1.0},"frame":6,"views":[{"camera0":[[0.8402451276779175,-0.11845003068447113,-0.5291096568107605,0.006020151078701019],[0.11615481227636337,-0.9138672947883606,0.3890426456928253,0.29254424571990967],[-0.5296183824539185,-0.3883499205112457,-0.7541147470474243,1.0640690326690674]],"camera1":[[0.8402451276779175,-0.11845003068447113,-0.5291096568107605,0.006020151078701019],[0.11615481227636337,-0.9138672947883606,0.3890426456928253,0.29254424571990967],[-0.5296183824539185,-0.3883499205112457,-0.7541147470474243,1.0640690326690674]],"full_resolution":[2064,2272],"relative_focal_length":[0.4356694221496582,0.4339345097541809],"screen_center":[0.3787437081336975,0.5965937376022339],"visualized_dimension":-1},{"camera0":[[0.8402451276779175,-0.11845003068447113,-0.5291096568107605,0.010309336706995964],[0.11615481227636337,-0.9138672947883606,0.3890426456928253,0.29313716292381287],[-0.5296183824539185,-0.3883499205112457,-0.7541147470474243,1.0613654851913452]],"camera1":[[0.8402451276779175,-0.11845003068447113,-0.5291096568107605,0.010309336706995964],[0.11615481227636337,-0.9138672947883606,0.3890426456928253,0.29313716292381287],[-0.5296183824539185,-0.3883499205112457,-0.7541147470474243,1.0613654851913452]],"full_resolution":[2064,2272],"relative_focal_length":[0.4356694221496582,0.4339345097541809],"screen_center":[0.6212562918663025,0.5965937376022339],"visualized_dimension":-1}]}
{"camera":{"aperture_size":0.0,"autofocus":false,"autofocus_depth":0.0,"autofocus_target":[0.5,0.5,0.5],"fov_axis":1,"matrix":[[0.9271835684776306,-0.0821431502699852,-0.36548954248428345,-0.008114483207464218],[2.7939677238464355e-09,-0.9756619930267334,0.21927864849567413,0.3060380518436432],[-0.37460657954216003,-0.20331145823001862,-0.904618501663208,0.9843733906745911]],"relative_focal_length":[1.0,1.0],"scale":0.08390539139509201,"screen_center":[0.4991922974586487,0.5007640719413757],"zoom":1.0},"frame":7,"views":[{"camera0":[[0.8073760271072388,-0.1590394675731659,-0.5681988000869751,0.006317518651485443],[0.12755736708641052,-0.8931693434715271,0.43125057220458984,0.29305389523506165],[-0.5760838985443115,-0.4206593632698059,-0.7008375525474548,1.0640982389450073]],"camera1":[[0.8073760271072388,-0.1590394675731659,-0.5681988000869751,0.006317518651485443],[0.12755736708641052,-0.8931693434715271,0.43125057220458984,0.29305389523506165],[-0.5760838985443115,-0.4206593632698059,-0.7008375525474548,1.0640982389450073]],"full_resolution":[2064,2272],"relative_focal_length":[0.4356694221496582,0.4339345097541809],"screen_center":[0.3787437081336975,0.5965937376022339],"visualized_dimension":-1},{"camera0":[[0.8073760271072388,-0.1590394675731659,-0.5681988000869751,0.010438917204737663],[0.12755736708641052,-0.8931693434715271,0.43125057220458984,0.2937050461769104],[-0.5760838985443115,-0.4206593632698059,-0.7008375525474548,1.061157464981079]],"camera1":[[0.8073760271072388,-0.1590394675731659,-0.5681988000869751,0.010438917204737663],[0.12755736708641052,-0.8931693434715271,0.43125057220458984,0.2937050461769104],[-0.5760838985443115,-0.4206593632698059,-0.7008375525474548,1.061157464981079]],"full_resolution":[2064,2272],"relative_focal_length":[0.4356694221496582,0.4339345097541809],"screen_center":[0.6212562918663025,0.5965937376022339],"visualized_dimension":-1}]}
{"camera":{"aperture_size":0.0,"autofocus":false,"autofocus_depth":0.0,"autofocus_target":[0.5,0.5,0.5],"fov_axis":1,"matrix":[[0.9271835684776306,-0.0821431502699852,-0.36548954248428345,-0.008114483207464218],[2.7939677238464355e-09,-0.9756619930267334,0.21927864849567413,0.3060380518436432],[-0.37460657954216003,-0.20331145823001862,-0.904618501663208,0.9843733906745911]],"relative_focal_length":[1.0,1.0],"scale":0.08390539139509201,"screen_center":[0.4991922974586487,0.5007640719413757],"zoom":1.0},"frame":8,"views":[{"camera0":[[0.7673049569129944,-0.17989914119243622,-0.615531325340271,0.006945564411580563],[0.13485273718833923,-0.8931179046630859,0.4291323721408844,0.293070912361145],[-0.6269428730010986,-0.4122815728187561,-0.6610345840454102,1.0638922452926636]],"camera1":[[0.7673049569129944,-0.17989914119243622,-0.615531325340271,0.006945564411580563],[0.13485273718833923,-0.8931179046630859,0.4291323721408844,0.293070912361145],[-0.6269428730010986,-0.4122815728187561,-0.6610345840454102,1.0638922452926636]],"full_resolution":[2064,2272],"relative_focal_length":[0.4356694221496582,0.4339345097541809],"screen_center":[0.3787437081336975,0.5965937376022339],"visualized_dimension":-1},{"camera0":[[0.7673049569129944,-0.17989914119243622,-0.615531325340271,0.010862410068511963],[0.13485273718833923,-0.8931179046630859,0.4291323721408844,0.2937593162059784],[-0.6269428730010986,-0.4122815728187561,-0.6610345840454102,1.0606918334960938]],"camera1":[[0.7673049569129944,-0.17989914119243622,-0.615531325340271,0.010862410068511963],[0.13485273718833923,-0.8931179046630859,0.4291323721408844,0.2937593162059784],[-0.6269428730010986,-0.4122815728187561,-0.6610345840454102,1.0606918334960938]],"full_resolution":[2064,2272],"relative_focal_length":[0.4356694221496582,0.4339345097541809],"screen_center":[0.6212562918663025,0.5965937376022339],"visualized_dimension":-1}]}
{"camera":{"aperture_size":0.0,"autofocus":false,"autofocus_depth":0.0,"autofocus_target":[0.5,0.5,0.5],"fov_axis":1,"matrix":[[0.9271835684776306,-0.0821431502699852,-0.36548954248428345,-0.008114483207464218],[2.7939677238464355e-09,-0.9756619930267334,0.21927864849567413,0.3060380518436432],[-0.37460657954216003,-0.20331145823001862,-0.904618501663208,0.9843733906745911]],"relative_focal_length":[1.0,1.0],"scale":0.08390539139509201,"screen_center":[0.4991922974586487,0.5007640719413757],"zoom":1.0},"frame":9,"views":[{"camera0":[[0.73267662525177,-0.19529718160629272,-0.6519535183906555,0.007672986015677452],[0.13779233396053314,-0.8955357670783997,0.423117458820343,0.293285608291626],[-0.6664817333221436,-0.3998425602912903,-0.6292283535003662,1.0636311769485474]],"camera1":[[0.73267662525177,-0.19529718160629272,-0.6519535183906555,0.007672986015677452],[0.13779233396053314,-0.8955357670783997,0.423117458820343,0.293285608291626],[-0.6664817333221436,-0.3998425602912903,-0.6292283535003662,1.0636311769485474]],"full_resolution":[2064,2272],"relative_focal_length":[0.4356694221496582,0.4339345097541809],"screen_center":[0.3787437081336975,0.5965937376022339],"visualized_dimension":-1},{"camera0":[[0.73267662525177,-0.19529718160629272,-0.6519535183906555,0.01141306571662426],[0.13779233396053314,-0.8955357670783997,0.423117458820343,0.293988972902298],[-0.6664817333221436,-0.3998425602912903,-0.6292283535003662,1.060228943824768]],"camera1":[[0.73267662525177,-0.19529718160629272,-0.6519535183906555,0.01141306571662426],[0.13779233396053314,-0.8955357670783997,0.423117458820343,0.293988972902298],[-0.6664817333221436,-0.3998425602912903,-0.6292283535003662,1.060228943824768]],"full_resolution":[2064,2272],"relative_focal_length":[0.4356694221496582,0.4339345097541809],"screen_center":[0.6212562918663025,0.5965937376022339],"visualized_dimension":-1}]}
{"camera":{"aperture_size":0.0,"autofocus":false,"autofocus_depth":0.0,"autofocus_target":[0.5,0.5,0.5],"fov_axis":1,"matrix":[[0.9271835684776306,-0.0821431502699852,-0.36548954248428345,-0.008114483207464218],[2.7939677238464355e-09,-0.9756619930267334,0.21927864849567413,0.3060380518436432],[-0.37460657954216003,-0.20331145823001862,-0.904618501663208,0.9843733906745911]],"relative_focal_length":[1.0,1.0],"scale":0.08390539139509201,"screen_center":[0.4991922974586487,0.5007640719413757],"zoom":1.0},"frame":10,"views":[{"camera0":[[0.7284803986549377,-0.19686853885650635,-0.6561695337295532,0.008136488497257233],[0.13242079317569733,-0.8992892503738403,0.41682493686676025,0.29341426491737366],[-0.6721463203430176,-0.39053934812545776,-0.6290457844734192,1.0634125471115112]],"camera1":[[0.7284803986549377,-0.19686853885650635,-0.6561695337295532,0.008136488497257233],[0.13242079317569733,-0.8992892503738403,0.41682493686676025,0.29341426491737366],[-0.6721463203430176,-0.39053934812545776,-0.6290457844734192,1.0634125471115112]],"full_resolution":[2064,2272],"relative_focal_length":[0.4356694221496582,0.4339345097541809],"screen_center":[0.3787437081336975,0.5965937376022339],"visualized_dimension":-1},{"camera0":[[0.7284803986549377,-0.19686853885650635,-0.6561695337295532,0.011855149641633034],[0.13242079317569733,-0.8992892503738403,0.41682493686676025,0.29409024119377136],[-0.6721463203430176,-0.39053934812545776,-0.6290457844734192,1.0599814653396606]],"camera1":[[0.7284803986549377,-0.19686853885650635,-0.6561695337295532,0.011855149641633034],[0.13242079317569733,-0.8992892503738403,0.41682493686676025,0.29409024119377136],[-0.6721463203430176,-0.39053934812545776,-0.6290457844734192,1.0599814653396606]],"full_resolution":[2064,2272],"relative_focal_length":[0.4356694221496582,0.4339345097541809],"screen_center":[0.6212562918663025,0.5965937376022339],"visualized_dimension":-1}]}
{"camera":{"aperture_size":0.0,"autofocus":false,"autofocus_depth":0.0,"autofocus_target":[0.5,0.5,0.5],"fov_axis":1,"matrix":[[0.9271835684776306,-0.0821431502699852,-0.36548954248428345,-0.008114483207464218],[2.7939677238464355e-09,-0.9756619930267334,0.21927864849567413,0.3060380518436432],[-0.37460657954216003,-0.20331145823001862,-0.904618501663208,0.9843733906745911]],"relative_focal_length":[1.0,1.0],"scale":0.08390539139509201,"screen_center":[0.4991922974586487,0.5007640719413757],"zoom":1.0},"frame":10,"views":[{"camera0":[[0.7092671990394592,-0.21371734142303467,-0.6717621684074402,0.008947720751166344],[0.12540271878242493,-0.8994846343994141,0.4185701608657837,0.29364803433418274],[-0.6936958432197571,-0.3811189532279968,-0.6111748218536377,1.0629839897155762]],"camera1":[[0.7092671990394592,-0.21371734142303467,-0.6717621684074402,0.008947720751166344],[0.12540271878242493,-0.8994846343994141,0.4185701608657837,0.29364803433418274],[-0.6936958432197571,-0.3811189532279968,-0.6111748218536377,1.0629839897155762]],"full_resolution":[2064,2272],"relative_focal_length":[0.4356694221496582,0.4339345097541809],"screen_center":[0.3787437081336975,0.5965937376022339],"visualized_dimension":-1},{"camera0":[[0.7092671990394592,-0.21371734142303467,-0.6717621684074402,0.012568306177854538],[0.12540271878242493,-0.8994846343994141,0.4185701608657837,0.29428818821907043],[-0.6936958432197571,-0.3811189532279968,-0.6111748218536377,1.0594428777694702]],"camera1":[[0.7092671990394592,-0.21371734142303467,-0.6717621684074402,0.012568306177854538],[0.12540271878242493,-0.8994846343994141,0.4185701608657837,0.29428818821907043],[-0.6936958432197571,-0.3811189532279968,-0.6111748218536377,1.0594428777694702]],"full_resolution":[2064,2272],"relative_focal_length":[0.4356694221496582,0.4339345097541809],"screen_center":[0.6212562918663025,0.5965937376022339],"visualized_dimension":-1}]}
{"camera":{"aperture_size":0.0,"autofocus":false,"autofocus_depth":0.0,"autofocus_target":[0.5,0.5,0.5],"fov_axis":1,"matrix":[[0.9271835684776306,-0.0821431502699852,-0.36548954248428345,-0.008114483207464218],[2.7939677238464355e-09,-0.9756619930267334,0.21927864849567413,0.3060380518436432],[-0.37460657954216003,-0.20331145823001862,-0.904618501663208,0.9843733906745911]],"relative_focal_length":[1.0,1.0],"scale":0.08390539139509201,"screen_center":[0.4991922974586487,0.5007640719413757],"zoom":1.0},"frame":11,"views":[{"camera0":[[0.7053446769714355,-0.21569426357746124,-0.6752512454986572,0.009372707456350327],[0.1288398802280426,-0.8977063894271851,0.42133471369743347,0.293593168258667],[-0.6970571875572205,-0.3841855823993683,-0.6054031848907471,1.0626660585403442]],"camera1":[[0.7053446769714355,-0.21569426357746124,-0.6752512454986572,0.009372707456350327],[0.1288398802280426,-0.8977063894271851,0.42133471369743347,0.293593168258667],[-0.6970571875572205,-0.3841855823993683,-0.6054031848907471,1.0626660585403442]],"full_resolution":[2064,2272],"relative_focal_length":[0.4356694221496582,0.4339345097541809],"screen_center":[0.3787437081336975,0.5965937376022339],"visualized_dimension":-1},{"camera0":[[0.7053446769714355,-0.21569426357746124,-0.6752512454986572,0.01297326572239399],[0.1288398802280426,-0.8977063894271851,0.42133471369743347,0.29425087571144104],[-0.6970571875572205,-0.3841855823993683,-0.6054031848907471,1.059107780456543]],"camera1":[[0.7053446769714355,-0.21569426357746124,-0.6752512454986572,0.01297326572239399],[0.1288398802280426,-0.8977063894271851,0.42133471369743347,0.29425087571144104],[-0.6970571875572205,-0.3841855823993683,-0.6054031848907471,1.059107780456543]],"full_resolution":[2064,2272],"relative_focal_length":[0.4356694221496582,0.4339345097541809],"screen_center":[0.6212562918663025,0.5965937376022339],"visualized_dimension":-1}]}
{"camera":{"aperture_size":0.0,"autofocus":false,"autofocus_depth":0.0,"autofocus_target":[0.5,0.5,0.5],"fov_axis":1,"matrix":[[0.9271835684776306,-0.0821431502699852,-0.36548954248428345,-0.008114483207464218],[2.7939677238464355e-09,-0.9756619930267334,0.21927864849567413,0.3060380518436432],[-0.37460657954216003,-0.20331145823001862,-0.904618501663208,0.9843733906745911]],"relative_focal_length":[1.0,1.0],"scale":0.08390539139509201,"screen_center":[0.4991922974586487,0.5007640719413757],"zoom":1.0},"frame":11,"views":[{"camera0":[[0.6835446953773499,-0.22486194968223572,-0.6944085359573364,0.010174619033932686],[0.13048985600471497,-0.8983907699584961,0.4193635582923889,0.2936599850654602],[-0.7181495428085327,-0.37726709246635437,-0.5847486853599548,1.0621757507324219]],"camera1":[[0.6835446953773499,-0.22486194968223572,-0.6944085359573364,0.010174619033932686],[0.13048985600471497,-0.8983907699584961,0.4193635582923889,0.2936599850654602],[-0.7181495428085327,-0.37726709246635437,-0.5847486853599548,1.0621757507324219]],"full_resolution":[2064,2272],"relative_focal_length":[0.4356694221496582,0.4339345097541809],"screen_center":[0.3787437081336975,0.5965937376022339],"visualized_dimension":-1},{"camera0":[[0.6835446953773499,-0.22486194968223572,-0.6944085359573364,0.013663899153470993],[0.13048985600471497,-0.8983907699584961,0.4193635582923889,0.2943260967731476],[-0.7181495428085327,-0.37726709246635437,-0.5847486853599548,1.0585098266601563]],"camera1":[[0.6835446953773499,-0.22486194968223572,-0.6944085359573364,0.013663899153470993],[0.13048985600471497,-0.8983907699584961,0.4193635582923889,0.2943260967731476],[-0.7181495428085327,-0.37726709246635437,-0.5847486853599548,1.0585098266601563]],"full_resolution":[2064,2272],"relative_focal_length":[0.4356694221496582,0.4339345097541809],"screen_center":[0.6212562918663025,0.5965937376022339],"visualized_dimension":-1}]}
{"camera":{"aperture_size":0.0,"autofocus":false,"autofocus_depth":0.0,"autofocus_target":[0.5,0.5,0.5],"fov_axis":1,"matrix":[[0.9271835684776306,-0.0821431502699852,-0.36548954248428345,-0.008114483207464218],[2.7939677238464355e-09,-0.9756619930267334,0.21927864849567413,0.3060380518436432],[-0.37460657954216003,-0.20331145823001862,-0.904618501663208,0.9843733906745911]],"relative_focal_length":[1.0,1.0],"scale":0.08390539139509201,"screen_center":[0.4991922974586487,0.5007640719413757],"zoom":1.0},"frame":12,"views":[{"camera0":[[0.6723453998565674,-0.22584587335586548,-0.704943060874939,0.010520914569497108],[0.12730561196804047,-0.9028525948524475,0.41067007184028625,0.2936357259750366],[-0.72920823097229,-0.36585545539855957,-0.5782780051231384,1.0618330240249634]],"camera1":[[0.6723453998565674,-0.22584587335586548,-0.704943060874939,0.010520914569497108],[0.12730561196804047,-0.9028525948524475,0.41067007184028625,0.2936357259750366],[-0.72920823097229,-0.36585545539855957,-0.5782780051231384,1.0618330240249634]],"full_resolution":[2064,2272],"relative_focal_length":[0.4356694221496582,0.4339345097541809],"screen_center":[0.3787437081336975,0.5965937376022339],"visualized_dimension":-1},{"camera0":[[0.6723453998565674,-0.22584587335586548,-0.704943060874939,0.01395302265882492],[0.12730561196804047,-0.9028525948524475,0.41067007184028625,0.2942855656147003],[-0.72920823097229,-0.36585545539855957,-0.5782780051231384,1.0581105947494507]],"camera1":[[0.6723453998565674,-0.22584587335586548,-0.704943060874939,0.01395302265882492],[0.12730561196804047,-0.9028525948524475,0.41067007184028625,0.2942855656147003],[-0.72920823097229,-0.36585545539855957,-0.5782780051231384,1.0581105947494507]],"full_resolution":[2064,2272],"relative_focal_length":[0.4356694221496582,0.4339345097541809],"screen_center":[0.6212562918663025,0.5965937376022339],"visualized_dimension":-1}]}
{"camera":{"aperture_size":0.0,"autofocus":false,"autofocus_depth":0.0,"autofocus_target":[0.5,0.5,0.5],"fov_axis":1,"matrix":[[0.9271835684776306,-0.0821431502699852,-0.36548954248428345,-0.008114483207464218],[2.7939677238464355e-09,-0.9756619930267334,0.21927864849567413,0.3060380518436432],[-0.37460657954216003,-0.20331145823001862,-0.904618501663208,0.9843733906745911]],"relative_focal_length":[1.0,1.0],"scale":0.08390539139509201,"screen_center":[0.4991922974586487,0.5007640719413757],"zoom":1.0},"frame":13,"views":[{"camera0":[[0.6503270268440247,-0.23455646634101868,-0.7225354909896851,0.0112688597291708],[0.12083237618207932,-0.9070881605148315,0.4032245874404907,0.29362303018569946],[-0.7499827146530151,-0.3495335876941681,-0.5615625381469727,1.0611865520477295]],"camera1":[[0.6503270268440247,-0.23455646634101868,-0.7225354909896851,0.0112688597291708],[0.12083237618207932,-0.9070881605148315,0.4032245874404907,0.29362303018569946],[-0.7499827146530151,-0.3495335876941681,-0.5615625381469727,1.0611865520477295]],"full_resolution":[2064,2272],"relative_focal_length":[0.4356694221496582,0.4339345097541809],"screen_center":[0.3787437081336975,0.5965937376022339],"visualized_dimension":-1},{"camera0":[[0.6503270268440247,-0.23455646634101868,-0.7225354909896851,0.014588570222258568],[0.12083237618207932,-0.9070881605148315,0.4032245874404907,0.2942398488521576],[-0.7499827146530151,-0.3495335876941681,-0.5615625381469727,1.0573581457138062]],"camera1":[[0.6503270268440247,-0.23455646634101868,-0.7225354909896851,0.014588570222258568],[0.12083237618207932,-0.9070881605148315,0.4032245874404907,0.2942398488521576],[-0.7499827146530151,-0.3495335876941681,-0.5615625381469727,1.0573581457138062]],"full_resolution":[2064,2272],"relative_focal_length":[0.4356694221496582,0.4339345097541809],"screen_center":[0.6212562918663025,0.5965937376022339],"visualized_dimension":-1}]}
{"camera":{"aperture_size":0.0,"autofocus":false,"autofocus_depth":0.0,"autofocus_target":[0.5,0.5,0.5],"fov_axis":1,"matrix":[[0.9271835684776306,-0.0821431502699852,-0.36548954248428345,-0.008114483207464218],[2.7939677238464355e-09,-0.9756619930267334,0.21927864849567413,0.3060380518436432],[-0.37460657954216003,-0.20331145823001862,-0.904618501663208,0.9843733906745911]],"relative_focal_length":[1.0,1.0],"scale":0.08390539139509201,"screen_center":[0.4991922974586487,0.5007640719413757],"zoom":1.0},"frame":14,"views":[{"camera0":[[0.6424591541290283,-0.24148331582546234,-0.7272768020629883,0.011554373428225517],[0.10373156517744064,-0.912911593914032,0.39475518465042114,0.2936124801635742],[-0.7592666149139404,-0.32905563712120056,-0.561459481716156,1.060688853263855]],"camera1":[[0.6424591541290283,-0.24148331582546234,-0.7272768020629883,0.011554373428225517],[0.10373156517744064,-0.912911593914032,0.39475518465042114,0.2936124801635742],[-0.7592666149139404,-0.32905563712120056,-0.561459481716156,1.060688853263855]],"full_resolution":[2064,2272],"relative_focal_length":[0.4356694221496582,0.4339345097541809],"screen_center":[0.3787437081336975,0.5965937376022339],"visualized_dimension":-1},{"camera0":[[0.6424591541290283,-0.24148331582546234,-0.7272768020629883,0.014833923429250717],[0.10373156517744064,-0.912911593914032,0.39475518465042114,0.2941420078277588],[-0.7592666149139404,-0.32905563712120056,-0.561459481716156,1.05681312084198]],"camera1":[[0.6424591541290283,-0.24148331582546234,-0.7272768020629883,0.014833923429250717],[0.10373156517744064,-0.912911593914032,0.39475518465042114,0.2941420078277588],[-0.7592666149139404,-0.32905563712120056,-0.561459481716156,1.05681312084198]],"full_resolution":[2064,2272],"relative_focal_length":[0.4356694221496582,0.4339345097541809],"screen_center":[0.6212562918663025,0.5965937376022339],"visualized_dimension":-1}]}
{"camera":{"aperture_size":0.0,"autofocus":false,"autofocus_depth":0.0,"autofocus_target":[0.5,0.5,0.5],"fov_axis":1,"matrix":[[0.9271835684776306,-0.0821431502699852,-0.36548954248428345,-0.008114483207464218],[2.7939677238464355e-09,-0.9756619930267334,0.21927864849567413,0.3060380518436432],[-0.37460657954216003,-0.20331145823001862,-0.904618501663208,0.9843733906745911]],"relative_focal_length":[1.0,1.0],"scale":0.08390539139509201,"screen_center":[0.4991922974586487,0.5007640719413757],"zoom":1.0},"frame":14,"views":[{"camera0":[[0.628303050994873,-0.25349050760269165,-0.7355116605758667,0.01217254251241684],[0.08214594423770905,-0.9185237884521484,0.3867371678352356,0.29372528195381165],[-0.773619532585144,-0.3034074306488037,-0.5562887191772461,1.0597435235977173]],"camera1":[[0.628303050994873,-0.25349050760269165,-0.7355116605758667,0.01217254251241684],[0.08214594423770905,-0.9185237884521484,0.3867371678352356,0.29372528195381165],[-0.773619532585144,-0.3034074306488037,-0.5562887191772461,1.0597435235977173]],"full_resolution":[2064,2272],"relative_focal_length":[0.4356694221496582,0.4339345097541809],"screen_center":[0.3787437081336975,0.5965937376022339],"visualized_dimension":-1},{"camera0":[[0.628303050994873,-0.25349050760269165,-0.7355116605758667,0.015379827469587326],[0.08214594423770905,-0.9185237884521484,0.3867371678352356,0.2941446304321289],[-0.773619532585144,-0.3034074306488037,-0.5562887191772461,1.055794358253479]],"camera1":[[0.628303050994873,-0.25349050760269165,-0.7355116605758667,0.015379827469587326],[0.08214594423770905,-0.9185237884521484,0.3867371678352356,0.2941446304321289],[-0.773619532585144,-0.3034074306488037,-0.5562887191772461,1.055794358253479]],"full_resolution":[2064,2272],"relative_focal_length":[0.4356694221496582,0.4339345097541809],"screen_center":[0.6212562918663025,0.5965937376022339],"visualized_dimension":-1}]}
{"camera":{"aperture_size":0.0,"autofocus":false,"autofocus_depth":0.0,"autofocus_target":[0.5,0.5,0.5],"fov_axis":1,"matrix":[[0.9271835684776306,-0.0821431502699852,-0.36548954248428345,-0.008114483207464218],[2.7939677238464355e-09,-0.9756619930267334,0.21927864849567413,0.3060380518436432],[-0.37460657954216003,-0.20331145823001862,-0.904618501663208,0.9843733906745911]],"relative_focal_length":[1.0,1.0],"scale":0.08390539139509201,"screen_center":[0.4991922974586487,0.5007640719413757],"zoom":1.0},"frame":15,"views":[{"camera0":[[0.6295115947723389,-0.25322824716567993,-0.7345679998397827,0.012434331700205803],[0.06115788593888283,-0.9263190627098083,0.3717421293258667,0.2936309278011322],[-0.7745803594589233,-0.2789405584335327,-0.5676422119140625,1.0591607093811035]],"camera1":[[0.6295115947723389,-0.25322824716567993,-0.7345679998397827,0.012434331700205803],[0.06115788593888283,-0.9263190627098083,0.3717421293258667,0.2936309278011322],[-0.7745803594589233,-0.2789405584335327,-0.5676422119140625,1.0591607093811035]],"full_resolution":[2064,2272],"relative_focal_length":[0.4356694221496582,0.4339345097541809],"screen_center":[0.3787437081336975,0.5965937376022339],"visualized_dimension":-1},{"camera0":[[0.6295115947723389,-0.25322824716567993,-0.7345679998397827,0.01564778760075569],[0.06115788593888283,-0.9263190627098083,0.3717421293258667,0.2939431071281433],[-0.7745803594589233,-0.2789405584335327,-0.5676422119140625,1.0552066564559937]],"camera1":[[0.6295115947723389,-0.25322824716567993,-0.7345679998397827,0.01564778760075569],[0.06115788593888283,-0.9263190627098083,0.3717421293258667,0.2939431071281433],[-0.7745803594589233,-0.2789405584335327,-0.5676422119140625,1.0552066564559937]],"full_resolution":[2064,2272],"relative_focal_length":[0.4356694221496582,0.4339345097541809],"screen_center":[0.6212562918663025,0.5965937376022339],"visualized_dimension":-1}]}
{"camera":{"aperture_size":0.0,"autofocus":false,"autofocus_depth":0.0,"autofocus_target":[0.5,0.5,0.5],"fov_axis":1,"matrix":[[0.9271835684776306,-0.0821431502699852,-0.36548954248428345,-0.008114483207464218],[2.7939677238464355e-09,-0.9756619930267334,0.21927864849567413,0.3060380518436432],[-0.37460657954216003,-0.20331145823001862,-0.904618501663208,0.9843733906745911]],"relative_focal_length":[1.0,1.0],"scale":0.08390539139509201,"screen_center":[0.4991922974586487,0.5007640719413757],"zoom":1.0},"frame":16,"views":[{"camera0":[[0.6387240886688232,-0.24300134181976318,-0.7300556898117065,0.012739263474941254],[0.04062993824481964,-0.9368440508842468,0.347378671169281,0.2934105098247528],[-0.768362283706665,-0.2515411972999573,-0.5885123014450073,1.0585941076278687]],"camera1":[[0.6387240886688232,-0.24300134181976318,-0.7300556898117065,0.012739263474941254],[0.04062993824481964,-0.9368440508842468,0.347378671169281,0.2934105098247528],[-0.768362283706665,-0.2515411972999573,-0.5885123014450073,1.0585941076278687]],"full_resolution":[2064,2272],"relative_focal_length":[0.4356694221496582,0.4339345097541809],"screen_center":[0.3787437081336975,0.5965937376022339],"visualized_dimension":-1},{"camera0":[[0.6387240886688232,-0.24300134181976318,-0.7300556898117065,0.015999747440218925],[0.04062993824481964,-0.9368440508842468,0.347378671169281,0.2936179041862488],[-0.768362283706665,-0.2515411972999573,-0.5885123014450073,1.0546718835830688]],"camera1":[[0.6387240886688232,-0.24300134181976318,-0.7300556898117065,0.015999747440218925],[0.04062993824481964,-0.9368440508842468,0.347378671169281,0.2936179041862488],[-0.768362283706665,-0.2515411972999573,-0.5885123014450073,1.0546718835830688]],"full_resolution":[2064,2272],"relative_focal_length":[0.4356694221496582,0.4339345097541809],"screen_center":[0.6212562918663025,0.5965937376022339],"visualized_dimension":-1}]}
{"camera":{"aperture_size":0.0,"autofocus":false,"autofocus_depth":0.0,"autofocus_target":[0.5,0.5,0.5],"fov_axis":1,"matrix":[[0.9271835684776306,-0.0821431502699852,-0.36548954248428345,-0.008114483207464218],[2.7939677238464355e-09,-0.9756619930267334,0.21927864849567413,0.3060380518436432],[-0.37460657954216003,-0.20331145823001862,-0.904618501663208,0.9843733906745911]],"relative_focal_length":[1.0,1.0],"scale":0.08390539139509201,"screen_center":[0.4991922974586487,0.5007640719413757],"zoom":1.0},"frame":17,"views":[{"camera0":[[0.6450426578521729,-0.23799465596675873,-0.7261390686035156,0.013315383344888687],[0.025071270763874054,-0.9431585669517517,0.3313950300216675,0.29338130354881287],[-0.7637349963188171,-0.23196911811828613,-0.6024113893508911,1.0576398372650146]],"camera1":[[0.6450426578521729,-0.23799465596675873,-0.7261390686035156,0.013315383344888687],[0.025071270763874054,-0.9431585669517517,0.3313950300216675,0.29338130354881287],[-0.7637349963188171,-0.23196911811828613,-0.6024113893508911,1.0576398372650146]],"full_resolution":[2064,2272],"relative_focal_length":[0.4356694221496582,0.4339345097541809],"screen_center":[0.3787437081336975,0.5965937376022339],"visualized_dimension":-1},{"camera0":[[0.6450426578521729,-0.23799465596675873,-0.7261390686035156,0.016608119010925293],[0.025071270763874054,-0.9431585669517517,0.3313950300216675,0.29350927472114563],[-0.7637349963188171,-0.23196911811828613,-0.6024113893508911,1.053741216659546]],"camera1":[[0.6450426578521729,-0.23799465596675873,-0.7261390686035156,0.016608119010925293],[0.025071270763874054,-0.9431585669517517,0.3313950300216675,0.29350927472114563],[-0.7637349963188171,-0.23196911811828613,-0.6024113893508911,1.053741216659546]],"full_resolution":[2064,2272],"relative_focal_length":[0.4356694221496582,0.4339345097541809],"screen_center":[0.6212562918663025,0.5965937376022339],"visualized_dimension":-1}]}
