{"camera":{"aperture_size":0.0,"autofocus":false,"autofocus_depth":0.0,"autofocus_target":[0.5,0.5,0.5],"fov_axis":1,"matrix":[[0.9271835684776306,-0.0821431502699852,-0.36548954248428345,-0.07657381147146225],[2.7939677238464355e-09,-0.9756619930267334,0.21927864849567413,0.2973676919937134],[-0.37460657954216003,-0.20331145823001862,-0.904618501663208,0.9709203243255615]],"relative_focal_length":[1.0,1.0],"scale":0.08390539139509201,"screen_center":[0.4991922974586487,0.5007640719413757],"zoom":1.0},"frame":1,"views":[{"camera0":[[0.9965010285377502,-0.08280660957098007,0.011323928833007813,-0.06513971835374832],[-0.08105899393558502,-0.9905716180801392,-0.11043880879878998,0.28224340081214905],[0.02036246657371521,0.10913482308387756,-0.9938185214996338,1.0511813163757324]],"camera1":[[0.9965010285377502,-0.08280660957098007,0.011323928833007813,-0.06513971835374832],[-0.08105899393558502,-0.9905716180801392,-0.11043880879878998,0.28224340081214905],[0.02036246657371521,0.10913482308387756,-0.9938185214996338,1.0511813163757324]],"full_resolution":[2064,2272],"relative_focal_length":[0.4356694221496582,0.4339345097541809],"screen_center":[0.3787437081336975,0.5965937376022339],"visualized_dimension":-1},{"camera0":[[0.9965010285377502,-0.08280660957098007,0.011323928833007813,-0.06005289778113365],[-0.08105899393558502,-0.9905716180801392,-0.11043880879878998,0.2818296253681183],[0.02036246657371521,0.10913482308387756,-0.9938185214996338,1.0512852668762207]],"camera1":[[0.9965010285377502,-0.08280660957098007,0.011323928833007813,-0.06005289778113365],[-0.08105899393558502,-0.9905716180801392,-0.11043880879878998,0.2818296253681183],[0.02036246657371521,0.10913482308387756,-0.9938185214996338,1.0512852668762207]],"full_resolution":[2064,2272],"relative_focal_length":[0.4356694221496582,0.4339345097541809],"screen_center":[0.6212562918663025,0.5965937376022339],"visualized_dimension":-1}]}
{"camera":{"aperture_size":0.0,"autofocus":false,"autofocus_depth":0.0,"autofocus_target":[0.5,0.5,0.5],"fov_axis":1,"matrix":[[0.9271835684776306,-0.0821431502699852,-0.36548954248428345,-0.07756920158863068],[2.7939677238464355e-09,-0.9756619930267334,0.21927864849567413,0.2955958843231201],[-0.37460657954216003,-0.20331145823001862,-0.904618501663208,0.971138060092926]],"relative_focal_length":[1.0,1.0],"scale":0.08390539139509201,"screen_center":[0.4991922974586487,0.5007640719413757],"zoom":1.0},"frame":1,"views":[{"camera0":[[0.9967485070228577,-0.07868403196334839,0.01734122633934021,-0.06607627123594284],[-0.07648725807666779,-0.9916985630989075,-0.10335919260978699,0.27969610691070557],[0.02533021569252014,0.10169705748558044,-0.9944930076599121,1.0519953966140747]],"camera1":[[0.9967485070228577,-0.07868403196334839,0.01734122633934021,-0.06607627123594284],[-0.07648725807666779,-0.9916985630989075,-0.10335919260978699,0.27969610691070557],[0.02533021569252014,0.10169705748558044,-0.9944930076599121,1.0519953966140747]],"full_resolution":[2064,2272],"relative_focal_length":[0.4356694221496582,0.4339345097541809],"screen_center":[0.3787437081336975,0.5965937376022339],"visualized_dimension":-1},{"camera0":[[0.9967485070228577,-0.07868403196334839,0.01734122633934021,-0.06098819151520729],[-0.07648725807666779,-0.9916985630989075,-0.10335919260978699,0.27930566668510437],[0.02533021569252014,0.10169705748558044,-0.9944930076599121,1.0521246194839478]],"camera1":[[0.9967485070228577,-0.07868403196334839,0.01734122633934021,-0.06098819151520729],[-0.07648725807666779,-0.9916985630989075,-0.10335919260978699,0.27930566668510437],[0.02533021569252014,0.10169705748558044,-0.9944930076599121,1.0521246194839478]],"full_resolution":[2064,2272],"relative_focal_length":[0.4356694221496582,0.4339345097541809],"screen_center":[0.6212562918663025,0.5965937376022339],"visualized_dimension":-1}]}
{"camera":{"aperture_size":0.0,"autofocus":false,"autofocus_depth":0.0,"autofocus_target":[0.5,0.5,0.5],"fov_axis":1,"matrix":[[0.9271835684776306,-0.0821431502699852,-0.36548954248428345,-0.07861827313899994],[2.7939677238464355e-09,-0.9756619930267334,0.21927864849567413,0.29242974519729614],[-0.37460657954216003,-0.20331145823001862,-0.904618501663208,0.9711306095123291]],"relative_focal_length":[1.0,1.0],"scale":0.08390539139509201,"screen_center":[0.4991922974586487,0.5007640719413757],"zoom":1.0},"frame":1,"views":[{"camera0":[[0.9971230030059814,-0.07261442393064499,0.021730095148086548,-0.06733731925487518],[-0.07023435831069946,-0.9929651021957397,-0.09532523155212402,0.2779715359210968],[0.028499454259872437,0.09352508187294006,-0.9952090382575989,1.052432656288147]],"camera1":[[0.9971230030059814,-0.07261442393064499,0.021730095148086548,-0.06733731925487518],[-0.07023435831069946,-0.9929651021957397,-0.09532523155212402,0.2779715359210968],[0.028499454259872437,0.09352508187294006,-0.9952090382575989,1.052432656288147]],"full_resolution":[2064,2272],"relative_focal_length":[0.4356694221496582,0.4339345097541809],"screen_center":[0.3787437081336975,0.5965937376022339],"visualized_dimension":-1},{"camera0":[[0.9971230030059814,-0.07261442393064499,0.021730095148086548,-0.062247321009635925],[-0.07023435831069946,-0.9929651021957397,-0.09532523155212402,0.2776130139827728],[0.028499454259872437,0.09352508187294006,-0.9952090382575989,1.0525782108306885]],"camera1":[[0.9971230030059814,-0.07261442393064499,0.021730095148086548,-0.062247321009635925],[-0.07023435831069946,-0.9929651021957397,-0.09532523155212402,0.2776130139827728],[0.028499454259872437,0.09352508187294006,-0.9952090382575989,1.0525782108306885]],"full_resolution":[2064,2272],"relative_focal_length":[0.4356694221496582,0.4339345097541809],"screen_center":[0.6212562918663025,0.5965937376022339],"visualized_dimension":-1}]}
{"camera":{"aperture_size":0.0,"autofocus":false,"autofocus_depth":0.0,"autofocus_target":[0.5,0.5,0.5],"fov_axis":1,"matrix":[[0.9271835684776306,-0.0821431502699852,-0.36548954248428345,-0.0791197419166565],[2.7939677238464355e-09,-0.9756619930267334,0.21927864849567413,0.29038891196250916],[-0.37460657954216003,-0.20331145823001862,-0.904618501663208,0.9701440930366516]],"relative_focal_length":[1.0,1.0],"scale":0.08390539139509201,"screen_center":[0.4991922974586487,0.5007640719413757],"zoom":1.0},"frame":2,"views":[{"camera0":[[0.9974712133407593,-0.06981531530618668,0.013281553983688354,-0.0685674175620079],[-0.06833717226982117,-0.993554949760437,-0.09043258428573608,0.2748596668243408],[0.019509702920913696,0.08929656445980072,-0.9958141446113586,1.0525243282318115]],"camera1":[[0.9974712133407593,-0.06981531530618668,0.013281553983688354,-0.0685674175620079],[-0.06833717226982117,-0.993554949760437,-0.09043258428573608,0.2748596668243408],[0.019509702920913696,0.08929656445980072,-0.9958141446113586,1.0525243282318115]],"full_resolution":[2064,2272],"relative_focal_length":[0.4356694221496582,0.4339345097541809],"screen_center":[0.3787437081336975,0.5965937376022339],"visualized_dimension":-1},{"camera0":[[0.9974712133407593,-0.06981531530618668,0.013281553983688354,-0.06347563862800598],[-0.06833717226982117,-0.993554949760437,-0.09043258428573608,0.27451083064079285],[0.019509702920913696,0.08929656445980072,-0.9958141446113586,1.052623987197876]],"camera1":[[0.9974712133407593,-0.06981531530618668,0.013281553983688354,-0.06347563862800598],[-0.06833717226982117,-0.993554949760437,-0.09043258428573608,0.27451083064079285],[0.019509702920913696,0.08929656445980072,-0.9958141446113586,1.052623987197876]],"full_resolution":[2064,2272],"relative_focal_length":[0.4356694221496582,0.4339345097541809],"screen_center":[0.6212562918663025,0.5965937376022339],"visualized_dimension":-1}]}
{"camera":{"aperture_size":0.0,"autofocus":false,"autofocus_depth":0.0,"autofocus_target":[0.5,0.5,0.5],"fov_axis":1,"matrix":[[0.9271835684776306,-0.0821431502699852,-0.36548954248428345,-0.07951545715332031],[2.7939677238464355e-09,-0.9756619930267334,0.21927864849567413,0.28726330399513245],[-0.37460657954216003,-0.20331145823001862,-0.904618501663208,0.9683343172073364]],"relative_focal_length":[1.0,1.0],"scale":0.08390539139509201,"screen_center":[0.4991922974586487,0.5007640719413757],"zoom":1.0},"frame":3,"views":[{"camera0":[[0.9978698492050171,-0.06521744281053543,-0.001376420259475708,-0.06938281655311584],[-0.06510306149721146,-0.994348406791687,-0.08385960757732391,0.2728530168533325],[0.0041006505489349365,0.08377088606357574,-0.9964767694473267,1.051719307899475]],"camera1":[[0.9978698492050171,-0.06521744281053543,-0.001376420259475708,-0.06938281655311584],[-0.06510306149721146,-0.994348406791687,-0.08385960757732391,0.2728530168533325],[0.0041006505489349365,0.08377088606357574,-0.9964767694473267,1.051719307899475]],"full_resolution":[2064,2272],"relative_focal_length":[0.4356694221496582,0.4339345097541809],"screen_center":[0.3787437081336975,0.5965937376022339],"visualized_dimension":-1},{"camera0":[[0.9978698492050171,-0.06521744281053543,-0.001376420259475708,-0.06428900361061096],[-0.06510306149721146,-0.994348406791687,-0.08385960757732391,0.27252069115638733],[0.0041006505489349365,0.08377088606357574,-0.9964767694473267,1.051740288734436]],"camera1":[[0.9978698492050171,-0.06521744281053543,-0.001376420259475708,-0.06428900361061096],[-0.06510306149721146,-0.994348406791687,-0.08385960757732391,0.27252069115638733],[0.0041006505489349365,0.08377088606357574,-0.9964767694473267,1.051740288734436]],"full_resolution":[2064,2272],"relative_focal_length":[0.4356694221496582,0.4339345097541809],"screen_center":[0.6212562918663025,0.5965937376022339],"visualized_dimension":-1}]}
{"camera":{"aperture_size":0.0,"autofocus":false,"autofocus_depth":0.0,"autofocus_target":[0.5,0.5,0.5],"fov_axis":1,"matrix":[[0.9271835684776306,-0.0821431502699852,-0.36548954248428345,-0.08038486540317535],[2.7939677238464355e-09,-0.9756619930267334,0.21927864849567413,0.28223907947540283],[-0.37460657954216003,-0.20331145823001862,-0.904618501663208,0.9660046696662903]],"relative_focal_length":[1.0,1.0],"scale":0.08390539139509201,"screen_center":[0.4991922974586487,0.5007640719413757],"zoom":1.0},"frame":4,"views":[{"camera0":[[0.9984655976295471,-0.05179861932992935,-0.019563376903533936,-0.07034532725811005],[-0.0531361922621727,-0.9957279562950134,-0.07550935447216034,0.26971256732940674],[-0.015568345785140991,0.07643330097198486,-0.9969532489776611,1.0502536296844482]],"camera1":[[0.9984655976295471,-0.05179861932992935,-0.019563376903533936,-0.07034532725811005],[-0.0531361922621727,-0.9957279562950134,-0.07550935447216034,0.26971256732940674],[-0.015568345785140991,0.07643330097198486,-0.9969532489776611,1.0502536296844482]],"full_resolution":[2064,2272],"relative_focal_length":[0.4356694221496582,0.4339345097541809],"screen_center":[0.3787437081336975,0.5965937376022339],"visualized_dimension":-1},{"camera0":[[0.9984655976295471,-0.05179861932992935,-0.019563376903533936,-0.06524847447872162],[-0.0531361922621727,-0.9957279562950134,-0.07550935447216034,0.2694413363933563],[-0.015568345785140991,0.07643330097198486,-0.9969532489776611,1.0501742362976074]],"camera1":[[0.9984655976295471,-0.05179861932992935,-0.019563376903533936,-0.06524847447872162],[-0.0531361922621727,-0.9957279562950134,-0.07550935447216034,0.2694413363933563],[-0.015568345785140991,0.07643330097198486,-0.9969532489776611,1.0501742362976074]],"full_resolution":[2064,2272],"relative_focal_length":[0.4356694221496582,0.4339345097541809],"screen_center":[0.6212562918663025,0.5965937376022339],"visualized_dimension":-1}]}
{"camera":{"aperture_size":0.0,"autofocus":false,"autofocus_depth":0.0,"autofocus_target":[0.5,0.5,0.5],"fov_axis":1,"matrix":[[0.9271835684776306,-0.0821431502699852,-0.36548954248428345,-0.08004554361104965],[2.7939677238464355e-09,-0.9756619930267334,0.21927864849567413,0.2844235301017761],[-0.37460657954216003,-0.20331145823001862,-0.904618501663208,0.9665157794952393]],"relative_focal_length":[1.0,1.0],"scale":0.08390539139509201,"screen_center":[0.4991922974586487,0.5007640719413757],"zoom":1.0},"frame":5,"views":[{"camera0":[[0.9987008571624756,-0.0488484650850296,-0.014485925436019897,-0.07126419246196747],[-0.0498310923576355,-0.9957244992256165,-0.07777562737464905,0.26464223861694336],[-0.010624527931213379,0.0783967673778534,-0.9968657493591309,1.047984004020691]],"camera1":[[0.9987008571624756,-0.0488484650850296,-0.014485925436019897,-0.07126419246196747],[-0.0498310923576355,-0.9957244992256165,-0.07777562737464905,0.26464223861694336],[-0.010624527931213379,0.0783967673778534,-0.9968657493591309,1.047984004020691]],"full_resolution":[2064,2272],"relative_focal_length":[0.4356694221496582,0.4339345097541809],"screen_center":[0.3787437081336975,0.5965937376022339],"visualized_dimension":-1},{"camera0":[[0.9987008571624756,-0.0488484650850296,-0.014485925436019897,-0.06616614013910294],[-0.0498310923576355,-0.9957244992256165,-0.07777562737464905,0.2643878757953644],[-0.010624527931213379,0.0783967673778534,-0.9968657493591309,1.0479297637939453]],"camera1":[[0.9987008571624756,-0.0488484650850296,-0.014485925436019897,-0.06616614013910294],[-0.0498310923576355,-0.9957244992256165,-0.07777562737464905,0.2643878757953644],[-0.010624527931213379,0.0783967673778534,-0.9968657493591309,1.0479297637939453]],"full_resolution":[2064,2272],"relative_focal_length":[0.4356694221496582,0.4339345097541809],"screen_center":[0.6212562918663025,0.5965937376022339],"visualized_dimension":-1}]}
{"camera":{"aperture_size":0.0,"autofocus":false,"autofocus_depth":0.0,"autofocus_target":[0.5,0.5,0.5],"fov_axis":1,"matrix":[[0.9271835684776306,-0.0821431502699852,-0.36548954248428345,-0.08001881837844849],[2.7939677238464355e-09,-0.9756619930267334,0.21927864849567413,0.2854515016078949],[-0.37460657954216003,-0.20331145823001862,-0.904618501663208,0.966995894908905]],"relative_focal_length":[1.0,1.0],"scale":0.08390539139509201,"screen_center":[0.4991922974586487,0.5007640719413757],"zoom":1.0},"frame":6,"views":[{"camera0":[[0.9987591505050659,-0.047445304691791534,-0.015115678310394287,-0.07111506909132004],[-0.04845595732331276,-0.9959641695022583,-0.0755428671836853,0.2667977511882782],[-0.01147034764289856,0.07618190348148346,-0.997028112411499,1.0486297607421875]],"camera1":[[0.9987591505050659,-0.047445304691791534,-0.015115678310394287,-0.07111506909132004],[-0.04845595732331276,-0.9959641695022583,-0.0755428671836853,0.2667977511882782],[-0.01147034764289856,0.07618190348148346,-0.997028112411499,1.0486297607421875]],"full_resolution":[2064,2272],"relative_focal_length":[0.4356694221496582,0.4339345097541809],"screen_center":[0.3787437081336975,0.5965937376022339],"visualized_dimension":-1},{"camera0":[[0.9987591505050659,-0.047445304691791534,-0.015115678310394287,-0.06601671874523163],[-0.04845595732331276,-0.9959641695022583,-0.0755428671836853,0.2665503919124603],[-0.01147034764289856,0.07618190348148346,-0.997028112411499,1.048571228981018]],"camera1":[[0.9987591505050659,-0.047445304691791534,-0.015115678310394287,-0.06601671874523163],[-0.04845595732331276,-0.9959641695022583,-0.0755428671836853,0.2665503919124603],[-0.01147034764289856,0.07618190348148346,-0.997028112411499,1.048571228981018]],"full_resolution":[2064,2272],"relative_focal_length":[0.4356694221496582,0.4339345097541809],"screen_center":[0.6212562918663025,0.5965937376022339],"visualized_dimension":-1}]}
{"camera":{"aperture_size":0.0,"autofocus":false,"autofocus_depth":0.0,"autofocus_target":[0.5,0.5,0.5],"fov_axis":1,"matrix":[[0.9271835684776306,-0.0821431502699852,-0.36548954248428345,-0.07993439584970474],[2.7939677238464355e-09,-0.9756619930267334,0.21927864849567413,0.2868439555168152],[-0.37460657954216003,-0.20331145823001862,-0.904618501663208,0.9677110314369202]],"relative_focal_length":[1.0,1.0],"scale":0.08390539139509201,"screen_center":[0.4991922974586487,0.5007640719413757],"zoom":1.0},"frame":7,"views":[{"camera0":[[0.9988366961479187,-0.04553399980068207,-0.01585671305656433,-0.07117325067520142],[-0.046611446887254715,-0.9960213303565979,-0.07594974339008331,0.2678217887878418],[-0.012335121631622314,0.07660079002380371,-0.996985673904419,1.0491901636123657]],"camera1":[[0.9988366961479187,-0.04553399980068207,-0.01585671305656433,-0.07117325067520142],[-0.046611446887254715,-0.9960213303565979,-0.07594974339008331,0.2678217887878418],[-0.012335121631622314,0.07660079002380371,-0.996985673904419,1.0491901636123657]],"full_resolution":[2064,2272],"relative_focal_length":[0.4356694221496582,0.4339345097541809],"screen_center":[0.3787437081336975,0.5965937376022339],"visualized_dimension":-1},{"camera0":[[0.9988366961479187,-0.04553399980068207,-0.01585671305656433,-0.06607451289892197],[-0.046611446887254715,-0.9960213303565979,-0.07594974339008331,0.26758384704589844],[-0.012335121631622314,0.07660079002380371,-0.996985673904419,1.049127221107483]],"camera1":[[0.9988366961479187,-0.04553399980068207,-0.01585671305656433,-0.06607451289892197],[-0.046611446887254715,-0.9960213303565979,-0.07594974339008331,0.26758384704589844],[-0.012335121631622314,0.07660079002380371,-0.996985673904419,1.049127221107483]],"full_resolution":[2064,2272],"relative_focal_length":[0.4356694221496582,0.4339345097541809],"screen_center":[0.6212562918663025,0.5965937376022339],"visualized_dimension":-1}]}
{"camera":{"aperture_size":0.0,"autofocus":false,"autofocus_depth":0.0,"autofocus_target":[0.5,0.5,0.5],"fov_axis":1,"matrix":[[0.9271835684776306,-0.0821431502699852,-0.36548954248428345,-0.0798056572675705],[2.7939677238464355e-09,-0.9756619930267334,0.21927864849567413,0.2888956665992737],[-0.37460657954216003,-0.20331145823001862,-0.904618501663208,0.9686107039451599]],"relative_focal_length":[1.0,1.0],"scale":0.08390539139509201,"screen_center":[0.4991922974586487,0.5007640719413757],"zoom":1.0},"frame":8,"views":[{"camera0":[[0.9988430142402649,-0.04498522728681564,-0.016983509063720703,-0.07117434591054916],[-0.04612427204847336,-0.9961899518966675,-0.07401122152805328,0.2692047357559204],[-0.013589203357696533,0.07470925152301788,-0.9971128702163696,1.0499529838562012]],"camera1":[[0.9988430142402649,-0.04498522728681564,-0.016983509063720703,-0.07117434591054916],[-0.04612427204847336,-0.9961899518966675,-0.07401122152805328,0.2692047357559204],[-0.013589203357696533,0.07470925152301788,-0.9971128702163696,1.0499529838562012]],"full_resolution":[2064,2272],"relative_focal_length":[0.4356694221496582,0.4339345097541809],"screen_center":[0.3787437081336975,0.5965937376022339],"visualized_dimension":-1},{"camera0":[[0.9988430142402649,-0.04498522728681564,-0.016983509063720703,-0.06607557088136673],[-0.04612427204847336,-0.9961899518966675,-0.07401122152805328,0.2689692974090576],[-0.013589203357696533,0.07470925152301788,-0.9971128702163696,1.0498836040496826]],"camera1":[[0.9988430142402649,-0.04498522728681564,-0.016983509063720703,-0.06607557088136673],[-0.04612427204847336,-0.9961899518966675,-0.07401122152805328,0.2689692974090576],[-0.013589203357696533,0.07470925152301788,-0.9971128702163696,1.0498836040496826]],"full_resolution":[2064,2272],"relative_focal_length":[0.4356694221496582,0.4339345097541809],"screen_center":[0.6212562918663025,0.5965937376022339],"visualized_dimension":-1}]}
{"camera":{"aperture_size":0.0,"autofocus":false,"autofocus_depth":0.0,"autofocus_target":[0.5,0.5,0.5],"fov_axis":1,"matrix":[[0.9271835684776306,-0.0821431502699852,-0.36548954248428345,-0.07967254519462585],[2.7939677238464355e-09,-0.9756619930267334,0.21927864849567413,0.2914012372493744],[-0.37460657954216003,-0.20331145823001862,-0.904618501663208,0.9693572521209717]],"relative_focal_length":[1.0,1.0],"scale":0.08390539139509201,"screen_center":[0.4991922974586487,0.5007640719413757],"zoom":1.0},"frame":9,"views":[{"camera0":[[0.9988124370574951,-0.0415019616484642,-0.025508642196655273,-0.07124751806259155],[-0.043227165937423706,-0.9965190887451172,-0.07127788662910461,0.27124011516571045],[-0.022461533546447754,0.07229623198509216,-0.9971303939819336,1.0509467124938965]],"camera1":[[0.9988124370574951,-0.0415019616484642,-0.025508642196655273,-0.07124751806259155],[-0.043227165937423706,-0.9965190887451172,-0.07127788662910461,0.27124011516571045],[-0.022461533546447754,0.07229623198509216,-0.9971303939819336,1.0509467124938965]],"full_resolution":[2064,2272],"relative_focal_length":[0.4356694221496582,0.4339345097541809],"screen_center":[0.3787437081336975,0.5965937376022339],"visualized_dimension":-1},{"camera0":[[0.9988124370574951,-0.0415019616484642,-0.025508642196655273,-0.06614889949560165],[-0.043227165937423706,-0.9965190887451172,-0.07127788662910461,0.27101945877075195],[-0.022461533546447754,0.07229623198509216,-0.9971303939819336,1.0508320331573486]],"camera1":[[0.9988124370574951,-0.0415019616484642,-0.025508642196655273,-0.06614889949560165],[-0.043227165937423706,-0.9965190887451172,-0.07127788662910461,0.27101945877075195],[-0.022461533546447754,0.07229623198509216,-0.9971303939819336,1.0508320331573486]],"full_resolution":[2064,2272],"relative_focal_length":[0.4356694221496582,0.4339345097541809],"screen_center":[0.6212562918663025,0.5965937376022339],"visualized_dimension":-1}]}
{"camera":{"aperture_size":0.0,"autofocus":false,"autofocus_depth":0.0,"autofocus_target":[0.5,0.5,0.5],"fov_axis":1,"matrix":[[0.9271835684776306,-0.0821431502699852,-0.36548954248428345,-0.07952482253313065],[2.7939677238464355e-09,-0.9756619930267334,0.21927864849567413,0.29288965463638306],[-0.37460657954216003,-0.20331145823001862,-0.904618501663208,0.9695164561271667]],"relative_focal_length":[1.0,1.0],"scale":0.08390539139509201,"screen_center":[0.4991922974586487,0.5007640719413757],"zoom":1.0},"frame":9,"views":[{"camera0":[[0.9985390901565552,-0.040780819952487946,-0.035442233085632324,-0.07118624448776245],[-0.04321107268333435,-0.9965577721595764,-0.07074585556983948,0.2737314999103546],[-0.03243499994277954,0.07217428088188171,-0.9968646764755249,1.0517412424087524]],"camera1":[[0.9985390901565552,-0.040780819952487946,-0.035442233085632324,-0.07118624448776245],[-0.04321107268333435,-0.9965577721595764,-0.07074585556983948,0.2737314999103546],[-0.03243499994277954,0.07217428088188171,-0.9968646764755249,1.0517412424087524]],"full_resolution":[2064,2272],"relative_focal_length":[0.4356694221496582,0.4339345097541809],"screen_center":[0.3787437081336975,0.5965937376022339],"visualized_dimension":-1},{"camera0":[[0.9985390901565552,-0.040780819952487946,-0.035442233085632324,-0.06608901917934418],[-0.04321107268333435,-0.9965577721595764,-0.07074585556983948,0.2735109329223633],[-0.03243499994277954,0.07217428088188171,-0.9968646764755249,1.0515756607055664]],"camera1":[[0.9985390901565552,-0.040780819952487946,-0.035442233085632324,-0.06608901917934418],[-0.04321107268333435,-0.9965577721595764,-0.07074585556983948,0.2735109329223633],[-0.03243499994277954,0.07217428088188171,-0.9968646764755249,1.0515756607055664]],"full_resolution":[2064,2272],"relative_focal_length":[0.4356694221496582,0.4339345097541809],"screen_center":[0.6212562918663025,0.5965937376022339],"visualized_dimension":-1}]}
{"camera":{"aperture_size":0.0,"autofocus":false,"autofocus_depth":0.0,"autofocus_target":[0.5,0.5,0.5],"fov_axis":1,"matrix":[[0.9271835684776306,-0.0821431502699852,-0.36548954248428345,-0.0789235383272171],[2.7939677238464355e-09,-0.9756619930267334,0.21927864849567413,0.2946054935455322],[-0.37460657954216003,-0.20331145823001862,-0.904618501663208,0.9695655703544617]],"relative_focal_length":[1.0,1.0],"scale":0.08390539139509201,"screen_center":[0.4991922974586487,0.5007640719413757],"zoom":1.0},"frame":10,"views":[{"camera0":[[0.9983329772949219,-0.03703468292951584,-0.04426240921020508,-0.07111462950706482],[-0.04014480486512184,-0.9966268539428711,-0.07157368957996368,0.2752112150192261],[-0.04146218299865723,0.07323156297206879,-0.9964528679847717,1.0519518852233887]],"camera1":[[0.9983329772949219,-0.03703468292951584,-0.04426240921020508,-0.07111462950706482],[-0.04014480486512184,-0.9966268539428711,-0.07157368957996368,0.2752112150192261],[-0.04146218299865723,0.07323156297206879,-0.9964528679847717,1.0519518852233887]],"full_resolution":[2064,2272],"relative_focal_length":[0.4356694221496582,0.4339345097541809],"screen_center":[0.3787437081336975,0.5965937376022339],"visualized_dimension":-1},{"camera0":[[0.9983329772949219,-0.03703468292951584,-0.04426240921020508,-0.06601845473051071],[-0.04014480486512184,-0.9966268539428711,-0.07157368957996368,0.2750062942504883],[-0.04146218299865723,0.07323156297206879,-0.9964528679847717,1.051740288734436]],"camera1":[[0.9983329772949219,-0.03703468292951584,-0.04426240921020508,-0.06601845473051071],[-0.04014480486512184,-0.9966268539428711,-0.07157368957996368,0.2750062942504883],[-0.04146218299865723,0.07323156297206879,-0.9964528679847717,1.051740288734436]],"full_resolution":[2064,2272],"relative_focal_length":[0.4356694221496582,0.4339345097541809],"screen_center":[0.6212562918663025,0.5965937376022339],"visualized_dimension":-1}]}
{"camera":{"aperture_size":0.0,"autofocus":false,"autofocus_depth":0.0,"autofocus_target":[0.5,0.5,0.5],"fov_axis":1,"matrix":[[0.9271835684776306,-0.0821431502699852,-0.36548954248428345,-0.0789235383272171],[2.7939677238464355e-09,-0.9756619930267334,0.21927864849567413,0.2946054935455322],[-0.37460657954216003,-0.20331145823001862,-0.904618501663208,0.9695655703544617]],"relative_focal_length":[1.0,1.0],"scale":0.08390539139509201,"screen_center":[0.4991922974586487,0.5007640719413757],"zoom":1.0},"frame":10,"views":[{"camera0":[[0.9983885288238525,-0.032068535685539246,-0.046812623739242554,-0.07046396285295486],[-0.0352938137948513,-0.9969377517700195,-0.06977833807468414,0.27694880962371826],[-0.0444314181804657,0.07131838798522949,-0.9964636564254761,1.052015781402588]],"camera1":[[0.9983885288238525,-0.032068535685539246,-0.046812623739242554,-0.07046396285295486],[-0.0352938137948513,-0.9969377517700195,-0.06977833807468414,0.27694880962371826],[-0.0444314181804657,0.07131838798522949,-0.9964636564254761,1.052015781402588]],"full_resolution":[2064,2272],"relative_focal_length":[0.4356694221496582,0.4339345097541809],"screen_center":[0.3787437081336975,0.5965937376022339],"visualized_dimension":-1},{"camera0":[[0.9983885288238525,-0.032068535685539246,-0.046812623739242554,-0.06536750495433807],[-0.0352938137948513,-0.9969377517700195,-0.06977833807468414,0.27676865458488464],[-0.0444314181804657,0.07131838798522949,-0.9964636564254761,1.0517889261245728]],"camera1":[[0.9983885288238525,-0.032068535685539246,-0.046812623739242554,-0.06536750495433807],[-0.0352938137948513,-0.9969377517700195,-0.06977833807468414,0.27676865458488464],[-0.0444314181804657,0.07131838798522949,-0.9964636564254761,1.0517889261245728]],"full_resolution":[2064,2272],"relative_focal_length":[0.4356694221496582,0.4339345097541809],"screen_center":[0.6212562918663025,0.5965937376022339],"visualized_dimension":-1}]}
{"camera":{"aperture_size":0.0,"autofocus":false,"autofocus_depth":0.0,"autofocus_target":[0.5,0.5,0.5],"fov_axis":1,"matrix":[[0.9271835684776306,-0.0821431502699852,-0.36548954248428345,-0.0789235383272171],[2.7939677238464355e-09,-0.9756619930267334,0.21927864849567413,0.2946054935455322],[-0.37460657954216003,-0.20331145823001862,-0.904618501663208,0.9695655703544617]],"relative_focal_length":[1.0,1.0],"scale":0.08390539139509201,"screen_center":[0.4991922974586487,0.5007640719413757],"zoom":1.0},"frame":11,"views":[{"camera0":[[0.9986552000045776,-0.036640606820583344,-0.036671459674835205,-0.07035206258296967],[-0.038941796869039536,-0.997180700302124,-0.06413720548152924,0.27698200941085815],[-0.03421792387962341,0.06547927856445313,-0.9972671270370483,1.0519745349884033]],"camera1":[[0.9986552000045776,-0.036640606820583344,-0.036671459674835205,-0.07035206258296967],[-0.038941796869039536,-0.997180700302124,-0.06413720548152924,0.27698200941085815],[-0.03421792387962341,0.06547927856445313,-0.9972671270370483,1.0519745349884033]],"full_resolution":[2064,2272],"relative_focal_length":[0.4356694221496582,0.4339345097541809],"screen_center":[0.3787437081336975,0.5965937376022339],"visualized_dimension":-1},{"camera0":[[0.9986552000045776,-0.036640606820583344,-0.036671459674835205,-0.06525424122810364],[-0.038941796869039536,-0.997180700302124,-0.06413720548152924,0.2767832279205322],[-0.03421792387962341,0.06547927856445313,-0.9972671270370483,1.0517998933792114]],"camera1":[[0.9986552000045776,-0.036640606820583344,-0.036671459674835205,-0.06525424122810364],[-0.038941796869039536,-0.997180700302124,-0.06413720548152924,0.2767832279205322],[-0.03421792387962341,0.06547927856445313,-0.9972671270370483,1.0517998933792114]],"full_resolution":[2064,2272],"relative_focal_length":[0.4356694221496582,0.4339345097541809],"screen_center":[0.6212562918663025,0.5965937376022339],"visualized_dimension":-1}]}
{"camera":{"aperture_size":0.0,"autofocus":false,"autofocus_depth":0.0,"autofocus_target":[0.5,0.5,0.5],"fov_axis":1,"matrix":[[0.9271835684776306,-0.0821431502699852,-0.36548954248428345,-0.0789235383272171],[2.7939677238464355e-09,-0.9756619930267334,0.21927864849567413,0.2946054935455322],[-0.37460657954216003,-0.20331145823001862,-0.904618501663208,0.9695655703544617]],"relative_focal_length":[1.0,1.0],"scale":0.08390539139509201,"screen_center":[0.4991922974586487,0.5007640719413757],"zoom":1.0},"frame":12,"views":[{"camera0":[[0.9987124800682068,-0.04591766744852066,-0.021549463272094727,-0.07006295025348663],[-0.04718929901719093,-0.9969117045402527,-0.06276679039001465,0.27697446942329407],[-0.018600672483444214,0.06370313465595245,-0.9977957010269165,1.051942229270935]],"camera1":[[0.9987124800682068,-0.04591766744852066,-0.021549463272094727,-0.07006295025348663],[-0.04718929901719093,-0.9969117045402527,-0.06276679039001465,0.27697446942329407],[-0.018600672483444214,0.06370313465595245,-0.9977957010269165,1.051942229270935]],"full_resolution":[2064,2272],"relative_focal_length":[0.4356694221496582,0.4339345097541809],"screen_center":[0.3787437081336975,0.5965937376022339],"visualized_dimension":-1},{"camera0":[[0.9987124800682068,-0.04591766744852066,-0.021549463272094727,-0.06496484577655792],[-0.04718929901719093,-0.9969117045402527,-0.06276679039001465,0.2767335772514343],[-0.018600672483444214,0.06370313465595245,-0.9977957010269165,1.0518473386764526]],"camera1":[[0.9987124800682068,-0.04591766744852066,-0.021549463272094727,-0.06496484577655792],[-0.04718929901719093,-0.9969117045402527,-0.06276679039001465,0.2767335772514343],[-0.018600672483444214,0.06370313465595245,-0.9977957010269165,1.0518473386764526]],"full_resolution":[2064,2272],"relative_focal_length":[0.4356694221496582,0.4339345097541809],"screen_center":[0.6212562918663025,0.5965937376022339],"visualized_dimension":-1}]}
{"camera":{"aperture_size":0.0,"autofocus":false,"autofocus_depth":0.0,"autofocus_target":[0.5,0.5,0.5],"fov_axis":1,"matrix":[[0.9271835684776306,-0.0821431502699852,-0.36548954248428345,-0.0789235383272171],[2.7939677238464355e-09,-0.9756619930267334,0.21927864849567413,0.2946054935455322],[-0.37460657954216003,-0.20331145823001862,-0.904618501663208,0.9695655703544617]],"relative_focal_length":[1.0,1.0],"scale":0.08390539139509201,"screen_center":[0.4991922974586487,0.5007640719413757],"zoom":1.0},"frame":13,"views":[{"camera0":[[0.998584508895874,-0.052886635065078735,-0.005606293678283691,-0.06984134018421173],[-0.05313616991043091,-0.9965702891349792,-0.06343221664428711,0.27693524956703186],[-0.002232164144515991,0.06364057958126068,-0.9979705810546875,1.051957368850708]],"camera1":[[0.998584508895874,-0.052886635065078735,-0.005606293678283691,-0.06984134018421173],[-0.05313616991043091,-0.9965702891349792,-0.06343221664428711,0.27693524956703186],[-0.002232164144515991,0.06364057958126068,-0.9979705810546875,1.051957368850708]],"full_resolution":[2064,2272],"relative_focal_length":[0.4356694221496582,0.4339345097541809],"screen_center":[0.3787437081336975,0.5965937376022339],"visualized_dimension":-1},{"camera0":[[0.998584508895874,-0.052886635065078735,-0.005606293678283691,-0.06474388390779495],[-0.05313616991043091,-0.9965702891349792,-0.06343221664428711,0.27666398882865906],[-0.002232164144515991,0.06364057958126068,-0.9979705810546875,1.0519459247589111]],"camera1":[[0.998584508895874,-0.052886635065078735,-0.005606293678283691,-0.06474388390779495],[-0.05313616991043091,-0.9965702891349792,-0.06343221664428711,0.27666398882865906],[-0.002232164144515991,0.06364057958126068,-0.9979705810546875,1.0519459247589111]],"full_resolution":[2064,2272],"relative_focal_length":[0.4356694221496582,0.4339345097541809],"screen_center":[0.6212562918663025,0.5965937376022339],"visualized_dimension":-1}]}
{"camera":{"aperture_size":0.0,"autofocus":false,"autofocus_depth":0.0,"autofocus_target":[0.5,0.5,0.5],"fov_axis":1,"matrix":[[0.9271835684776306,-0.0821431502699852,-0.36548954248428345,-0.0789235383272171],[2.7939677238464355e-09,-0.9756619930267334,0.21927864849567413,0.2946054935455322],[-0.37460657954216003,-0.20331145823001862,-0.904618501663208,0.9695655703544617]],"relative_focal_length":[1.0,1.0],"scale":0.08390539139509201,"screen_center":[0.4991922974586487,0.5007640719413757],"zoom":1.0},"frame":13,"views":[{"camera0":[[0.9984578490257263,-0.05549272149801254,-0.0014151334762573242,-0.06979845464229584],[-0.05546692758798599,-0.9963290691375732,-0.06520256400108337,0.2769647240638733],[0.002208530902862549,0.06518082320690155,-0.9978712201118469,1.0519940853118896]],"camera1":[[0.9984578490257263,-0.05549272149801254,-0.0014151334762573242,-0.06979845464229584],[-0.05546692758798599,-0.9963290691375732,-0.06520256400108337,0.2769647240638733],[0.002208530902862549,0.06518082320690155,-0.9978712201118469,1.0519940853118896]],"full_resolution":[2064,2272],"relative_focal_length":[0.4356694221496582,0.4339345097541809],"screen_center":[0.3787437081336975,0.5965937376022339],"visualized_dimension":-1},{"camera0":[[0.9984578490257263,-0.05549272149801254,-0.0014151334762573242,-0.0647016391158104],[-0.05546692758798599,-0.9963290691375732,-0.06520256400108337,0.2766816020011902],[0.002208530902862549,0.06518082320690155,-0.9978712201118469,1.0520052909851074]],"camera1":[[0.9984578490257263,-0.05549272149801254,-0.0014151334762573242,-0.0647016391158104],[-0.05546692758798599,-0.9963290691375732,-0.06520256400108337,0.2766816020011902],[0.002208530902862549,0.06518082320690155,-0.9978712201118469,1.0520052909851074]],"full_resolution":[2064,2272],"relative_focal_length":[0.4356694221496582,0.4339345097541809],"screen_center":[0.6212562918663025,0.5965937376022339],"visualized_dimension":-1}]}
{"camera":{"aperture_size":0.0,"autofocus":false,"autofocus_depth":0.0,"autofocus_target":[0.5,0.5,0.5],"fov_axis":1,"matrix":[[0.9271835684776306,-0.0821431502699852,-0.36548954248428345,-0.0789235383272171],[2.7939677238464355e-09,-0.9756619930267334,0.21927864849567413,0.2946054935455322],[-0.37460657954216003,-0.20331145823001862,-0.904618501663208,0.9695655703544617]],"relative_focal_length":[1.0,1.0],"scale":0.08390539139509201,"screen_center":[0.4991922974586487,0.5007640719413757],"zoom":1.0},"frame":14,"views":[{"camera0":[[0.9979416131973267,-0.06351762264966965,0.008813649415969849,-0.06971654295921326],[-0.06277725100517273,-0.9957197904586792,-0.06782890856266022,0.27697858214378357],[0.013084471225738525,0.06713622808456421,-0.9976581335067749,1.0520738363265991]],"camera1":[[0.9979416131973267,-0.06351762264966965,0.008813649415969849,-0.06971654295921326],[-0.06277725100517273,-0.9957197904586792,-0.06782890856266022,0.27697858214378357],[0.013084471225738525,0.06713622808456421,-0.9976581335067749,1.0520738363265991]],"full_resolution":[2064,2272],"relative_focal_length":[0.4356694221496582,0.4339345097541809],"screen_center":[0.3787437081336975,0.5965937376022339],"visualized_dimension":-1},{"camera0":[[0.9979416131973267,-0.06351762264966965,0.008813649415969849,-0.06462237238883972],[-0.06277725100517273,-0.9957197904586792,-0.06782890856266022,0.2766581177711487],[0.013084471225738525,0.06713622808456421,-0.9976581335067749,1.0521405935287476]],"camera1":[[0.9979416131973267,-0.06351762264966965,0.008813649415969849,-0.06462237238883972],[-0.06277725100517273,-0.9957197904586792,-0.06782890856266022,0.2766581177711487],[0.013084471225738525,0.06713622808456421,-0.9976581335067749,1.0521405935287476]],"full_resolution":[2064,2272],"relative_focal_length":[0.4356694221496582,0.4339345097541809],"screen_center":[0.6212562918663025,0.5965937376022339],"visualized_dimension":-1}]}
{"camera":{"aperture_size":0.0,"autofocus":false,"autofocus_depth":0.0,"autofocus_target":[0.5,0.5,0.5],"fov_axis":1,"matrix":[[0.9271835684776306,-0.0821431502699852,-0.36548954248428345,-0.0789235383272171],[2.7939677238464355e-09,-0.9756619930267334,0.21927864849567413,0.2946054935455322],[-0.37460657954216003,-0.20331145823001862,-0.904618501663208,0.9695655703544617]],"relative_focal_length":[1.0,1.0],"scale":0.08390539139509201,"screen_center":[0.4991922974586487,0.5007640719413757],"zoom":1.0},"frame":15,"views":[{"camera0":[[0.9979636669158936,-0.06262414902448654,0.012093424797058105,-0.06972098350524902],[-0.06169068068265915,-0.9958903193473816,-0.06630399823188782,0.27700871229171753],[0.01619616150856018,0.06542322039604187,-0.9977262616157532,1.0521230697631836]],"camera1":[[0.9979636669158936,-0.06262414902448654,0.012093424797058105,-0.06972098350524902],[-0.06169068068265915,-0.9958903193473816,-0.06630399823188782,0.27700871229171753],[0.01619616150856018,0.06542322039604187,-0.9977262616157532,1.0521230697631836]],"full_resolution":[2064,2272],"relative_focal_length":[0.4356694221496582,0.4339345097541809],"screen_center":[0.3787437081336975,0.5965937376022339],"visualized_dimension":-1},{"camera0":[[0.9979636669158936,-0.06262414902448654,0.012093424797058105,-0.06462669372558594],[-0.06169068068265915,-0.9958903193473816,-0.06630399823188782,0.27669382095336914],[0.01619616150856018,0.06542322039604187,-0.9977262616157532,1.0522056818008423]],"camera1":[[0.9979636669158936,-0.06262414902448654,0.012093424797058105,-0.06462669372558594],[-0.06169068068265915,-0.9958903193473816,-0.06630399823188782,0.27669382095336914],[0.01619616150856018,0.06542322039604187,-0.9977262616157532,1.0522056818008423]],"full_resolution":[2064,2272],"relative_focal_length":[0.4356694221496582,0.4339345097541809],"screen_center":[0.6212562918663025,0.5965937376022339],"visualized_dimension":-1}]}
