{"camera":{"aperture_size":0.0,"autofocus":false,"autofocus_depth":0.0,"autofocus_target":[0.5,0.5,0.5],"fov_axis":1,"matrix":[[0.835487425327301,0.003196944482624531,-0.5494992136955261,0.17619571089744568],[2.3283064365386963e-10,-0.9999832510948181,-0.005817953962832689,0.26352357864379883],[-0.549508810043335,0.004860667046159506,-0.8354732394218445,0.8154289722442627]],"relative_focal_length":[1.0,1.0],"scale":0.14864356815814972,"screen_center":[0.49927008152008057,0.49275916814804077],"zoom":1.0},"frame":1,"views":[{"camera0":[[0.8529302477836609,0.170487642288208,0.49339932203292847,0.4586069583892822],[0.0017457532230764627,-0.9460924863815308,0.32389214634895325,0.27505606412887573],[0.5220208168029785,-0.2753962278366089,-0.807248592376709,1.0004961490631104]],"camera1":[[0.8529302477836609,0.170487642288208,0.49339932203292847,0.4586069583892822],[0.0017457532230764627,-0.9460924863815308,0.32389214634895325,0.27505606412887573],[0.5220208168029785,-0.2753962278366089,-0.807248592376709,1.0004961490631104]],"full_resolution":[2064,2272],"relative_focal_length":[0.4356694221496582,0.4339345097541809],"screen_center":[0.3787437081336975,0.5965937376022339],"visualized_dimension":-1},{"camera0":[[0.8529302477836609,0.170487642288208,0.49339932203292847,0.46630293130874634],[0.0017457532230764627,-0.9460924863815308,0.32389214634895325,0.2750718295574188],[0.5220208168029785,-0.2753962278366089,-0.807248592376709,1.0052063465118408]],"camera1":[[0.8529302477836609,0.170487642288208,0.49339932203292847,0.46630293130874634],[0.0017457532230764627,-0.9460924863815308,0.32389214634895325,0.2750718295574188],[0.5220208168029785,-0.2753962278366089,-0.807248592376709,1.0052063465118408]],"full_resolution":[2064,2272],"relative_focal_length":[0.4356694221496582,0.4339345097541809],"screen_center":[0.6212562918663025,0.5965937376022339],"visualized_dimension":-1}]}
{"camera":{"aperture_size":0.0,"autofocus":false,"autofocus_depth":0.0,"autofocus_target":[0.5,0.5,0.5],"fov_axis":1,"matrix":[[0.835487425327301,0.003196944482624531,-0.5494992136955261,0.17502117156982422],[2.3283064365386963e-10,-0.9999832510948181,-0.005817953962832689,0.2631884217262268],[-0.549508810043335,0.004860667046159506,-0.8354732394218445,0.8153676986694336]],"relative_focal_length":[1.0,1.0],"scale":0.14864356815814972,"screen_center":[0.49927008152008057,0.49275916814804077],"zoom":1.0},"frame":2,"views":[{"camera0":[[0.8533019423484802,0.16662850975990295,0.4940745234489441,0.45747485756874084],[0.005615226924419403,-0.950444757938385,0.3108433783054352,0.2747434675693512],[0.5213856101036072,-0.2624691128730774,-0.8119521141052246,0.9993918538093567]],"camera1":[[0.8533019423484802,0.16662850975990295,0.4940745234489441,0.45747485756874084],[0.005615226924419403,-0.950444757938385,0.3108433783054352,0.2747434675693512],[0.5213856101036072,-0.2624691128730774,-0.8119521141052246,0.9993918538093567]],"full_resolution":[2064,2272],"relative_focal_length":[0.4356694221496582,0.4339345097541809],"screen_center":[0.3787437081336975,0.5965937376022339],"visualized_dimension":-1},{"camera0":[[0.8533019423484802,0.16662850975990295,0.4940745234489441,0.4651741683483124],[0.005615226924419403,-0.950444757938385,0.3108433783054352,0.27479416131973267],[0.5213856101036072,-0.2624691128730774,-0.8119521141052246,1.004096269607544]],"camera1":[[0.8533019423484802,0.16662850975990295,0.4940745234489441,0.4651741683483124],[0.005615226924419403,-0.950444757938385,0.3108433783054352,0.27479416131973267],[0.5213856101036072,-0.2624691128730774,-0.8119521141052246,1.004096269607544]],"full_resolution":[2064,2272],"relative_focal_length":[0.4356694221496582,0.4339345097541809],"screen_center":[0.6212562918663025,0.5965937376022339],"visualized_dimension":-1}]}
{"camera":{"aperture_size":0.0,"autofocus":false,"autofocus_depth":0.0,"autofocus_target":[0.5,0.5,0.5],"fov_axis":1,"matrix":[[0.835487425327301,0.003196944482624531,-0.5494992136955261,0.17502117156982422],[2.3283064365386963e-10,-0.9999832510948181,-0.005817953962832689,0.2631884217262268],[-0.549508810043335,0.004860667046159506,-0.8354732394218445,0.8153676986694336]],"relative_focal_length":[1.0,1.0],"scale":0.14864356815814972,"screen_center":[0.49927008152008057,0.49275916814804077],"zoom":1.0},"frame":3,"views":[{"camera0":[[0.8578096628189087,0.15328338742256165,0.4905768632888794,0.45702552795410156],[-0.0006183665245771408,-0.9541837573051453,0.2992212176322937,0.274553507566452],[0.5139658451080322,-0.2569783926010132,-0.818413257598877,0.9995401501655579]],"camera1":[[0.8578096628189087,0.15328338742256165,0.4905768632888794,0.45702552795410156],[-0.0006183665245771408,-0.9541837573051453,0.2992212176322937,0.274553507566452],[0.5139658451080322,-0.2569783926010132,-0.818413257598877,0.9995401501655579]],"full_resolution":[2064,2272],"relative_focal_length":[0.4356694221496582,0.4339345097541809],"screen_center":[0.3787437081336975,0.5965937376022339],"visualized_dimension":-1},{"camera0":[[0.8578096628189087,0.15328338742256165,0.4905768632888794,0.4647654891014099],[-0.0006183665245771408,-0.9541837573051453,0.2992212176322937,0.2745479345321655],[0.5139658451080322,-0.2569783926010132,-0.818413257598877,1.0041776895523071]],"camera1":[[0.8578096628189087,0.15328338742256165,0.4905768632888794,0.4647654891014099],[-0.0006183665245771408,-0.9541837573051453,0.2992212176322937,0.2745479345321655],[0.5139658451080322,-0.2569783926010132,-0.818413257598877,1.0041776895523071]],"full_resolution":[2064,2272],"relative_focal_length":[0.4356694221496582,0.4339345097541809],"screen_center":[0.6212562918663025,0.5965937376022339],"visualized_dimension":-1}]}
{"camera":{"aperture_size":0.0,"autofocus":false,"autofocus_depth":0.0,"autofocus_target":[0.5,0.5,0.5],"fov_axis":1,"matrix":[[0.835487425327301,0.003196944482624531,-0.5494992136955261,0.17502117156982422],[2.3283064365386963e-10,-0.9999832510948181,-0.005817953962832689,0.2631884217262268],[-0.549508810043335,0.004860667046159506,-0.8354732394218445,0.8153676986694336]],"relative_focal_length":[1.0,1.0],"scale":0.14864356815814972,"screen_center":[0.49927008152008057,0.49275916814804077],"zoom":1.0},"frame":4,"views":[{"camera0":[[0.8569719791412354,0.13589783012866974,0.4971213936805725,0.4581964910030365],[-0.020956503227353096,-0.9546195268630981,0.2970902919769287,0.2749236524105072],[0.5149354934692383,-0.2650161385536194,-0.8152343034744263,1.0002548694610596]],"camera1":[[0.8569719791412354,0.13589783012866974,0.4971213936805725,0.4581964910030365],[-0.020956503227353096,-0.9546195268630981,0.2970902919769287,0.2749236524105072],[0.5149354934692383,-0.2650161385536194,-0.8152343034744263,1.0002548694610596]],"full_resolution":[2064,2272],"relative_focal_length":[0.4356694221496582,0.4339345097541809],"screen_center":[0.3787437081336975,0.5965937376022339],"visualized_dimension":-1},{"camera0":[[0.8569719791412354,0.13589783012866974,0.4971213936805725,0.46592891216278076],[-0.020956503227353096,-0.9546195268630981,0.2970902919769287,0.2747345566749573],[0.5149354934692383,-0.2650161385536194,-0.8152343034744263,1.0049010515213013]],"camera1":[[0.8569719791412354,0.13589783012866974,0.4971213936805725,0.46592891216278076],[-0.020956503227353096,-0.9546195268630981,0.2970902919769287,0.2747345566749573],[0.5149354934692383,-0.2650161385536194,-0.8152343034744263,1.0049010515213013]],"full_resolution":[2064,2272],"relative_focal_length":[0.4356694221496582,0.4339345097541809],"screen_center":[0.6212562918663025,0.5965937376022339],"visualized_dimension":-1}]}
{"camera":{"aperture_size":0.0,"autofocus":false,"autofocus_depth":0.0,"autofocus_target":[0.5,0.5,0.5],"fov_axis":1,"matrix":[[0.835487425327301,0.003196944482624531,-0.5494992136955261,0.17502117156982422],[2.3283064365386963e-10,-0.9999832510948181,-0.005817953962832689,0.2631884217262268],[-0.549508810043335,0.004860667046159506,-0.8354732394218445,0.8153676986694336]],"relative_focal_length":[1.0,1.0],"scale":0.14864356815814972,"screen_center":[0.49927008152008057,0.49275916814804077],"zoom":1.0},"frame":5,"views":[{"camera0":[[0.8483589887619019,0.13811680674552917,0.5110867023468018,0.458530992269516],[-0.021309420466423035,-0.9556799530982971,0.2936362326145172,0.27489909529685974],[0.5289911031723022,-0.260000079870224,-0.8078165054321289,1.0008234977722168]],"camera1":[[0.8483589887619019,0.13811680674552917,0.5110867023468018,0.458530992269516],[-0.021309420466423035,-0.9556799530982971,0.2936362326145172,0.27489909529685974],[0.5289911031723022,-0.260000079870224,-0.8078165054321289,1.0008234977722168]],"full_resolution":[2064,2272],"relative_focal_length":[0.4356694221496582,0.4339345097541809],"screen_center":[0.3787437081336975,0.5965937376022339],"visualized_dimension":-1},{"camera0":[[0.8483589887619019,0.13811680674552917,0.5110867023468018,0.46618568897247314],[-0.021309420466423035,-0.9556799530982971,0.2936362326145172,0.2747068405151367],[0.5289911031723022,-0.260000079870224,-0.8078165054321289,1.0055965185165405]],"camera1":[[0.8483589887619019,0.13811680674552917,0.5110867023468018,0.46618568897247314],[-0.021309420466423035,-0.9556799530982971,0.2936362326145172,0.2747068405151367],[0.5289911031723022,-0.260000079870224,-0.8078165054321289,1.0055965185165405]],"full_resolution":[2064,2272],"relative_focal_length":[0.4356694221496582,0.4339345097541809],"screen_center":[0.6212562918663025,0.5965937376022339],"visualized_dimension":-1}]}
{"camera":{"aperture_size":0.0,"autofocus":false,"autofocus_depth":0.0,"autofocus_target":[0.5,0.5,0.5],"fov_axis":1,"matrix":[[0.835487425327301,0.003196944482624531,-0.5494992136955261,0.17502117156982422],[2.3283064365386963e-10,-0.9999832510948181,-0.005817953962832689,0.2631884217262268],[-0.549508810043335,0.004860667046159506,-0.8354732394218445,0.8153676986694336]],"relative_focal_length":[1.0,1.0],"scale":0.14864356815814972,"screen_center":[0.49927008152008057,0.49275916814804077],"zoom":1.0},"frame":6,"views":[{"camera0":[[0.8481110334396362,0.14477188885211945,0.5096543431282043,0.45894187688827515],[-0.01728826016187668,-0.9538692831993103,0.2997244894504547,0.2749534249305725],[0.5295350551605225,-0.2630108594894409,-0.8064842224121094,1.0014865398406982]],"camera1":[[0.8481110334396362,0.14477188885211945,0.5096543431282043,0.45894187688827515],[-0.01728826016187668,-0.9538692831993103,0.2997244894504547,0.2749534249305725],[0.5295350551605225,-0.2630108594894409,-0.8064842224121094,1.0014865398406982]],"full_resolution":[2064,2272],"relative_focal_length":[0.4356694221496582,0.4339345097541809],"screen_center":[0.3787437081336975,0.5965937376022339],"visualized_dimension":-1},{"camera0":[[0.8481110334396362,0.14477188885211945,0.5096543431282043,0.4665943384170532],[-0.01728826016187668,-0.9538692831993103,0.2997244894504547,0.2747974097728729],[0.5295350551605225,-0.2630108594894409,-0.8064842224121094,1.0062644481658936]],"camera1":[[0.8481110334396362,0.14477188885211945,0.5096543431282043,0.4665943384170532],[-0.01728826016187668,-0.9538692831993103,0.2997244894504547,0.2747974097728729],[0.5295350551605225,-0.2630108594894409,-0.8064842224121094,1.0062644481658936]],"full_resolution":[2064,2272],"relative_focal_length":[0.4356694221496582,0.4339345097541809],"screen_center":[0.6212562918663025,0.5965937376022339],"visualized_dimension":-1}]}
{"camera":{"aperture_size":0.0,"autofocus":false,"autofocus_depth":0.0,"autofocus_target":[0.5,0.5,0.5],"fov_axis":1,"matrix":[[0.835487425327301,0.003196944482624531,-0.5494992136955261,0.17502117156982422],[2.3283064365386963e-10,-0.9999832510948181,-0.005817953962832689,0.2631884217262268],[-0.549508810043335,0.004860667046159506,-0.8354732394218445,0.8153676986694336]],"relative_focal_length":[1.0,1.0],"scale":0.14864356815814972,"screen_center":[0.49927008152008057,0.49275916814804077],"zoom":1.0},"frame":7,"views":[{"camera0":[[0.8473212718963623,0.147077277302742,0.5103076696395874,0.459417462348938],[-0.015573669224977493,-0.953592836856842,0.3006967604160309,0.2750627100467682],[0.5308510661125183,-0.2627342939376831,-0.8057090044021606,1.0021188259124756]],"camera1":[[0.8473212718963623,0.147077277302742,0.5103076696395874,0.459417462348938],[-0.015573669224977493,-0.953592836856842,0.3006967604160309,0.2750627100467682],[0.5308510661125183,-0.2627342939376831,-0.8057090044021606,1.0021188259124756]],"full_resolution":[2064,2272],"relative_focal_length":[0.4356694221496582,0.4339345097541809],"screen_center":[0.3787437081336975,0.5965937376022339],"visualized_dimension":-1},{"camera0":[[0.8473212718963623,0.147077277302742,0.5103076696395874,0.4670628011226654],[-0.015573669224977493,-0.953592836856842,0.3006967604160309,0.2749221920967102],[0.5308510661125183,-0.2627342939376831,-0.8057090044021606,1.006908655166626]],"camera1":[[0.8473212718963623,0.147077277302742,0.5103076696395874,0.4670628011226654],[-0.015573669224977493,-0.953592836856842,0.3006967604160309,0.2749221920967102],[0.5308510661125183,-0.2627342939376831,-0.8057090044021606,1.006908655166626]],"full_resolution":[2064,2272],"relative_focal_length":[0.4356694221496582,0.4339345097541809],"screen_center":[0.6212562918663025,0.5965937376022339],"visualized_dimension":-1}]}
{"camera":{"aperture_size":0.0,"autofocus":false,"autofocus_depth":0.0,"autofocus_target":[0.5,0.5,0.5],"fov_axis":1,"matrix":[[0.835487425327301,0.003196944482624531,-0.5494992136955261,0.17502117156982422],[2.3283064365386963e-10,-0.9999832510948181,-0.005817953962832689,0.2631884217262268],[-0.549508810043335,0.004860667046159506,-0.8354732394218445,0.8153676986694336]],"relative_focal_length":[1.0,1.0],"scale":0.14864356815814972,"screen_center":[0.49927008152008057,0.49275916814804077],"zoom":1.0},"frame":7,"views":[{"camera0":[[0.8672810196876526,0.1440260410308838,0.4765281081199646,0.45946431159973145],[-0.006070103496313095,-0.954103410243988,0.29941630363464355,0.27506572008132935],[0.49778059124946594,-0.2625708281993866,-0.826601505279541,1.0028733015060425]],"camera1":[[0.8672810196876526,0.1440260410308838,0.4765281081199646,0.45946431159973145],[-0.006070103496313095,-0.954103410243988,0.29941630363464355,0.27506572008132935],[0.49778059124946594,-0.2625708281993866,-0.826601505279541,1.0028733015060425]],"full_resolution":[2064,2272],"relative_focal_length":[0.4356694221496582,0.4339345097541809],"screen_center":[0.3787437081336975,0.5965937376022339],"visualized_dimension":-1},{"camera0":[[0.8672810196876526,0.1440260410308838,0.4765281081199646,0.4672897458076477],[-0.006070103496313095,-0.954103410243988,0.29941630363464355,0.27501094341278076],[0.49778059124946594,-0.2625708281993866,-0.826601505279541,1.0073647499084473]],"camera1":[[0.8672810196876526,0.1440260410308838,0.4765281081199646,0.4672897458076477],[-0.006070103496313095,-0.954103410243988,0.29941630363464355,0.27501094341278076],[0.49778059124946594,-0.2625708281993866,-0.826601505279541,1.0073647499084473]],"full_resolution":[2064,2272],"relative_focal_length":[0.4356694221496582,0.4339345097541809],"screen_center":[0.6212562918663025,0.5965937376022339],"visualized_dimension":-1}]}
{"camera":{"aperture_size":0.0,"autofocus":false,"autofocus_depth":0.0,"autofocus_target":[0.5,0.5,0.5],"fov_axis":1,"matrix":[[0.835487425327301,0.003196944482624531,-0.5494992136955261,0.17502117156982422],[2.3283064365386963e-10,-0.9999832510948181,-0.005817953962832689,0.2631884217262268],[-0.549508810043335,0.004860667046159506,-0.8354732394218445,0.8153676986694336]],"relative_focal_length":[1.0,1.0],"scale":0.14864356815814972,"screen_center":[0.49927008152008057,0.49275916814804077],"zoom":1.0},"frame":8,"views":[{"camera0":[[0.8775330185890198,0.1365392804145813,0.4596647620201111,0.45984065532684326],[-0.004675924312323332,-0.9561213850975037,0.2929340898990631,0.27512696385383606],[0.47949206829071045,-0.2592088580131531,-0.8383896350860596,1.0038330554962158]],"camera1":[[0.8775330185890198,0.1365392804145813,0.4596647620201111,0.45984065532684326],[-0.004675924312323332,-0.9561213850975037,0.2929340898990631,0.27512696385383606],[0.47949206829071045,-0.2592088580131531,-0.8383896350860596,1.0038330554962158]],"full_resolution":[2064,2272],"relative_focal_length":[0.4356694221496582,0.4339345097541809],"screen_center":[0.3787437081336975,0.5965937376022339],"visualized_dimension":-1},{"camera0":[[0.8775330185890198,0.1365392804145813,0.4596647620201111,0.46775859594345093],[-0.004675924312323332,-0.9561213850975037,0.2929340898990631,0.2750847637653351],[0.47949206829071045,-0.2592088580131531,-0.8383896350860596,1.0081595182418823]],"camera1":[[0.8775330185890198,0.1365392804145813,0.4596647620201111,0.46775859594345093],[-0.004675924312323332,-0.9561213850975037,0.2929340898990631,0.2750847637653351],[0.47949206829071045,-0.2592088580131531,-0.8383896350860596,1.0081595182418823]],"full_resolution":[2064,2272],"relative_focal_length":[0.4356694221496582,0.4339345097541809],"screen_center":[0.6212562918663025,0.5965937376022339],"visualized_dimension":-1}]}
{"camera":{"aperture_size":0.0,"autofocus":false,"autofocus_depth":0.0,"autofocus_target":[0.5,0.5,0.5],"fov_axis":1,"matrix":[[0.835487425327301,0.003196944482624531,-0.5494992136955261,0.17502117156982422],[2.3283064365386963e-10,-0.9999832510948181,-0.005817953962832689,0.2631884217262268],[-0.549508810043335,0.004860667046159506,-0.8354732394218445,0.8153676986694336]],"relative_focal_length":[1.0,1.0],"scale":0.14864356815814972,"screen_center":[0.49927008152008057,0.49275916814804077],"zoom":1.0},"frame":9,"views":[{"camera0":[[0.8879326581954956,0.1283319890499115,0.4417073428630829,0.46032607555389404],[-0.009201220236718655,-0.9551436305046082,0.29600054025650024,0.2752331495285034],[0.4598800539970398,-0.2668929696083069,-0.8469223976135254,1.0049190521240234]],"camera1":[[0.8879326581954956,0.1283319890499115,0.4417073428630829,0.46032607555389404],[-0.009201220236718655,-0.9551436305046082,0.29600054025650024,0.2752331495285034],[0.4598800539970398,-0.2668929696083069,-0.8469223976135254,1.0049190521240234]],"full_resolution":[2064,2272],"relative_focal_length":[0.4356694221496582,0.4339345097541809],"screen_center":[0.3787437081336975,0.5965937376022339],"visualized_dimension":-1},{"camera0":[[0.8879326581954956,0.1283319890499115,0.4417073428630829,0.4683378338813782],[-0.009201220236718655,-0.9551436305046082,0.29600054025650024,0.2751501500606537],[0.4598800539970398,-0.2668929696083069,-0.8469223976135254,1.009068489074707]],"camera1":[[0.8879326581954956,0.1283319890499115,0.4417073428630829,0.4683378338813782],[-0.009201220236718655,-0.9551436305046082,0.29600054025650024,0.2751501500606537],[0.4598800539970398,-0.2668929696083069,-0.8469223976135254,1.009068489074707]],"full_resolution":[2064,2272],"relative_focal_length":[0.4356694221496582,0.4339345097541809],"screen_center":[0.6212562918663025,0.5965937376022339],"visualized_dimension":-1}]}
{"camera":{"aperture_size":0.0,"autofocus":false,"autofocus_depth":0.0,"autofocus_target":[0.5,0.5,0.5],"fov_axis":1,"matrix":[[0.835487425327301,0.003196944482624531,-0.5494992136955261,0.17502117156982422],[2.3283064365386963e-10,-0.9999832510948181,-0.005817953962832689,0.2631884217262268],[-0.549508810043335,0.004860667046159506,-0.8354732394218445,0.8153676986694336]],"relative_focal_length":[1.0,1.0],"scale":0.14864356815814972,"screen_center":[0.49927008152008057,0.49275916814804077],"zoom":1.0},"frame":10,"views":[{"camera0":[[0.8911941647529602,0.12281036376953125,0.43668004870414734,0.46061331033706665],[-0.015661124140024185,-0.953750491142273,0.30019158124923706,0.2752799689769745],[0.4533501863479614,-0.2743680477142334,-0.8480536341667175,1.0054845809936523]],"camera1":[[0.8911941647529602,0.12281036376953125,0.43668004870414734,0.46061331033706665],[-0.015661124140024185,-0.953750491142273,0.30019158124923706,0.2752799689769745],[0.4533501863479614,-0.2743680477142334,-0.8480536341667175,1.0054845809936523]],"full_resolution":[2064,2272],"relative_focal_length":[0.4356694221496582,0.4339345097541809],"screen_center":[0.3787437081336975,0.5965937376022339],"visualized_dimension":-1},{"camera0":[[0.8911941647529602,0.12281036376953125,0.43668004870414734,0.46865448355674744],[-0.015661124140024185,-0.953750491142273,0.30019158124923706,0.2751386761665344],[0.4533501863479614,-0.2743680477142334,-0.8480536341667175,1.0095751285552979]],"camera1":[[0.8911941647529602,0.12281036376953125,0.43668004870414734,0.46865448355674744],[-0.015661124140024185,-0.953750491142273,0.30019158124923706,0.2751386761665344],[0.4533501863479614,-0.2743680477142334,-0.8480536341667175,1.0095751285552979]],"full_resolution":[2064,2272],"relative_focal_length":[0.4356694221496582,0.4339345097541809],"screen_center":[0.6212562918663025,0.5965937376022339],"visualized_dimension":-1}]}
{"camera":{"aperture_size":0.0,"autofocus":false,"autofocus_depth":0.0,"autofocus_target":[0.5,0.5,0.5],"fov_axis":1,"matrix":[[0.835487425327301,0.003196944482624531,-0.5494992136955261,0.17502117156982422],[2.3283064365386963e-10,-0.9999832510948181,-0.005817953962832689,0.2631884217262268],[-0.549508810043335,0.004860667046159506,-0.8354732394218445,0.8153676986694336]],"relative_focal_length":[1.0,1.0],"scale":0.14864356815814972,"screen_center":[0.49927008152008057,0.49275916814804077],"zoom":1.0},"frame":11,"views":[{"camera0":[[0.8961970806121826,0.1186683177947998,0.4274897873401642,0.46121323108673096],[-0.02089575119316578,-0.9512041807174683,0.3078543543815613,0.27536052465438843],[0.44316229224205017,-0.28483104705810547,-0.849986732006073,1.006499171257019]],"camera1":[[0.8961970806121826,0.1186683177947998,0.4274897873401642,0.46121323108673096],[-0.02089575119316578,-0.9512041807174683,0.3078543543815613,0.27536052465438843],[0.44316229224205017,-0.28483104705810547,-0.849986732006073,1.006499171257019]],"full_resolution":[2064,2272],"relative_focal_length":[0.4356694221496582,0.4339345097541809],"screen_center":[0.3787437081336975,0.5965937376022339],"visualized_dimension":-1},{"camera0":[[0.8961970806121826,0.1186683177947998,0.4274897873401642,0.4692995846271515],[-0.02089575119316578,-0.9512041807174683,0.3078543543815613,0.2751719653606415],[0.44316229224205017,-0.28483104705810547,-0.849986732006073,1.010497808456421]],"camera1":[[0.8961970806121826,0.1186683177947998,0.4274897873401642,0.4692995846271515],[-0.02089575119316578,-0.9512041807174683,0.3078543543815613,0.2751719653606415],[0.44316229224205017,-0.28483104705810547,-0.849986732006073,1.010497808456421]],"full_resolution":[2064,2272],"relative_focal_length":[0.4356694221496582,0.4339345097541809],"screen_center":[0.6212562918663025,0.5965937376022339],"visualized_dimension":-1}]}
{"camera":{"aperture_size":0.0,"autofocus":false,"autofocus_depth":0.0,"autofocus_target":[0.5,0.5,0.5],"fov_axis":1,"matrix":[[0.835487425327301,0.003196944482624531,-0.5494992136955261,0.17502117156982422],[2.3283064365386963e-10,-0.9999832510948181,-0.005817953962832689,0.2631884217262268],[-0.549508810043335,0.004860667046159506,-0.8354732394218445,0.8153676986694336]],"relative_focal_length":[1.0,1.0],"scale":0.14864356815814972,"screen_center":[0.49927008152008057,0.49275916814804077],"zoom":1.0},"frame":11,"views":[{"camera0":[[0.8981671333312988,0.11819729954004288,0.42346683144569397,0.4615097939968109],[-0.020219657570123672,-0.9510601162910461,0.30834418535232544,0.2753748595714569],[0.43918755650520325,-0.2855071723461151,-0.8518211841583252,1.006906509399414]],"camera1":[[0.8981671333312988,0.11819729954004288,0.42346683144569397,0.4615097939968109],[-0.020219657570123672,-0.9510601162910461,0.30834418535232544,0.2753748595714569],[0.43918755650520325,-0.2855071723461151,-0.8518211841583252,1.006906509399414]],"full_resolution":[2064,2272],"relative_focal_length":[0.4356694221496582,0.4339345097541809],"screen_center":[0.3787437081336975,0.5965937376022339],"visualized_dimension":-1},{"camera0":[[0.8981671333312988,0.11819729954004288,0.42346683144569397,0.4696138799190521],[-0.020219657570123672,-0.9510601162910461,0.30834418535232544,0.27519240975379944],[0.43918755650520325,-0.2855071723461151,-0.8518211841583252,1.0108692646026611]],"camera1":[[0.8981671333312988,0.11819729954004288,0.42346683144569397,0.4696138799190521],[-0.020219657570123672,-0.9510601162910461,0.30834418535232544,0.27519240975379944],[0.43918755650520325,-0.2855071723461151,-0.8518211841583252,1.0108692646026611]],"full_resolution":[2064,2272],"relative_focal_length":[0.4356694221496582,0.4339345097541809],"screen_center":[0.6212562918663025,0.5965937376022339],"visualized_dimension":-1}]}
{"camera":{"aperture_size":0.0,"autofocus":false,"autofocus_depth":0.0,"autofocus_target":[0.5,0.5,0.5],"fov_axis":1,"matrix":[[0.835487425327301,0.003196944482624531,-0.5494992136955261,0.17502117156982422],[2.3283064365386963e-10,-0.9999832510948181,-0.005817953962832689,0.2631884217262268],[-0.549508810043335,0.004860667046159506,-0.8354732394218445,0.8153676986694336]],"relative_focal_length":[1.0,1.0],"scale":0.14864356815814972,"screen_center":[0.49927008152008057,0.49275916814804077],"zoom":1.0},"frame":12,"views":[{"camera0":[[0.9037283658981323,0.11177581548690796,0.41325533390045166,0.46212661266326904],[-0.020757613703608513,-0.952737033367157,0.30308690667152405,0.2753359079360962],[0.4276011288166046,-0.28248661756515503,-0.8586952686309814,1.0078564882278442]],"camera1":[[0.9037283658981323,0.11177581548690796,0.41325533390045166,0.46212661266326904],[-0.020757613703608513,-0.952737033367157,0.30308690667152405,0.2753359079360962],[0.4276011288166046,-0.28248661756515503,-0.8586952686309814,1.0078564882278442]],"full_resolution":[2064,2272],"relative_focal_length":[0.4356694221496582,0.4339345097541809],"screen_center":[0.3787437081336975,0.5965937376022339],"visualized_dimension":-1},{"camera0":[[0.9037283658981323,0.11177581548690796,0.41325533390045166,0.47028085589408875],[-0.020757613703608513,-0.952737033367157,0.30308690667152405,0.2751486003398895],[0.4276011288166046,-0.28248661756515503,-0.8586952686309814,1.0117146968841553]],"camera1":[[0.9037283658981323,0.11177581548690796,0.41325533390045166,0.47028085589408875],[-0.020757613703608513,-0.952737033367157,0.30308690667152405,0.2751486003398895],[0.4276011288166046,-0.28248661756515503,-0.8586952686309814,1.0117146968841553]],"full_resolution":[2064,2272],"relative_focal_length":[0.4356694221496582,0.4339345097541809],"screen_center":[0.6212562918663025,0.5965937376022339],"visualized_dimension":-1}]}
{"camera":{"aperture_size":0.0,"autofocus":false,"autofocus_depth":0.0,"autofocus_target":[0.5,0.5,0.5],"fov_axis":1,"matrix":[[0.835487425327301,0.003196944482624531,-0.5494992136955261,0.1747320145368576],[2.3283064365386963e-10,-0.9999832510948181,-0.005817953962832689,0.26345035433769226],[-0.549508810043335,0.004860667046159506,-0.8354732394218445,0.8147270083427429]],"relative_focal_length":[1.0,1.0],"scale":0.14864356815814972,"screen_center":[0.49927008152008057,0.49275916814804077],"zoom":1.0},"frame":13,"views":[{"camera0":[[0.9063926935195923,0.10946856439113617,0.4080047607421875,0.4624350965023041],[-0.020354732871055603,-0.9534012675285339,0.3010183274745941,0.2753506004810333],[0.4219440221786499,-0.2811458110809326,-0.8619277477264404,1.0083401203155518]],"camera1":[[0.9063926935195923,0.10946856439113617,0.4080047607421875,0.4624350965023041],[-0.020354732871055603,-0.9534012675285339,0.3010183274745941,0.2753506004810333],[0.4219440221786499,-0.2811458110809326,-0.8619277477264404,1.0083401203155518]],"full_resolution":[2064,2272],"relative_focal_length":[0.4356694221496582,0.4339345097541809],"screen_center":[0.3787437081336975,0.5965937376022339],"visualized_dimension":-1},{"camera0":[[0.9063926935195923,0.10946856439113617,0.4080047607421875,0.47061342000961304],[-0.020354732871055603,-0.9534012675285339,0.3010183274745941,0.27516695857048035],[0.4219440221786499,-0.2811458110809326,-0.8619277477264404,1.012147307395935]],"camera1":[[0.9063926935195923,0.10946856439113617,0.4080047607421875,0.47061342000961304],[-0.020354732871055603,-0.9534012675285339,0.3010183274745941,0.27516695857048035],[0.4219440221786499,-0.2811458110809326,-0.8619277477264404,1.012147307395935]],"full_resolution":[2064,2272],"relative_focal_length":[0.4356694221496582,0.4339345097541809],"screen_center":[0.6212562918663025,0.5965937376022339],"visualized_dimension":-1}]}
{"camera":{"aperture_size":0.0,"autofocus":false,"autofocus_depth":0.0,"autofocus_target":[0.5,0.5,0.5],"fov_axis":1,"matrix":[[0.835487425327301,0.003196944482624531,-0.5494992136955261,0.1724526435136795],[2.3283064365386963e-10,-0.9999832510948181,-0.005817953962832689,0.26511484384536743],[-0.549508810043335,0.004860667046159506,-0.8354732394218445,0.8110479116439819]],"relative_focal_length":[1.0,1.0],"scale":0.14864356815814972,"screen_center":[0.49927008152008057,0.49275916814804077],"zoom":1.0},"frame":14,"views":[{"camera0":[[0.9118026494979858,0.1078123226761818,0.39622125029563904,0.46281421184539795],[-0.01814088597893715,-0.9533987045288086,0.3011678457260132,0.27551141381263733],[0.41022607684135437,-0.28179365396499634,-0.8673557043075562,1.0085737705230713]],"camera1":[[0.9118026494979858,0.1078123226761818,0.39622125029563904,0.46281421184539795],[-0.01814088597893715,-0.9533987045288086,0.3011678457260132,0.27551141381263733],[0.41022607684135437,-0.28179365396499634,-0.8673557043075562,1.0085737705230713]],"full_resolution":[2064,2272],"relative_focal_length":[0.4356694221496582,0.4339345097541809],"screen_center":[0.3787437081336975,0.5965937376022339],"visualized_dimension":-1},{"camera0":[[0.9118026494979858,0.1078123226761818,0.39622125029563904,0.47104132175445557],[-0.01814088597893715,-0.9533987045288086,0.3011678457260132,0.2753477394580841],[0.41022607684135437,-0.28179365396499634,-0.8673557043075562,1.012275218963623]],"camera1":[[0.9118026494979858,0.1078123226761818,0.39622125029563904,0.47104132175445557],[-0.01814088597893715,-0.9533987045288086,0.3011678457260132,0.2753477394580841],[0.41022607684135437,-0.28179365396499634,-0.8673557043075562,1.012275218963623]],"full_resolution":[2064,2272],"relative_focal_length":[0.4356694221496582,0.4339345097541809],"screen_center":[0.6212562918663025,0.5965937376022339],"visualized_dimension":-1}]}
{"camera":{"aperture_size":0.0,"autofocus":false,"autofocus_depth":0.0,"autofocus_target":[0.5,0.5,0.5],"fov_axis":1,"matrix":[[0.835487425327301,0.003196944482624531,-0.5494992136955261,0.1703454852104187],[2.3283064365386963e-10,-0.9999832510948181,-0.005817953962832689,0.26598060131073],[-0.549508810043335,0.004860667046159506,-0.8354732394218445,0.8095350861549377]],"relative_focal_length":[1.0,1.0],"scale":0.14864356815814972,"screen_center":[0.49927008152008057,0.49275916814804077],"zoom":1.0},"frame":15,"views":[{"camera0":[[0.9134063720703125,0.10636067390441895,0.3929058015346527,0.460887610912323],[-0.016439296305179596,-0.9548315405845642,0.29669296741485596,0.2769899070262909],[0.4067150354385376,-0.277460515499115,-0.8704007863998413,1.0053349733352661]],"camera1":[[0.9134063720703125,0.10636067390441895,0.3929058015346527,0.460887610912323],[-0.016439296305179596,-0.9548315405845642,0.29669296741485596,0.2769899070262909],[0.4067150354385376,-0.277460515499115,-0.8704007863998413,1.0053349733352661]],"full_resolution":[2064,2272],"relative_focal_length":[0.4356694221496582,0.4339345097541809],"screen_center":[0.3787437081336975,0.5965937376022339],"visualized_dimension":-1},{"camera0":[[0.9134063720703125,0.10636067390441895,0.3929058015346527,0.46912920475006104],[-0.016439296305179596,-0.9548315405845642,0.29669296741485596,0.27684158086776733],[0.4067150354385376,-0.277460515499115,-0.8704007863998413,1.009004831314087]],"camera1":[[0.9134063720703125,0.10636067390441895,0.3929058015346527,0.46912920475006104],[-0.016439296305179596,-0.9548315405845642,0.29669296741485596,0.27684158086776733],[0.4067150354385376,-0.277460515499115,-0.8704007863998413,1.009004831314087]],"full_resolution":[2064,2272],"relative_focal_length":[0.4356694221496582,0.4339345097541809],"screen_center":[0.6212562918663025,0.5965937376022339],"visualized_dimension":-1}]}
{"camera":{"aperture_size":0.0,"autofocus":false,"autofocus_depth":0.0,"autofocus_target":[0.5,0.5,0.5],"fov_axis":1,"matrix":[[0.835487425327301,0.003196944482624531,-0.5494992136955261,0.1684722751379013],[2.3283064365386963e-10,-0.9999832510948181,-0.005817953962832689,0.2668946087360382],[-0.549508810043335,0.004860667046159506,-0.8354732394218445,0.8075552582740784]],"relative_focal_length":[1.0,1.0],"scale":0.14864356815814972,"screen_center":[0.49927008152008057,0.49275916814804077],"zoom":1.0},"frame":15,"views":[{"camera0":[[0.9177566766738892,0.10087506473064423,0.38411685824394226,0.4594533145427704],[-0.015492777340114117,-0.9573734998703003,0.2884376645088196,0.27778318524360657],[0.3968392312526703,-0.27066677808761597,-0.8770730495452881,1.0047188997268677]],"camera1":[[0.9177566766738892,0.10087506473064423,0.38411685824394226,0.4594533145427704],[-0.015492777340114117,-0.9573734998703003,0.2884376645088196,0.27778318524360657],[0.3968392312526703,-0.27066677808761597,-0.8770730495452881,1.0047188997268677]],"full_resolution":[2064,2272],"relative_focal_length":[0.4356694221496582,0.4339345097541809],"screen_center":[0.3787437081336975,0.5965937376022339],"visualized_dimension":-1},{"camera0":[[0.9177566766738892,0.10087506473064423,0.38411685824394226,0.4677341878414154],[-0.015492777340114117,-0.9573734998703003,0.2884376645088196,0.2776434123516083],[0.3968392312526703,-0.27066677808761597,-0.8770730495452881,1.0082995891571045]],"camera1":[[0.9177566766738892,0.10087506473064423,0.38411685824394226,0.4677341878414154],[-0.015492777340114117,-0.9573734998703003,0.2884376645088196,0.2776434123516083],[0.3968392312526703,-0.27066677808761597,-0.8770730495452881,1.0082995891571045]],"full_resolution":[2064,2272],"relative_focal_length":[0.4356694221496582,0.4339345097541809],"screen_center":[0.6212562918663025,0.5965937376022339],"visualized_dimension":-1}]}
{"camera":{"aperture_size":0.0,"autofocus":false,"autofocus_depth":0.0,"autofocus_target":[0.5,0.5,0.5],"fov_axis":1,"matrix":[[0.835487425327301,0.003196944482624531,-0.5494992136955261,0.16641129553318024],[2.3283064365386963e-10,-0.9999832510948181,-0.005817953962832689,0.26742780208587646],[-0.549508810043335,0.004860667046159506,-0.8354732394218445,0.8060764074325562]],"relative_focal_length":[1.0,1.0],"scale":0.14864356815814972,"screen_center":[0.49927008152008057,0.49275916814804077],"zoom":1.0},"frame":15,"views":[{"camera0":[[0.9192359447479248,0.0957927256822586,0.38187429308891296,0.45787519216537476],[-0.01633700169622898,-0.9598323106765747,0.28009897470474243,0.2786540389060974],[0.3933664858341217,-0.26371586322784424,-0.8807473182678223,1.0032696723937988]],"camera1":[[0.9192359447479248,0.0957927256822586,0.38187429308891296,0.45787519216537476],[-0.01633700169622898,-0.9598323106765747,0.28009897470474243,0.2786540389060974],[0.3933664858341217,-0.26371586322784424,-0.8807473182678223,1.0032696723937988]],"full_resolution":[2064,2272],"relative_focal_length":[0.4356694221496582,0.4339345097541809],"screen_center":[0.3787437081336975,0.5965937376022339],"visualized_dimension":-1},{"camera0":[[0.9192359447479248,0.0957927256822586,0.38187429308891296,0.46616941690444946],[-0.01633700169622898,-0.9598323106765747,0.28009897470474243,0.27850663661956787],[0.3933664858341217,-0.26371586322784424,-0.8807473182678223,1.0068190097808838]],"camera1":[[0.9192359447479248,0.0957927256822586,0.38187429308891296,0.46616941690444946],[-0.01633700169622898,-0.9598323106765747,0.28009897470474243,0.27850663661956787],[0.3933664858341217,-0.26371586322784424,-0.8807473182678223,1.0068190097808838]],"full_resolution":[2064,2272],"relative_focal_length":[0.4356694221496582,0.4339345097541809],"screen_center":[0.6212562918663025,0.5965937376022339],"visualized_dimension":-1}]}
{"camera":{"aperture_size":0.0,"autofocus":false,"autofocus_depth":0.0,"autofocus_target":[0.5,0.5,0.5],"fov_axis":1,"matrix":[[0.835487425327301,0.003196944482624531,-0.5494992136955261,0.1644870787858963],[2.3283064365386963e-10,-0.9999832510948181,-0.005817953962832689,0.26783034205436707],[-0.549508810043335,0.004860667046159506,-0.8354732394218445,0.8044323921203613]],"relative_focal_length":[1.0,1.0],"scale":0.14864356815814972,"screen_center":[0.49927008152008057,0.49275916814804077],"zoom":1.0},"frame":16,"views":[{"camera0":[[0.9201321601867676,0.09440570324659348,0.3800569772720337,0.45607537031173706],[-0.016922496259212494,-0.9600151777267456,0.27943679690361023,0.27929913997650146],[0.3912406265735626,-0.26355046033859253,-0.8817431926727295,1.0022518634796143]],"camera1":[[0.9201321601867676,0.09440570324659348,0.3800569772720337,0.45607537031173706],[-0.016922496259212494,-0.9600151777267456,0.27943679690361023,0.27929913997650146],[0.3912406265735626,-0.26355046033859253,-0.8817431926727295,1.0022518634796143]],"full_resolution":[2064,2272],"relative_focal_length":[0.4356694221496582,0.4339345097541809],"screen_center":[0.3787437081336975,0.5965937376022339],"visualized_dimension":-1},{"camera0":[[0.9201321601867676,0.09440570324659348,0.3800569772720337,0.464377760887146],[-0.016922496259212494,-0.9600151777267456,0.27943679690361023,0.2791464626789093],[0.3912406265735626,-0.26355046033859253,-0.8817431926727295,1.0057820081710815]],"camera1":[[0.9201321601867676,0.09440570324659348,0.3800569772720337,0.464377760887146],[-0.016922496259212494,-0.9600151777267456,0.27943679690361023,0.2791464626789093],[0.3912406265735626,-0.26355046033859253,-0.8817431926727295,1.0057820081710815]],"full_resolution":[2064,2272],"relative_focal_length":[0.4356694221496582,0.4339345097541809],"screen_center":[0.6212562918663025,0.5965937376022339],"visualized_dimension":-1}]}
{"camera":{"aperture_size":0.0,"autofocus":false,"autofocus_depth":0.0,"autofocus_target":[0.5,0.5,0.5],"fov_axis":1,"matrix":[[0.835487425327301,0.003196944482624531,-0.5494992136955261,0.16152167320251465],[2.3283064365386963e-10,-0.9999832510948181,-0.005817953962832689,0.2687090039253235],[-0.549508810043335,0.004860667046159506,-0.8354732394218445,0.8018110990524292]],"relative_focal_length":[1.0,1.0],"scale":0.14864356815814972,"screen_center":[0.49927008152008057,0.49275916814804077],"zoom":1.0},"frame":17,"views":[{"camera0":[[0.9230124354362488,0.09309432655572891,0.3733368217945099,0.454775333404541],[-0.018042266368865967,-0.9587499499320984,0.2836781442165375,0.27974218130111694],[0.38434523344039917,-0.26857447624206543,-0.883258581161499,1.001514196395874]],"camera1":[[0.9230124354362488,0.09309432655572891,0.3733368217945099,0.454775333404541],[-0.018042266368865967,-0.9587499499320984,0.2836781442165375,0.27974218130111694],[0.38434523344039917,-0.26857447624206543,-0.883258581161499,1.001514196395874]],"full_resolution":[2064,2272],"relative_focal_length":[0.4356694221496582,0.4339345097541809],"screen_center":[0.3787437081336975,0.5965937376022339],"visualized_dimension":-1},{"camera0":[[0.9230124354362488,0.09309432655572891,0.3733368217945099,0.46310365200042725],[-0.018042266368865967,-0.9587499499320984,0.2836781442165375,0.27957937121391296],[0.38434523344039917,-0.26857447624206543,-0.883258581161499,1.0049821138381958]],"camera1":[[0.9230124354362488,0.09309432655572891,0.3733368217945099,0.46310365200042725],[-0.018042266368865967,-0.9587499499320984,0.2836781442165375,0.27957937121391296],[0.38434523344039917,-0.26857447624206543,-0.883258581161499,1.0049821138381958]],"full_resolution":[2064,2272],"relative_focal_length":[0.4356694221496582,0.4339345097541809],"screen_center":[0.6212562918663025,0.5965937376022339],"visualized_dimension":-1}]}
