{"camera":{"aperture_size":0.0,"autofocus":false,"autofocus_depth":0.0,"autofocus_target":[0.5,0.5,0.5],"fov_axis":1,"matrix":[[0.835487425327301,0.003196944482624531,-0.5494992136955261,0.10111415386199951],[2.3283064365386963e-10,-0.9999832510948181,-0.005817953962832689,0.262493371963501],[-0.549508810043335,0.004860667046159506,-0.8354732394218445,0.7948634028434753]],"relative_focal_length":[1.0,1.0],"scale":0.14864356815814972,"screen_center":[0.49927008152008057,0.49275916814804077],"zoom":1.0},"frame":1,"views":[{"camera0":[[0.9986685514450073,0.03577201068401337,-0.03715208172798157,0.3137155771255493],[0.0477495901286602,-0.9135469198226929,0.4039212763309479,0.2754276394844055],[-0.019491344690322876,-0.40515759587287903,-0.9140385389328003,0.9701266288757324]],"camera1":[[0.9986685514450073,0.03577201068401337,-0.03715208172798157,0.3137155771255493],[0.0477495901286602,-0.9135469198226929,0.4039212763309479,0.2754276394844055],[-0.019491344690322876,-0.40515759587287903,-0.9140385389328003,0.9701266288757324]],"full_resolution":[2064,2272],"relative_focal_length":[0.4356694221496582,0.4339345097541809],"screen_center":[0.3787437081336975,0.5965937376022339],"visualized_dimension":-1},{"camera0":[[0.9986685514450073,0.03577201068401337,-0.03715208172798157,0.3227265179157257],[0.0477495901286602,-0.9135469198226929,0.4039212763309479,0.27585849165916443],[-0.019491344690322876,-0.40515759587287903,-0.9140385389328003,0.969950795173645]],"camera1":[[0.9986685514450073,0.03577201068401337,-0.03715208172798157,0.3227265179157257],[0.0477495901286602,-0.9135469198226929,0.4039212763309479,0.27585849165916443],[-0.019491344690322876,-0.40515759587287903,-0.9140385389328003,0.969950795173645]],"full_resolution":[2064,2272],"relative_focal_length":[0.4356694221496582,0.4339345097541809],"screen_center":[0.6212562918663025,0.5965937376022339],"visualized_dimension":-1}]}
{"camera":{"aperture_size":0.0,"autofocus":false,"autofocus_depth":0.0,"autofocus_target":[0.5,0.5,0.5],"fov_axis":1,"matrix":[[0.835487425327301,0.003196944482624531,-0.5494992136955261,0.1011303961277008],[2.3283064365386963e-10,-0.9999832510948181,-0.005817953962832689,0.2627125382423401],[-0.549508810043335,0.004860667046159506,-0.8354732394218445,0.7960696816444397]],"relative_focal_length":[1.0,1.0],"scale":0.14864356815814972,"screen_center":[0.49927008152008057,0.49275916814804077],"zoom":1.0},"frame":2,"views":[{"camera0":[[0.9947814345359802,0.0163639634847641,-0.10070300102233887,0.31371575593948364],[0.055086955428123474,-0.916956901550293,0.39516568183898926,0.27504754066467285],[-0.08587408065795898,-0.39865103363990784,-0.913072943687439,0.9708479642868042]],"camera1":[[0.9947814345359802,0.0163639634847641,-0.10070300102233887,0.31371575593948364],[0.055086955428123474,-0.916956901550293,0.39516568183898926,0.27504754066467285],[-0.08587408065795898,-0.39865103363990784,-0.913072943687439,0.9708479642868042]],"full_resolution":[2064,2272],"relative_focal_length":[0.4356694221496582,0.4339345097541809],"screen_center":[0.3787437081336975,0.5965937376022339],"visualized_dimension":-1},{"camera0":[[0.9947814345359802,0.0163639634847641,-0.10070300102233887,0.3226916193962097],[0.055086955428123474,-0.916956901550293,0.39516568183898926,0.27554458379745483],[-0.08587408065795898,-0.39865103363990784,-0.913072943687439,0.9700732231140137]],"camera1":[[0.9947814345359802,0.0163639634847641,-0.10070300102233887,0.3226916193962097],[0.055086955428123474,-0.916956901550293,0.39516568183898926,0.27554458379745483],[-0.08587408065795898,-0.39865103363990784,-0.913072943687439,0.9700732231140137]],"full_resolution":[2064,2272],"relative_focal_length":[0.4356694221496582,0.4339345097541809],"screen_center":[0.6212562918663025,0.5965937376022339],"visualized_dimension":-1}]}
{"camera":{"aperture_size":0.0,"autofocus":false,"autofocus_depth":0.0,"autofocus_target":[0.5,0.5,0.5],"fov_axis":1,"matrix":[[0.835487425327301,0.003196944482624531,-0.5494992136955261,0.09965083748102188],[2.3283064365386963e-10,-0.9999832510948181,-0.005817953962832689,0.26311466097831726],[-0.549508810043335,0.004860667046159506,-0.8354732394218445,0.7968087196350098]],"relative_focal_length":[1.0,1.0],"scale":0.14864356815814972,"screen_center":[0.49927008152008057,0.49275916814804077],"zoom":1.0},"frame":3,"views":[{"camera0":[[0.9884212017059326,0.006126657128334045,-0.15160709619522095,0.3135470747947693],[0.0677897185087204,-0.9117478728294373,0.40511804819107056,0.2754842936992645],[-0.13574567437171936,-0.4107047915458679,-0.9016062021255493,0.9715951085090637]],"camera1":[[0.9884212017059326,0.006126657128334045,-0.15160709619522095,0.3135470747947693],[0.0677897185087204,-0.9117478728294373,0.40511804819107056,0.2754842936992645],[-0.13574567437171936,-0.4107047915458679,-0.9016062021255493,0.9715951085090637]],"full_resolution":[2064,2272],"relative_focal_length":[0.4356694221496582,0.4339345097541809],"screen_center":[0.3787437081336975,0.5965937376022339],"visualized_dimension":-1},{"camera0":[[0.9884212017059326,0.006126657128334045,-0.15160709619522095,0.32246553897857666],[0.0677897185087204,-0.9117478728294373,0.40511804819107056,0.2760959565639496],[-0.13574567437171936,-0.4107047915458679,-0.9016062021255493,0.9703702926635742]],"camera1":[[0.9884212017059326,0.006126657128334045,-0.15160709619522095,0.32246553897857666],[0.0677897185087204,-0.9117478728294373,0.40511804819107056,0.2760959565639496],[-0.13574567437171936,-0.4107047915458679,-0.9016062021255493,0.9703702926635742]],"full_resolution":[2064,2272],"relative_focal_length":[0.4356694221496582,0.4339345097541809],"screen_center":[0.6212562918663025,0.5965937376022339],"visualized_dimension":-1}]}
{"camera":{"aperture_size":0.0,"autofocus":false,"autofocus_depth":0.0,"autofocus_target":[0.5,0.5,0.5],"fov_axis":1,"matrix":[[0.835487425327301,0.003196944482624531,-0.5494992136955261,0.0966307520866394],[2.3283064365386963e-10,-0.9999832510948181,-0.005817953962832689,0.26327404379844666],[-0.549508810043335,0.004860667046159506,-0.8354732394218445,0.7976347208023071]],"relative_focal_length":[1.0,1.0],"scale":0.14864356815814972,"screen_center":[0.49927008152008057,0.49275916814804077],"zoom":1.0},"frame":4,"views":[{"camera0":[[0.9797281622886658,0.011887207627296448,-0.19997549057006836,0.31216371059417725],[0.09315390139818192,-0.9107816219329834,0.4022432565689087,0.27598121762275696],[-0.177352637052536,-0.41271764039993286,-0.8934255838394165,0.9717016816139221]],"camera1":[[0.9797281622886658,0.011887207627296448,-0.19997549057006836,0.31216371059417725],[0.09315390139818192,-0.9107816219329834,0.4022432565689087,0.27598121762275696],[-0.177352637052536,-0.41271764039993286,-0.8934255838394165,0.9717016816139221]],"full_resolution":[2064,2272],"relative_focal_length":[0.4356694221496582,0.4339345097541809],"screen_center":[0.3787437081336975,0.5965937376022339],"visualized_dimension":-1},{"camera0":[[0.9797281622886658,0.011887207627296448,-0.19997549057006836,0.3210037350654602],[0.09315390139818192,-0.9107816219329834,0.4022432565689087,0.27682173252105713],[-0.177352637052536,-0.41271764039993286,-0.8934255838394165,0.9701014161109924]],"camera1":[[0.9797281622886658,0.011887207627296448,-0.19997549057006836,0.3210037350654602],[0.09315390139818192,-0.9107816219329834,0.4022432565689087,0.27682173252105713],[-0.177352637052536,-0.41271764039993286,-0.8934255838394165,0.9701014161109924]],"full_resolution":[2064,2272],"relative_focal_length":[0.4356694221496582,0.4339345097541809],"screen_center":[0.6212562918663025,0.5965937376022339],"visualized_dimension":-1}]}
{"camera":{"aperture_size":0.0,"autofocus":false,"autofocus_depth":0.0,"autofocus_target":[0.5,0.5,0.5],"fov_axis":1,"matrix":[[0.835487425327301,0.003196944482624531,-0.5494992136955261,0.09429536014795303],[2.3283064365386963e-10,-0.9999832510948181,-0.005817953962832689,0.2635550796985626],[-0.549508810043335,0.004860667046159506,-0.8354732394218445,0.797492504119873]],"relative_focal_length":[1.0,1.0],"scale":0.14864356815814972,"screen_center":[0.49927008152008057,0.49275916814804077],"zoom":1.0},"frame":5,"views":[{"camera0":[[0.9832319021224976,0.01280239224433899,-0.18190601468086243,0.3095473051071167],[0.0853634923696518,-0.9138010144233704,0.3970908224582672,0.2759345769882202],[-0.16114243865013123,-0.40596064925193787,-0.8995710611343384,0.9721204042434692]],"camera1":[[0.9832319021224976,0.01280239224433899,-0.18190601468086243,0.3095473051071167],[0.0853634923696518,-0.9138010144233704,0.3970908224582672,0.2759345769882202],[-0.16114243865013123,-0.40596064925193787,-0.8995710611343384,0.9721204042434692]],"full_resolution":[2064,2272],"relative_focal_length":[0.4356694221496582,0.4339345097541809],"screen_center":[0.3787437081336975,0.5965937376022339],"visualized_dimension":-1},{"camera0":[[0.9832319021224976,0.01280239224433899,-0.18190601468086243,0.3184189200401306],[0.0853634923696518,-0.9138010144233704,0.3970908224582672,0.2767048180103302],[-0.16114243865013123,-0.40596064925193787,-0.8995710611343384,0.9706664085388184]],"camera1":[[0.9832319021224976,0.01280239224433899,-0.18190601468086243,0.3184189200401306],[0.0853634923696518,-0.9138010144233704,0.3970908224582672,0.2767048180103302],[-0.16114243865013123,-0.40596064925193787,-0.8995710611343384,0.9706664085388184]],"full_resolution":[2064,2272],"relative_focal_length":[0.4356694221496582,0.4339345097541809],"screen_center":[0.6212562918663025,0.5965937376022339],"visualized_dimension":-1}]}
{"camera":{"aperture_size":0.0,"autofocus":false,"autofocus_depth":0.0,"autofocus_target":[0.5,0.5,0.5],"fov_axis":1,"matrix":[[0.835487425327301,0.003196944482624531,-0.5494992136955261,0.08977913856506348],[2.3283064365386963e-10,-0.9999832510948181,-0.005817953962832689,0.2643323838710785],[-0.549508810043335,0.004860667046159506,-0.8354732394218445,0.7974311113357544]],"relative_focal_length":[1.0,1.0],"scale":0.14864356815814972,"screen_center":[0.49927008152008057,0.49275916814804077],"zoom":1.0},"frame":6,"views":[{"camera0":[[0.9843924045562744,0.01450297236442566,-0.1753857433795929,0.30767735838890076],[0.08414582908153534,-0.91408371925354,0.39670002460479736,0.276154488325119],[-0.15456417202949524,-0.40526658296585083,-0.9010371565818787,0.9712821245193481]],"camera1":[[0.9843924045562744,0.01450297236442566,-0.1753857433795929,0.30767735838890076],[0.08414582908153534,-0.91408371925354,0.39670002460479736,0.276154488325119],[-0.15456417202949524,-0.40526658296585083,-0.9010371565818787,0.9712821245193481]],"full_resolution":[2064,2272],"relative_focal_length":[0.4356694221496582,0.4339345097541809],"screen_center":[0.3787437081336975,0.5965937376022339],"visualized_dimension":-1},{"camera0":[[0.9843924045562744,0.01450297236442566,-0.1753857433795929,0.3165595233440399],[0.08414582908153534,-0.91408371925354,0.39670002460479736,0.27691373229026794],[-0.15456417202949524,-0.40526658296585083,-0.9010371565818787,0.9698875546455383]],"camera1":[[0.9843924045562744,0.01450297236442566,-0.1753857433795929,0.3165595233440399],[0.08414582908153534,-0.91408371925354,0.39670002460479736,0.27691373229026794],[-0.15456417202949524,-0.40526658296585083,-0.9010371565818787,0.9698875546455383]],"full_resolution":[2064,2272],"relative_focal_length":[0.4356694221496582,0.4339345097541809],"screen_center":[0.6212562918663025,0.5965937376022339],"visualized_dimension":-1}]}
{"camera":{"aperture_size":0.0,"autofocus":false,"autofocus_depth":0.0,"autofocus_target":[0.5,0.5,0.5],"fov_axis":1,"matrix":[[0.835487425327301,0.003196944482624531,-0.5494992136955261,0.0853675976395607],[2.3283064365386963e-10,-0.9999832510948181,-0.005817953962832689,0.26501744985580444],[-0.549508810043335,0.004860667046159506,-0.8354732394218445,0.7973071336746216]],"relative_focal_length":[1.0,1.0],"scale":0.14864356815814972,"screen_center":[0.49927008152008057,0.49275916814804077],"zoom":1.0},"frame":7,"views":[{"camera0":[[0.9828143119812012,0.025076955556869507,-0.18288251757621765,0.3036515712738037],[0.09680362045764923,-0.9135873317718506,0.394952654838562,0.276871919631958],[-0.1571751832962036,-0.40586894750595093,-0.9003140926361084,0.9706078171730042]],"camera1":[[0.9828143119812012,0.025076955556869507,-0.18288251757621765,0.3036515712738037],[0.09680362045764923,-0.9135873317718506,0.394952654838562,0.276871919631958],[-0.1571751832962036,-0.40586894750595093,-0.9003140926361084,0.9706078171730042]],"full_resolution":[2064,2272],"relative_focal_length":[0.4356694221496582,0.4339345097541809],"screen_center":[0.3787437081336975,0.5965937376022339],"visualized_dimension":-1},{"camera0":[[0.9828143119812012,0.025076955556869507,-0.18288251757621765,0.3125194311141968],[0.09680362045764923,-0.9135873317718506,0.394952654838562,0.2777453660964966],[-0.1571751832962036,-0.40586894750595093,-0.9003140926361084,0.9691896438598633]],"camera1":[[0.9828143119812012,0.025076955556869507,-0.18288251757621765,0.3125194311141968],[0.09680362045764923,-0.9135873317718506,0.394952654838562,0.2777453660964966],[-0.1571751832962036,-0.40586894750595093,-0.9003140926361084,0.9691896438598633]],"full_resolution":[2064,2272],"relative_focal_length":[0.4356694221496582,0.4339345097541809],"screen_center":[0.6212562918663025,0.5965937376022339],"visualized_dimension":-1}]}
{"camera":{"aperture_size":0.0,"autofocus":false,"autofocus_depth":0.0,"autofocus_target":[0.5,0.5,0.5],"fov_axis":1,"matrix":[[0.835487425327301,0.003196944482624531,-0.5494992136955261,0.08273911476135254],[2.3283064365386963e-10,-0.9999832510948181,-0.005817953962832689,0.2653089761734009],[-0.549508810043335,0.004860667046159506,-0.8354732394218445,0.7968630194664001]],"relative_focal_length":[1.0,1.0],"scale":0.14864356815814972,"screen_center":[0.49927008152008057,0.49275916814804077],"zoom":1.0},"frame":8,"views":[{"camera0":[[0.9819886684417725,0.028330475091934204,-0.18680065870285034,0.2995191812515259],[0.10135912150144577,-0.9133713245391846,0.39430907368659973,0.27748438715934753],[-0.15944761037826538,-0.40614110231399536,-0.8997916579246521,0.9701822400093079]],"camera1":[[0.9819886684417725,0.028330475091934204,-0.18680065870285034,0.2995191812515259],[0.10135912150144577,-0.9133713245391846,0.39430907368659973,0.27748438715934753],[-0.15944761037826538,-0.40614110231399536,-0.8997916579246521,0.9701822400093079]],"full_resolution":[2064,2272],"relative_focal_length":[0.4356694221496582,0.4339345097541809],"screen_center":[0.3787437081336975,0.5965937376022339],"visualized_dimension":-1},{"camera0":[[0.9819886684417725,0.028330475091934204,-0.18680065870285034,0.308379590511322],[0.10135912150144577,-0.9133713245391846,0.39430907368659973,0.27839896082878113],[-0.15944761037826538,-0.40614110231399536,-0.8997916579246521,0.9687435030937195]],"camera1":[[0.9819886684417725,0.028330475091934204,-0.18680065870285034,0.308379590511322],[0.10135912150144577,-0.9133713245391846,0.39430907368659973,0.27839896082878113],[-0.15944761037826538,-0.40614110231399536,-0.8997916579246521,0.9687435030937195]],"full_resolution":[2064,2272],"relative_focal_length":[0.4356694221496582,0.4339345097541809],"screen_center":[0.6212562918663025,0.5965937376022339],"visualized_dimension":-1}]}
{"camera":{"aperture_size":0.0,"autofocus":false,"autofocus_depth":0.0,"autofocus_target":[0.5,0.5,0.5],"fov_axis":1,"matrix":[[0.835487425327301,0.003196944482624531,-0.5494992136955261,0.07865145057439804],[2.3283064365386963e-10,-0.9999832510948181,-0.005817953962832689,0.26547208428382874],[-0.549508810043335,0.004860667046159506,-0.8354732394218445,0.796239972114563]],"relative_focal_length":[1.0,1.0],"scale":0.14864356815814972,"screen_center":[0.49927008152008057,0.49275916814804077],"zoom":1.0},"frame":8,"views":[{"camera0":[[0.9810125827789307,0.02870585024356842,-0.1918046474456787,0.29753148555755615],[0.10198622941970825,-0.9175581932067871,0.3842994272708893,0.27767661213874817],[-0.16496047377586365,-0.39656415581703186,-0.9030636548995972,0.969186007976532]],"camera1":[[0.9810125827789307,0.02870585024356842,-0.1918046474456787,0.29753148555755615],[0.10198622941970825,-0.9175581932067871,0.3842994272708893,0.27767661213874817],[-0.16496047377586365,-0.39656415581703186,-0.9030636548995972,0.969186007976532]],"full_resolution":[2064,2272],"relative_focal_length":[0.4356694221496582,0.4339345097541809],"screen_center":[0.3787437081336975,0.5965937376022339],"visualized_dimension":-1},{"camera0":[[0.9810125827789307,0.02870585024356842,-0.1918046474456787,0.3063831031322479],[0.10198622941970825,-0.9175581932067871,0.3842994272708893,0.2785968482494354],[-0.16496047377586365,-0.39656415581703186,-0.9030636548995972,0.9676975607872009]],"camera1":[[0.9810125827789307,0.02870585024356842,-0.1918046474456787,0.3063831031322479],[0.10198622941970825,-0.9175581932067871,0.3842994272708893,0.2785968482494354],[-0.16496047377586365,-0.39656415581703186,-0.9030636548995972,0.9676975607872009]],"full_resolution":[2064,2272],"relative_focal_length":[0.4356694221496582,0.4339345097541809],"screen_center":[0.6212562918663025,0.5965937376022339],"visualized_dimension":-1}]}
{"camera":{"aperture_size":0.0,"autofocus":false,"autofocus_depth":0.0,"autofocus_target":[0.5,0.5,0.5],"fov_axis":1,"matrix":[[0.835487425327301,0.003196944482624531,-0.5494992136955261,0.07503189891576767],[2.3283064365386963e-10,-0.9999832510948181,-0.005817953962832689,0.2655317783355713],[-0.549508810043335,0.004860667046159506,-0.8354732394218445,0.7957621812820435]],"relative_focal_length":[1.0,1.0],"scale":0.14864356815814972,"screen_center":[0.49927008152008057,0.49275916814804077],"zoom":1.0},"frame":9,"views":[{"camera0":[[0.9817488193511963,0.02710394561290741,-0.1882377564907074,0.29425695538520813],[0.0978550985455513,-0.9207061529159546,0.3777896463871002,0.2778029143810272],[-0.16307228803634644,-0.3893146812915802,-0.9065542817115784,0.967954158782959]],"camera1":[[0.9817488193511963,0.02710394561290741,-0.1882377564907074,0.29425695538520813],[0.0978550985455513,-0.9207061529159546,0.3777896463871002,0.2778029143810272],[-0.16307228803634644,-0.3893146812915802,-0.9065542817115784,0.967954158782959]],"full_resolution":[2064,2272],"relative_focal_length":[0.4356694221496582,0.4339345097541809],"screen_center":[0.3787437081336975,0.5965937376022339],"visualized_dimension":-1},{"camera0":[[0.9817488193511963,0.02710394561290741,-0.1882377564907074,0.30311521887779236],[0.0978550985455513,-0.9207061529159546,0.3777896463871002,0.2786858379840851],[-0.16307228803634644,-0.3893146812915802,-0.9065542817115784,0.9664828181266785]],"camera1":[[0.9817488193511963,0.02710394561290741,-0.1882377564907074,0.30311521887779236],[0.0978550985455513,-0.9207061529159546,0.3777896463871002,0.2786858379840851],[-0.16307228803634644,-0.3893146812915802,-0.9065542817115784,0.9664828181266785]],"full_resolution":[2064,2272],"relative_focal_length":[0.4356694221496582,0.4339345097541809],"screen_center":[0.6212562918663025,0.5965937376022339],"visualized_dimension":-1}]}
{"camera":{"aperture_size":0.0,"autofocus":false,"autofocus_depth":0.0,"autofocus_target":[0.5,0.5,0.5],"fov_axis":1,"matrix":[[0.835487425327301,0.003196944482624531,-0.5494992136955261,0.07431147992610931],[2.3283064365386963e-10,-0.9999832510948181,-0.005817953962832689,0.2650335133075714],[-0.549508810043335,0.004860667046159506,-0.8354732394218445,0.7957502007484436]],"relative_focal_length":[1.0,1.0],"scale":0.14864356815814972,"screen_center":[0.49927008152008057,0.49275916814804077],"zoom":1.0},"frame":10,"views":[{"camera0":[[0.9852074980735779,0.026642531156539917,-0.16927820444107056,0.29111260175704956],[0.09021361917257309,-0.9205068945884705,0.3801696300506592,0.2778635025024414],[-0.14569330215454102,-0.3898172974586487,-0.9092936515808105,0.9671844244003296]],"camera1":[[0.9852074980735779,0.026642531156539917,-0.16927820444107056,0.29111260175704956],[0.09021361917257309,-0.9205068945884705,0.3801696300506592,0.2778635025024414],[-0.14569330215454102,-0.3898172974586487,-0.9092936515808105,0.9671844244003296]],"full_resolution":[2064,2272],"relative_focal_length":[0.4356694221496582,0.4339345097541809],"screen_center":[0.3787437081336975,0.5965937376022339],"visualized_dimension":-1},{"camera0":[[0.9852074980735779,0.026642531156539917,-0.16927820444107056,0.3000020980834961],[0.09021361917257309,-0.9205068945884705,0.3801696300506592,0.27867749333381653],[-0.14569330215454102,-0.3898172974586487,-0.9092936515808105,0.9658698439598083]],"camera1":[[0.9852074980735779,0.026642531156539917,-0.16927820444107056,0.3000020980834961],[0.09021361917257309,-0.9205068945884705,0.3801696300506592,0.27867749333381653],[-0.14569330215454102,-0.3898172974586487,-0.9092936515808105,0.9658698439598083]],"full_resolution":[2064,2272],"relative_focal_length":[0.4356694221496582,0.4339345097541809],"screen_center":[0.6212562918663025,0.5965937376022339],"visualized_dimension":-1}]}
{"camera":{"aperture_size":0.0,"autofocus":false,"autofocus_depth":0.0,"autofocus_target":[0.5,0.5,0.5],"fov_axis":1,"matrix":[[0.835487425327301,0.003196944482624531,-0.5494992136955261,0.07173570245504379],[2.3283064365386963e-10,-0.9999832510948181,-0.005817953962832689,0.2646200358867645],[-0.549508810043335,0.004860667046159506,-0.8354732394218445,0.7955935001373291]],"relative_focal_length":[1.0,1.0],"scale":0.14864356815814972,"screen_center":[0.49927008152008057,0.49275916814804077],"zoom":1.0},"frame":10,"views":[{"camera0":[[0.9869616627693176,0.03693936765193939,-0.15665560960769653,0.2912367582321167],[0.09341370314359665,-0.924071729183197,0.3706287145614624,0.2772187888622284],[-0.1310705542564392,-0.3804302215576172,-0.9154738783836365,0.9666910171508789]],"camera1":[[0.9869616627693176,0.03693936765193939,-0.15665560960769653,0.2912367582321167],[0.09341370314359665,-0.924071729183197,0.3706287145614624,0.2772187888622284],[-0.1310705542564392,-0.3804302215576172,-0.9154738783836365,0.9666910171508789]],"full_resolution":[2064,2272],"relative_focal_length":[0.4356694221496582,0.4339345097541809],"screen_center":[0.3787437081336975,0.5965937376022339],"visualized_dimension":-1},{"camera0":[[0.9869616627693176,0.03693936765193939,-0.15665560960769653,0.3001420497894287],[0.09341370314359665,-0.924071729183197,0.3706287145614624,0.2780616581439972],[-0.1310705542564392,-0.3804302215576172,-0.9154738783836365,0.9655084013938904]],"camera1":[[0.9869616627693176,0.03693936765193939,-0.15665560960769653,0.3001420497894287],[0.09341370314359665,-0.924071729183197,0.3706287145614624,0.2780616581439972],[-0.1310705542564392,-0.3804302215576172,-0.9154738783836365,0.9655084013938904]],"full_resolution":[2064,2272],"relative_focal_length":[0.4356694221496582,0.4339345097541809],"screen_center":[0.6212562918663025,0.5965937376022339],"visualized_dimension":-1}]}
{"camera":{"aperture_size":0.0,"autofocus":false,"autofocus_depth":0.0,"autofocus_target":[0.5,0.5,0.5],"fov_axis":1,"matrix":[[0.835487425327301,0.003196944482624531,-0.5494992136955261,0.07122484594583511],[2.3283064365386963e-10,-0.9999832510948181,-0.005817953962832689,0.26449161767959595],[-0.549508810043335,0.004860667046159506,-0.8354732394218445,0.7956967353820801]],"relative_focal_length":[1.0,1.0],"scale":0.14864356815814972,"screen_center":[0.49927008152008057,0.49275916814804077],"zoom":1.0},"frame":11,"views":[{"camera0":[[0.9880437254905701,0.044525742530822754,-0.14760011434555054,0.2890379726886749],[0.0959910899400711,-0.9268419146537781,0.3629739284515381,0.2767152786254883],[-0.12064051628112793,-0.37280261516571045,-0.9200343489646912,0.9663225412368774]],"camera1":[[0.9880437254905701,0.044525742530822754,-0.14760011434555054,0.2890379726886749],[0.0959910899400711,-0.9268419146537781,0.3629739284515381,0.2767152786254883],[-0.12064051628112793,-0.37280261516571045,-0.9200343489646912,0.9663225412368774]],"full_resolution":[2064,2272],"relative_focal_length":[0.4356694221496582,0.4339345097541809],"screen_center":[0.3787437081336975,0.5965937376022339],"visualized_dimension":-1},{"camera0":[[0.9880437254905701,0.044525742530822754,-0.14760011434555054,0.2979530394077301],[0.0959910899400711,-0.9268419146537781,0.3629739284515381,0.2775813937187195],[-0.12064051628112793,-0.37280261516571045,-0.9200343489646912,0.9652339816093445]],"camera1":[[0.9880437254905701,0.044525742530822754,-0.14760011434555054,0.2979530394077301],[0.0959910899400711,-0.9268419146537781,0.3629739284515381,0.2775813937187195],[-0.12064051628112793,-0.37280261516571045,-0.9200343489646912,0.9652339816093445]],"full_resolution":[2064,2272],"relative_focal_length":[0.4356694221496582,0.4339345097541809],"screen_center":[0.6212562918663025,0.5965937376022339],"visualized_dimension":-1}]}
{"camera":{"aperture_size":0.0,"autofocus":false,"autofocus_depth":0.0,"autofocus_target":[0.5,0.5,0.5],"fov_axis":1,"matrix":[[0.835487425327301,0.003196944482624531,-0.5494992136955261,0.06955303996801376],[2.3283064365386963e-10,-0.9999832510948181,-0.005817953962832689,0.2644144296646118],[-0.549508810043335,0.004860667046159506,-0.8354732394218445,0.7956696152687073]],"relative_focal_length":[1.0,1.0],"scale":0.14864356815814972,"screen_center":[0.49927008152008057,0.49275916814804077],"zoom":1.0},"frame":12,"views":[{"camera0":[[0.9884573817253113,0.04623138904571533,-0.14426887035369873,0.28930625319480896],[0.09429007023572922,-0.9331099390983582,0.3470093905925751,0.2763782739639282],[-0.11857625842094421,-0.35660725831985474,-0.9266984462738037,0.9662079811096191]],"camera1":[[0.9884573817253113,0.04623138904571533,-0.14426887035369873,0.28930625319480896],[0.09429007023572922,-0.9331099390983582,0.3470093905925751,0.2763782739639282],[-0.11857625842094421,-0.35660725831985474,-0.9266984462738037,0.9662079811096191]],"full_resolution":[2064,2272],"relative_focal_length":[0.4356694221496582,0.4339345097541809],"screen_center":[0.3787437081336975,0.5965937376022339],"visualized_dimension":-1},{"camera0":[[0.9884573817253113,0.04623138904571533,-0.14426887035369873,0.2982250452041626],[0.09429007023572922,-0.9331099390983582,0.3470093905925751,0.27722907066345215],[-0.11857625842094421,-0.35660725831985474,-0.9266984462738037,0.9651380777359009]],"camera1":[[0.9884573817253113,0.04623138904571533,-0.14426887035369873,0.2982250452041626],[0.09429007023572922,-0.9331099390983582,0.3470093905925751,0.27722907066345215],[-0.11857625842094421,-0.35660725831985474,-0.9266984462738037,0.9651380777359009]],"full_resolution":[2064,2272],"relative_focal_length":[0.4356694221496582,0.4339345097541809],"screen_center":[0.6212562918663025,0.5965937376022339],"visualized_dimension":-1}]}
{"camera":{"aperture_size":0.0,"autofocus":false,"autofocus_depth":0.0,"autofocus_target":[0.5,0.5,0.5],"fov_axis":1,"matrix":[[0.835487425327301,0.003196944482624531,-0.5494992136955261,0.06806733459234238],[2.3283064365386963e-10,-0.9999832510948181,-0.005817953962832689,0.2645026445388794],[-0.549508810043335,0.004860667046159506,-0.8354732394218445,0.7956112623214722]],"relative_focal_length":[1.0,1.0],"scale":0.14864356815814972,"screen_center":[0.49927008152008057,0.49275916814804077],"zoom":1.0},"frame":13,"views":[{"camera0":[[0.9894340634346008,0.03924162685871124,-0.13956809043884277,0.28859010338783264],[0.08454646915197372,-0.9382103681564331,0.33557960391044617,0.2762392461299896],[-0.11777573823928833,-0.3438339829444885,-0.9316148161888123,0.9661740064620972]],"camera1":[[0.9894340634346008,0.03924162685871124,-0.13956809043884277,0.28859010338783264],[0.08454646915197372,-0.9382103681564331,0.33557960391044617,0.2762392461299896],[-0.11777573823928833,-0.3438339829444885,-0.9316148161888123,0.9661740064620972]],"full_resolution":[2064,2272],"relative_focal_length":[0.4356694221496582,0.4339345097541809],"screen_center":[0.3787437081336975,0.5965937376022339],"visualized_dimension":-1},{"camera0":[[0.9894340634346008,0.03924162685871124,-0.13956809043884277,0.29751771688461304],[0.08454646915197372,-0.9382103681564331,0.33557960391044617,0.27700209617614746],[-0.11777573823928833,-0.3438339829444885,-0.9316148161888123,0.9651113152503967]],"camera1":[[0.9894340634346008,0.03924162685871124,-0.13956809043884277,0.29751771688461304],[0.08454646915197372,-0.9382103681564331,0.33557960391044617,0.27700209617614746],[-0.11777573823928833,-0.3438339829444885,-0.9316148161888123,0.9651113152503967]],"full_resolution":[2064,2272],"relative_focal_length":[0.4356694221496582,0.4339345097541809],"screen_center":[0.6212562918663025,0.5965937376022339],"visualized_dimension":-1}]}
{"camera":{"aperture_size":0.0,"autofocus":false,"autofocus_depth":0.0,"autofocus_target":[0.5,0.5,0.5],"fov_axis":1,"matrix":[[0.835487425327301,0.003196944482624531,-0.5494992136955261,0.06763139367103577],[2.3283064365386963e-10,-0.9999832510948181,-0.005817953962832689,0.26460468769073486],[-0.549508810043335,0.004860667046159506,-0.8354732394218445,0.7955063581466675]],"relative_focal_length":[1.0,1.0],"scale":0.14864356815814972,"screen_center":[0.49927008152008057,0.49275916814804077],"zoom":1.0},"frame":13,"views":[{"camera0":[[0.9902573227882385,0.03879156708717346,-0.1337331235408783,0.287678599357605],[0.08145654201507568,-0.9403167963027954,0.330407977104187,0.2761816382408142],[-0.1129346489906311,-0.338082492351532,-0.9343153238296509,0.9661020040512085]],"camera1":[[0.9902573227882385,0.03879156708717346,-0.1337331235408783,0.287678599357605],[0.08145654201507568,-0.9403167963027954,0.330407977104187,0.2761816382408142],[-0.1129346489906311,-0.338082492351532,-0.9343153238296509,0.9661020040512085]],"full_resolution":[2064,2272],"relative_focal_length":[0.4356694221496582,0.4339345097541809],"screen_center":[0.3787437081336975,0.5965937376022339],"visualized_dimension":-1},{"camera0":[[0.9902573227882385,0.03879156708717346,-0.1337331235408783,0.2966136336326599],[0.08145654201507568,-0.9403167963027954,0.330407977104187,0.27691662311553955],[-0.1129346489906311,-0.338082492351532,-0.9343153238296509,0.9650830030441284]],"camera1":[[0.9902573227882385,0.03879156708717346,-0.1337331235408783,0.2966136336326599],[0.08145654201507568,-0.9403167963027954,0.330407977104187,0.27691662311553955],[-0.1129346489906311,-0.338082492351532,-0.9343153238296509,0.9650830030441284]],"full_resolution":[2064,2272],"relative_focal_length":[0.4356694221496582,0.4339345097541809],"screen_center":[0.6212562918663025,0.5965937376022339],"visualized_dimension":-1}]}
{"camera":{"aperture_size":0.0,"autofocus":false,"autofocus_depth":0.0,"autofocus_target":[0.5,0.5,0.5],"fov_axis":1,"matrix":[[0.835487425327301,0.003196944482624531,-0.5494992136955261,0.06725998967885971],[2.3283064365386963e-10,-0.9999832510948181,-0.005817953962832689,0.26471903920173645],[-0.549508810043335,0.004860667046159506,-0.8354732394218445,0.7952944040298462]],"relative_focal_length":[1.0,1.0],"scale":0.14864356815814972,"screen_center":[0.49927008152008057,0.49275916814804077],"zoom":1.0},"frame":14,"views":[{"camera0":[[0.9917374849319458,0.03712952136993408,-0.12278765439987183,0.28787338733673096],[0.07629180699586868,-0.9402308464050293,0.3318824768066406,0.27640631794929504],[-0.10312628746032715,-0.33850812911987305,-0.9352948069572449,0.9660395979881287]],"camera1":[[0.9917374849319458,0.03712952136993408,-0.12278765439987183,0.28787338733673096],[0.07629180699586868,-0.9402308464050293,0.3318824768066406,0.27640631794929504],[-0.10312628746032715,-0.33850812911987305,-0.9352948069572449,0.9660395979881287]],"full_resolution":[2064,2272],"relative_focal_length":[0.4356694221496582,0.4339345097541809],"screen_center":[0.3787437081336975,0.5965937376022339],"visualized_dimension":-1},{"camera0":[[0.9917374849319458,0.03712952136993408,-0.12278765439987183,0.2968217730522156],[0.07629180699586868,-0.9402308464050293,0.3318824768066406,0.27709469199180603],[-0.10312628746032715,-0.33850812911987305,-0.9352948069572449,0.96510910987854]],"camera1":[[0.9917374849319458,0.03712952136993408,-0.12278765439987183,0.2968217730522156],[0.07629180699586868,-0.9402308464050293,0.3318824768066406,0.27709469199180603],[-0.10312628746032715,-0.33850812911987305,-0.9352948069572449,0.96510910987854]],"full_resolution":[2064,2272],"relative_focal_length":[0.4356694221496582,0.4339345097541809],"screen_center":[0.6212562918663025,0.5965937376022339],"visualized_dimension":-1}]}
{"camera":{"aperture_size":0.0,"autofocus":false,"autofocus_depth":0.0,"autofocus_target":[0.5,0.5,0.5],"fov_axis":1,"matrix":[[0.835487425327301,0.003196944482624531,-0.5494992136955261,0.06713435053825378],[2.3283064365386963e-10,-0.9999832510948181,-0.005817953962832689,0.2648906111717224],[-0.549508810043335,0.004860667046159506,-0.8354732394218445,0.7951585650444031]],"relative_focal_length":[1.0,1.0],"scale":0.14864356815814972,"screen_center":[0.49927008152008057,0.49275916814804077],"zoom":1.0},"frame":15,"views":[{"camera0":[[0.9939589500427246,0.03667120635509491,-0.1034390926361084,0.28873446583747864],[0.06933251768350601,-0.9404382109642029,0.33282020688056946,0.2765723168849945],[-0.08507338166236877,-0.3379814326763153,-0.937299370765686,0.9658726453781128]],"camera1":[[0.9939589500427246,0.03667120635509491,-0.1034390926361084,0.28873446583747864],[0.06933251768350601,-0.9404382109642029,0.33282020688056946,0.2765723168849945],[-0.08507338166236877,-0.3379814326763153,-0.937299370765686,0.9658726453781128]],"full_resolution":[2064,2272],"relative_focal_length":[0.4356694221496582,0.4339345097541809],"screen_center":[0.3787437081336975,0.5965937376022339],"visualized_dimension":-1},{"camera0":[[0.9939589500427246,0.03667120635509491,-0.1034390926361084,0.2977028787136078],[0.06933251768350601,-0.9404382109642029,0.33282020688056946,0.2771978974342346],[-0.08507338166236877,-0.3379814326763153,-0.937299370765686,0.9651050567626953]],"camera1":[[0.9939589500427246,0.03667120635509491,-0.1034390926361084,0.2977028787136078],[0.06933251768350601,-0.9404382109642029,0.33282020688056946,0.2771978974342346],[-0.08507338166236877,-0.3379814326763153,-0.937299370765686,0.9651050567626953]],"full_resolution":[2064,2272],"relative_focal_length":[0.4356694221496582,0.4339345097541809],"screen_center":[0.6212562918663025,0.5965937376022339],"visualized_dimension":-1}]}
{"camera":{"aperture_size":0.0,"autofocus":false,"autofocus_depth":0.0,"autofocus_target":[0.5,0.5,0.5],"fov_axis":1,"matrix":[[0.835487425327301,0.003196944482624531,-0.5494992136955261,0.06699708849191666],[2.3283064365386963e-10,-0.9999832510948181,-0.005817953962832689,0.26505523920059204],[-0.549508810043335,0.004860667046159506,-0.8354732394218445,0.795006275177002]],"relative_focal_length":[1.0,1.0],"scale":0.14864356815814972,"screen_center":[0.49927008152008057,0.49275916814804077],"zoom":1.0},"frame":16,"views":[{"camera0":[[0.9951838254928589,0.03884074091911316,-0.0899973213672638,0.28931909799575806],[0.06675820797681808,-0.940860390663147,0.3321528434753418,0.2767321467399597],[-0.07177415490150452,-0.33656129240989685,-0.9389217495918274,0.9658301472663879]],"camera1":[[0.9951838254928589,0.03884074091911316,-0.0899973213672638,0.28931909799575806],[0.06675820797681808,-0.940860390663147,0.3321528434753418,0.2767321467399597],[-0.07177415490150452,-0.33656129240989685,-0.9389217495918274,0.9658301472663879]],"full_resolution":[2064,2272],"relative_focal_length":[0.4356694221496582,0.4339345097541809],"screen_center":[0.3787437081336975,0.5965937376022339],"visualized_dimension":-1},{"camera0":[[0.9951838254928589,0.03884074091911316,-0.0899973213672638,0.29829856753349304],[0.06675820797681808,-0.940860390663147,0.3321528434753418,0.2773345112800598],[-0.07177415490150452,-0.33656129240989685,-0.9389217495918274,0.9651825428009033]],"camera1":[[0.9951838254928589,0.03884074091911316,-0.0899973213672638,0.29829856753349304],[0.06675820797681808,-0.940860390663147,0.3321528434753418,0.2773345112800598],[-0.07177415490150452,-0.33656129240989685,-0.9389217495918274,0.9651825428009033]],"full_resolution":[2064,2272],"relative_focal_length":[0.4356694221496582,0.4339345097541809],"screen_center":[0.6212562918663025,0.5965937376022339],"visualized_dimension":-1}]}
{"camera":{"aperture_size":0.0,"autofocus":false,"autofocus_depth":0.0,"autofocus_target":[0.5,0.5,0.5],"fov_axis":1,"matrix":[[0.835487425327301,0.003196944482624531,-0.5494992136955261,0.06645909696817398],[2.3283064365386963e-10,-0.9999832510948181,-0.005817953962832689,0.26539209485054016],[-0.549508810043335,0.004860667046159506,-0.8354732394218445,0.794682502746582]],"relative_focal_length":[1.0,1.0],"scale":0.14864356815814972,"screen_center":[0.49927008152008057,0.49275916814804077],"zoom":1.0},"frame":17,"views":[{"camera0":[[0.997689962387085,0.04452142119407654,-0.05129840970039368,0.29077205061912537],[0.0590970441699028,-0.9412705302238464,0.3324420750141144,0.2769595980644226],[-0.03348517417907715,-0.33470582962036133,-0.9417270421981812,0.9658392071723938]],"camera1":[[0.997689962387085,0.04452142119407654,-0.05129840970039368,0.29077205061912537],[0.0590970441699028,-0.9412705302238464,0.3324420750141144,0.2769595980644226],[-0.03348517417907715,-0.33470582962036133,-0.9417270421981812,0.9658392071723938]],"full_resolution":[2064,2272],"relative_focal_length":[0.4356694221496582,0.4339345097541809],"screen_center":[0.3787437081336975,0.5965937376022339],"visualized_dimension":-1},{"camera0":[[0.997689962387085,0.04452142119407654,-0.05129840970039368,0.2997741401195526],[0.0590970441699028,-0.9412705302238464,0.3324420750141144,0.27749285101890564],[-0.03348517417907715,-0.33470582962036133,-0.9417270421981812,0.9655370712280273]],"camera1":[[0.997689962387085,0.04452142119407654,-0.05129840970039368,0.2997741401195526],[0.0590970441699028,-0.9412705302238464,0.3324420750141144,0.27749285101890564],[-0.03348517417907715,-0.33470582962036133,-0.9417270421981812,0.9655370712280273]],"full_resolution":[2064,2272],"relative_focal_length":[0.4356694221496582,0.4339345097541809],"screen_center":[0.6212562918663025,0.5965937376022339],"visualized_dimension":-1}]}
