{"camera":{"aperture_size":0.0,"autofocus":false,"autofocus_depth":0.0,"autofocus_target":[0.5,0.5,0.5],"fov_axis":1,"matrix":[[0.835487425327301,0.003196944482624531,-0.5494992136955261,0.08308189362287521],[2.3283064365386963e-10,-0.9999832510948181,-0.005817953962832689,0.27372607588768005],[-0.549508810043335,0.004860667046159506,-0.8354732394218445,0.7835829854011536]],"relative_focal_length":[1.0,1.0],"scale":0.14864356815814972,"screen_center":[0.49927008152008057,0.49275916814804077],"zoom":1.0},"frame":1,"views":[{"camera0":[[0.9084131717681885,0.06182499974966049,0.4134754538536072,0.2795400321483612],[-0.061996668577194214,-0.9581493735313416,0.2794753909111023,0.2857914865016937],[0.4134495258331299,-0.279513418674469,-0.8665626049041748,0.9760469198226929]],"camera1":[[0.9084131717681885,0.06182499974966049,0.4134754538536072,0.2795400321483612],[-0.061996668577194214,-0.9581493735313416,0.2794753909111023,0.2857914865016937],[0.4134495258331299,-0.279513418674469,-0.8665626049041748,0.9760469198226929]],"full_resolution":[2064,2272],"relative_focal_length":[0.4356694221496582,0.4339345097541809],"screen_center":[0.3787437081336975,0.5965937376022339],"visualized_dimension":-1},{"camera0":[[0.9084131717681885,0.06182499974966049,0.4134754538536072,0.28773659467697144],[-0.061996668577194214,-0.9581493735313416,0.2794753909111023,0.2852320969104767],[0.4134495258331299,-0.279513418674469,-0.8665626049041748,0.979777455329895]],"camera1":[[0.9084131717681885,0.06182499974966049,0.4134754538536072,0.28773659467697144],[-0.061996668577194214,-0.9581493735313416,0.2794753909111023,0.2852320969104767],[0.4134495258331299,-0.279513418674469,-0.8665626049041748,0.979777455329895]],"full_resolution":[2064,2272],"relative_focal_length":[0.4356694221496582,0.4339345097541809],"screen_center":[0.6212562918663025,0.5965937376022339],"visualized_dimension":-1}]}
{"camera":{"aperture_size":0.0,"autofocus":false,"autofocus_depth":0.0,"autofocus_target":[0.5,0.5,0.5],"fov_axis":1,"matrix":[[0.835487425327301,0.003196944482624531,-0.5494992136955261,0.08232781291007996],[2.3283064365386963e-10,-0.9999832510948181,-0.005817953962832689,0.2734329104423523],[-0.549508810043335,0.004860667046159506,-0.8354732394218445,0.7829928398132324]],"relative_focal_length":[1.0,1.0],"scale":0.14864356815814972,"screen_center":[0.49927008152008057,0.49275916814804077],"zoom":1.0},"frame":2,"views":[{"camera0":[[0.9043107032775879,0.06901637464761734,0.4212574064731598,0.27861306071281433],[-0.05822673812508583,-0.957676887512207,0.28189536929130554,0.2854965627193451],[0.4228835105895996,-0.27944961190223694,-0.862018883228302,0.9750810265541077]],"camera1":[[0.9043107032775879,0.06901637464761734,0.4212574064731598,0.27861306071281433],[-0.05822673812508583,-0.957676887512207,0.28189536929130554,0.2854965627193451],[0.4228835105895996,-0.27944961190223694,-0.862018883228302,0.9750810265541077]],"full_resolution":[2064,2272],"relative_focal_length":[0.4356694221496582,0.4339345097541809],"screen_center":[0.3787437081336975,0.5965937376022339],"visualized_dimension":-1},{"camera0":[[0.9043107032775879,0.06901637464761734,0.4212574064731598,0.28677260875701904],[-0.05822673812508583,-0.957676887512207,0.28189536929130554,0.2849711775779724],[0.4228835105895996,-0.27944961190223694,-0.862018883228302,0.9788966178894043]],"camera1":[[0.9043107032775879,0.06901637464761734,0.4212574064731598,0.28677260875701904],[-0.05822673812508583,-0.957676887512207,0.28189536929130554,0.2849711775779724],[0.4228835105895996,-0.27944961190223694,-0.862018883228302,0.9788966178894043]],"full_resolution":[2064,2272],"relative_focal_length":[0.4356694221496582,0.4339345097541809],"screen_center":[0.6212562918663025,0.5965937376022339],"visualized_dimension":-1}]}
{"camera":{"aperture_size":0.0,"autofocus":false,"autofocus_depth":0.0,"autofocus_target":[0.5,0.5,0.5],"fov_axis":1,"matrix":[[0.835487425327301,0.003196944482624531,-0.5494992136955261,0.08135936409235],[2.3283064365386963e-10,-0.9999832510948181,-0.005817953962832689,0.2727102041244507],[-0.549508810043335,0.004860667046159506,-0.8354732394218445,0.7816911935806274]],"relative_focal_length":[1.0,1.0],"scale":0.14864356815814972,"screen_center":[0.49927008152008057,0.49275916814804077],"zoom":1.0},"frame":3,"views":[{"camera0":[[0.8908738493919373,0.08014161139726639,0.44712406396865845,0.27806976437568665],[-0.05589114502072334,-0.9574959874153137,0.2829803228378296,0.285258024930954],[0.4507976472377777,-0.2770901918411255,-0.848529040813446,0.974793553352356]],"camera1":[[0.8908738493919373,0.08014161139726639,0.44712406396865845,0.27806976437568665],[-0.05589114502072334,-0.9574959874153137,0.2829803228378296,0.285258024930954],[0.4507976472377777,-0.2770901918411255,-0.848529040813446,0.974793553352356]],"full_resolution":[2064,2272],"relative_focal_length":[0.4356694221496582,0.4339345097541809],"screen_center":[0.3787437081336975,0.5965937376022339],"visualized_dimension":-1},{"camera0":[[0.8908738493919373,0.08014161139726639,0.44712406396865845,0.2861080765724182],[-0.05589114502072334,-0.9574959874153137,0.2829803228378296,0.2847537398338318],[0.4507976472377777,-0.2770901918411255,-0.848529040813446,0.9788610935211182]],"camera1":[[0.8908738493919373,0.08014161139726639,0.44712406396865845,0.2861080765724182],[-0.05589114502072334,-0.9574959874153137,0.2829803228378296,0.2847537398338318],[0.4507976472377777,-0.2770901918411255,-0.848529040813446,0.9788610935211182]],"full_resolution":[2064,2272],"relative_focal_length":[0.4356694221496582,0.4339345097541809],"screen_center":[0.6212562918663025,0.5965937376022339],"visualized_dimension":-1}]}
{"camera":{"aperture_size":0.0,"autofocus":false,"autofocus_depth":0.0,"autofocus_target":[0.5,0.5,0.5],"fov_axis":1,"matrix":[[0.835487425327301,0.003196944482624531,-0.5494992136955261,0.08037465810775757],[2.3283064365386963e-10,-0.9999832510948181,-0.005817953962832689,0.272063285112381],[-0.549508810043335,0.004860667046159506,-0.8354732394218445,0.7803826332092285]],"relative_focal_length":[1.0,1.0],"scale":0.14864356815814972,"screen_center":[0.49927008152008057,0.49275916814804077],"zoom":1.0},"frame":3,"views":[{"camera0":[[0.8766427636146545,0.09406891465187073,0.4718552231788635,0.2775588631629944],[-0.05300629884004593,-0.9558497071266174,0.28903651237487793,0.2843000888824463],[0.47821182012557983,-0.2783932387828827,-0.8329524993896484,0.9738999605178833]],"camera1":[[0.8766427636146545,0.09406891465187073,0.4718552231788635,0.2775588631629944],[-0.05300629884004593,-0.9558497071266174,0.28903651237487793,0.2843000888824463],[0.47821182012557983,-0.2783932387828827,-0.8329524993896484,0.9738999605178833]],"full_resolution":[2064,2272],"relative_focal_length":[0.4356694221496582,0.4339345097541809],"screen_center":[0.3787437081336975,0.5965937376022339],"visualized_dimension":-1},{"camera0":[[0.8766427636146545,0.09406891465187073,0.4718552231788635,0.285468727350235],[-0.05300629884004593,-0.9558497071266174,0.28903651237487793,0.28382182121276855],[0.47821182012557983,-0.2783932387828827,-0.8329524993896484,0.9782148003578186]],"camera1":[[0.8766427636146545,0.09406891465187073,0.4718552231788635,0.285468727350235],[-0.05300629884004593,-0.9558497071266174,0.28903651237487793,0.28382182121276855],[0.47821182012557983,-0.2783932387828827,-0.8329524993896484,0.9782148003578186]],"full_resolution":[2064,2272],"relative_focal_length":[0.4356694221496582,0.4339345097541809],"screen_center":[0.6212562918663025,0.5965937376022339],"visualized_dimension":-1}]}
{"camera":{"aperture_size":0.0,"autofocus":false,"autofocus_depth":0.0,"autofocus_target":[0.5,0.5,0.5],"fov_axis":1,"matrix":[[0.835487425327301,0.003196944482624531,-0.5494992136955261,0.07969435304403305],[2.3283064365386963e-10,-0.9999832510948181,-0.005817953962832689,0.272061824798584],[-0.549508810043335,0.004860667046159506,-0.8354732394218445,0.7797229886054993]],"relative_focal_length":[1.0,1.0],"scale":0.14864356815814972,"screen_center":[0.49927008152008057,0.49275916814804077],"zoom":1.0},"frame":4,"views":[{"camera0":[[0.8685902953147888,0.10227286070585251,0.4848608672618866,0.27721700072288513],[-0.05005854368209839,-0.9553544521331787,0.29119130969047546,0.2835283875465393],[0.4929947257041931,-0.27719753980636597,-0.8246920108795166,0.9729883670806885]],"camera1":[[0.8685902953147888,0.10227286070585251,0.4848608672618866,0.27721700072288513],[-0.05005854368209839,-0.9553544521331787,0.29119130969047546,0.2835283875465393],[0.4929947257041931,-0.27719753980636597,-0.8246920108795166,0.9729883670806885]],"full_resolution":[2064,2272],"relative_focal_length":[0.4356694221496582,0.4339345097541809],"screen_center":[0.3787437081336975,0.5965937376022339],"visualized_dimension":-1},{"camera0":[[0.8685902953147888,0.10227286070585251,0.4848608672618866,0.2850542664527893],[-0.05005854368209839,-0.9553544521331787,0.29119130969047546,0.2830767035484314],[0.4929947257041931,-0.27719753980636597,-0.8246920108795166,0.9774366617202759]],"camera1":[[0.8685902953147888,0.10227286070585251,0.4848608672618866,0.2850542664527893],[-0.05005854368209839,-0.9553544521331787,0.29119130969047546,0.2830767035484314],[0.4929947257041931,-0.27719753980636597,-0.8246920108795166,0.9774366617202759]],"full_resolution":[2064,2272],"relative_focal_length":[0.4356694221496582,0.4339345097541809],"screen_center":[0.6212562918663025,0.5965937376022339],"visualized_dimension":-1}]}
{"camera":{"aperture_size":0.0,"autofocus":false,"autofocus_depth":0.0,"autofocus_target":[0.5,0.5,0.5],"fov_axis":1,"matrix":[[0.835487425327301,0.003196944482624531,-0.5494992136955261,0.0783991813659668],[2.3283064365386963e-10,-0.9999832510948181,-0.005817953962832689,0.27191513776779175],[-0.549508810043335,0.004860667046159506,-0.8354732394218445,0.7786455750465393]],"relative_focal_length":[1.0,1.0],"scale":0.14864356815814972,"screen_center":[0.49927008152008057,0.49275916814804077],"zoom":1.0},"frame":4,"views":[{"camera0":[[0.8512603044509888,0.12714558839797974,0.509105920791626,0.2776828408241272],[-0.042538054287433624,-0.9502876996994019,0.308454304933548,0.28394052386283875],[0.5230154395103455,-0.2842314541339874,-0.8035337328910828,0.9730390310287476]],"camera1":[[0.8512603044509888,0.12714558839797974,0.509105920791626,0.2776828408241272],[-0.042538054287433624,-0.9502876996994019,0.308454304933548,0.28394052386283875],[0.5230154395103455,-0.2842314541339874,-0.8035337328910828,0.9730390310287476]],"full_resolution":[2064,2272],"relative_focal_length":[0.4356694221496582,0.4339345097541809],"screen_center":[0.3787437081336975,0.5965937376022339],"visualized_dimension":-1},{"camera0":[[0.8512603044509888,0.12714558839797974,0.509105920791626,0.28536373376846313],[-0.042538054287433624,-0.9502876996994019,0.308454304933548,0.28355672955513],[0.5230154395103455,-0.2842314541339874,-0.8035337328910828,0.9777581691741943]],"camera1":[[0.8512603044509888,0.12714558839797974,0.509105920791626,0.28536373376846313],[-0.042538054287433624,-0.9502876996994019,0.308454304933548,0.28355672955513],[0.5230154395103455,-0.2842314541339874,-0.8035337328910828,0.9777581691741943]],"full_resolution":[2064,2272],"relative_focal_length":[0.4356694221496582,0.4339345097541809],"screen_center":[0.6212562918663025,0.5965937376022339],"visualized_dimension":-1}]}
{"camera":{"aperture_size":0.0,"autofocus":false,"autofocus_depth":0.0,"autofocus_target":[0.5,0.5,0.5],"fov_axis":1,"matrix":[[0.835487425327301,0.003196944482624531,-0.5494992136955261,0.0783991813659668],[2.3283064365386963e-10,-0.9999832510948181,-0.005817953962832689,0.27191513776779175],[-0.549508810043335,0.004860667046159506,-0.8354732394218445,0.7786455750465393]],"relative_focal_length":[1.0,1.0],"scale":0.14864356815814972,"screen_center":[0.49927008152008057,0.49275916814804077],"zoom":1.0},"frame":5,"views":[{"camera0":[[0.8400534391403198,0.11066954582929611,0.5310945510864258,0.27736037969589233],[-0.051217060536146164,-0.9584200382232666,0.2807278633117676,0.28378039598464966],[0.5400793552398682,-0.2630276679992676,-0.7994559407234192,0.9724498987197876]],"camera1":[[0.8400534391403198,0.11066954582929611,0.5310945510864258,0.27736037969589233],[-0.051217060536146164,-0.9584200382232666,0.2807278633117676,0.28378039598464966],[0.5400793552398682,-0.2630276679992676,-0.7994559407234192,0.9724498987197876]],"full_resolution":[2064,2272],"relative_focal_length":[0.4356694221496582,0.4339345097541809],"screen_center":[0.3787437081336975,0.5965937376022339],"visualized_dimension":-1},{"camera0":[[0.8400534391403198,0.11066954582929611,0.5310945510864258,0.28494012355804443],[-0.051217060536146164,-0.9584200382232666,0.2807278633117676,0.28331828117370605],[0.5400793552398682,-0.2630276679992676,-0.7994559407234192,0.9773229956626892]],"camera1":[[0.8400534391403198,0.11066954582929611,0.5310945510864258,0.28494012355804443],[-0.051217060536146164,-0.9584200382232666,0.2807278633117676,0.28331828117370605],[0.5400793552398682,-0.2630276679992676,-0.7994559407234192,0.9773229956626892]],"full_resolution":[2064,2272],"relative_focal_length":[0.4356694221496582,0.4339345097541809],"screen_center":[0.6212562918663025,0.5965937376022339],"visualized_dimension":-1}]}
{"camera":{"aperture_size":0.0,"autofocus":false,"autofocus_depth":0.0,"autofocus_target":[0.5,0.5,0.5],"fov_axis":1,"matrix":[[0.835487425327301,0.003196944482624531,-0.5494992136955261,0.0783991813659668],[2.3283064365386963e-10,-0.9999832510948181,-0.005817953962832689,0.27191513776779175],[-0.549508810043335,0.004860667046159506,-0.8354732394218445,0.7786455750465393]],"relative_focal_length":[1.0,1.0],"scale":0.14864356815814972,"screen_center":[0.49927008152008057,0.49275916814804077],"zoom":1.0},"frame":6,"views":[{"camera0":[[0.8207745552062988,0.12729418277740479,0.5568879842758179,0.2789290249347687],[-0.05756361782550812,-0.9514644742012024,0.3023277819156647,0.2842988669872284],[0.5683435201644897,-0.2801995873451233,-0.7736103534698486,0.9732503890991211]],"camera1":[[0.8207745552062988,0.12729418277740479,0.5568879842758179,0.2789290249347687],[-0.05756361782550812,-0.9514644742012024,0.3023277819156647,0.2842988669872284],[0.5683435201644897,-0.2801995873451233,-0.7736103534698486,0.9732503890991211]],"full_resolution":[2064,2272],"relative_focal_length":[0.4356694221496582,0.4339345097541809],"screen_center":[0.3787437081336975,0.5965937376022339],"visualized_dimension":-1},{"camera0":[[0.8207745552062988,0.12729418277740479,0.5568879842758179,0.2863348126411438],[-0.05756361782550812,-0.9514644742012024,0.3023277819156647,0.28377947211265564],[0.5683435201644897,-0.2801995873451233,-0.7736103534698486,0.9783784747123718]],"camera1":[[0.8207745552062988,0.12729418277740479,0.5568879842758179,0.2863348126411438],[-0.05756361782550812,-0.9514644742012024,0.3023277819156647,0.28377947211265564],[0.5683435201644897,-0.2801995873451233,-0.7736103534698486,0.9783784747123718]],"full_resolution":[2064,2272],"relative_focal_length":[0.4356694221496582,0.4339345097541809],"screen_center":[0.6212562918663025,0.5965937376022339],"visualized_dimension":-1}]}
{"camera":{"aperture_size":0.0,"autofocus":false,"autofocus_depth":0.0,"autofocus_target":[0.5,0.5,0.5],"fov_axis":1,"matrix":[[0.835487425327301,0.003196944482624531,-0.5494992136955261,0.0783991813659668],[2.3283064365386963e-10,-0.9999832510948181,-0.005817953962832689,0.27191513776779175],[-0.549508810043335,0.004860667046159506,-0.8354732394218445,0.7786455750465393]],"relative_focal_length":[1.0,1.0],"scale":0.14864356815814972,"screen_center":[0.49927008152008057,0.49275916814804077],"zoom":1.0},"frame":7,"views":[{"camera0":[[0.8110995292663574,0.1115979552268982,0.5741623044013977,0.27963507175445557],[-0.07832120358943939,-0.9520674347877502,0.29569190740585327,0.28390976786613464],[0.5796396136283875,-0.2848048210144043,-0.7634810209274292,0.973835289478302]],"camera1":[[0.8110995292663574,0.1115979552268982,0.5741623044013977,0.27963507175445557],[-0.07832120358943939,-0.9520674347877502,0.29569190740585327,0.28390976786613464],[0.5796396136283875,-0.2848048210144043,-0.7634810209274292,0.973835289478302]],"full_resolution":[2064,2272],"relative_focal_length":[0.4356694221496582,0.4339345097541809],"screen_center":[0.3787437081336975,0.5965937376022339],"visualized_dimension":-1},{"camera0":[[0.8110995292663574,0.1115979552268982,0.5741623044013977,0.28695356845855713],[-0.07832120358943939,-0.9520674347877502,0.29569190740585327,0.2832030951976776],[0.5796396136283875,-0.2848048210144043,-0.7634810209274292,0.9790652990341187]],"camera1":[[0.8110995292663574,0.1115979552268982,0.5741623044013977,0.28695356845855713],[-0.07832120358943939,-0.9520674347877502,0.29569190740585327,0.2832030951976776],[0.5796396136283875,-0.2848048210144043,-0.7634810209274292,0.9790652990341187]],"full_resolution":[2064,2272],"relative_focal_length":[0.4356694221496582,0.4339345097541809],"screen_center":[0.6212562918663025,0.5965937376022339],"visualized_dimension":-1}]}
{"camera":{"aperture_size":0.0,"autofocus":false,"autofocus_depth":0.0,"autofocus_target":[0.5,0.5,0.5],"fov_axis":1,"matrix":[[0.835487425327301,0.003196944482624531,-0.5494992136955261,0.0783991813659668],[2.3283064365386963e-10,-0.9999832510948181,-0.005817953962832689,0.27191513776779175],[-0.549508810043335,0.004860667046159506,-0.8354732394218445,0.7786455750465393]],"relative_focal_length":[1.0,1.0],"scale":0.14864356815814972,"screen_center":[0.49927008152008057,0.49275916814804077],"zoom":1.0},"frame":8,"views":[{"camera0":[[0.7934777140617371,0.10858912765979767,0.5988324880599976,0.281127393245697],[-0.0963275283575058,-0.9491422772407532,0.29975050687789917,0.2839597463607788],[0.6009265184402466,-0.2955295443534851,-0.7426632046699524,0.9747591018676758]],"camera1":[[0.7934777140617371,0.10858912765979767,0.5988324880599976,0.281127393245697],[-0.0963275283575058,-0.9491422772407532,0.29975050687789917,0.2839597463607788],[0.6009265184402466,-0.2955295443534851,-0.7426632046699524,0.9747591018676758]],"full_resolution":[2064,2272],"relative_focal_length":[0.4356694221496582,0.4339345097541809],"screen_center":[0.3787437081336975,0.5965937376022339],"visualized_dimension":-1},{"camera0":[[0.7934777140617371,0.10858912765979767,0.5988324880599976,0.2882869243621826],[-0.0963275283575058,-0.9491422772407532,0.29975050687789917,0.28309059143066406],[0.6009265184402466,-0.2955295443534851,-0.7426632046699524,0.9801812171936035]],"camera1":[[0.7934777140617371,0.10858912765979767,0.5988324880599976,0.2882869243621826],[-0.0963275283575058,-0.9491422772407532,0.29975050687789917,0.28309059143066406],[0.6009265184402466,-0.2955295443534851,-0.7426632046699524,0.9801812171936035]],"full_resolution":[2064,2272],"relative_focal_length":[0.4356694221496582,0.4339345097541809],"screen_center":[0.6212562918663025,0.5965937376022339],"visualized_dimension":-1}]}
{"camera":{"aperture_size":0.0,"autofocus":false,"autofocus_depth":0.0,"autofocus_target":[0.5,0.5,0.5],"fov_axis":1,"matrix":[[0.835487425327301,0.003196944482624531,-0.5494992136955261,0.0783991813659668],[2.3283064365386963e-10,-0.9999832510948181,-0.005817953962832689,0.27191513776779175],[-0.549508810043335,0.004860667046159506,-0.8354732394218445,0.7786455750465393]],"relative_focal_length":[1.0,1.0],"scale":0.14864356815814972,"screen_center":[0.49927008152008057,0.49275916814804077],"zoom":1.0},"frame":9,"views":[{"camera0":[[0.7759833335876465,0.11528845876455307,0.6201268434524536,0.28243961930274963],[-0.10357934236526489,-0.9465160369873047,0.30557990074157715,0.2842121124267578],[0.6221895217895508,-0.3013573884963989,-0.7225393056869507,0.9755769371986389]],"camera1":[[0.7759833335876465,0.11528845876455307,0.6201268434524536,0.28243961930274963],[-0.10357934236526489,-0.9465160369873047,0.30557990074157715,0.2842121124267578],[0.6221895217895508,-0.3013573884963989,-0.7225393056869507,0.9755769371986389]],"full_resolution":[2064,2272],"relative_focal_length":[0.4356694221496582,0.4339345097541809],"screen_center":[0.3787437081336975,0.5965937376022339],"visualized_dimension":-1},{"camera0":[[0.7759833335876465,0.11528845876455307,0.6201268434524536,0.2894412875175476],[-0.10357934236526489,-0.9465160369873047,0.30557990074157715,0.2832775115966797],[0.6221895217895508,-0.3013573884963989,-0.7225393056869507,0.9811909198760986]],"camera1":[[0.7759833335876465,0.11528845876455307,0.6201268434524536,0.2894412875175476],[-0.10357934236526489,-0.9465160369873047,0.30557990074157715,0.2832775115966797],[0.6221895217895508,-0.3013573884963989,-0.7225393056869507,0.9811909198760986]],"full_resolution":[2064,2272],"relative_focal_length":[0.4356694221496582,0.4339345097541809],"screen_center":[0.6212562918663025,0.5965937376022339],"visualized_dimension":-1}]}
{"camera":{"aperture_size":0.0,"autofocus":false,"autofocus_depth":0.0,"autofocus_target":[0.5,0.5,0.5],"fov_axis":1,"matrix":[[0.835487425327301,0.003196944482624531,-0.5494992136955261,0.0783991813659668],[2.3283064365386963e-10,-0.9999832510948181,-0.005817953962832689,0.27191513776779175],[-0.549508810043335,0.004860667046159506,-0.8354732394218445,0.7786455750465393]],"relative_focal_length":[1.0,1.0],"scale":0.14864356815814972,"screen_center":[0.49927008152008057,0.49275916814804077],"zoom":1.0},"frame":10,"views":[{"camera0":[[0.7570912837982178,0.13437288999557495,0.6393400430679321,0.28379136323928833],[-0.10529915988445282,-0.9407256245613098,0.3224093019962311,0.28445756435394287],[0.6447663307189941,-0.311415433883667,-0.6980658769607544,0.9762864708900452]],"camera1":[[0.7570912837982178,0.13437288999557495,0.6393400430679321,0.28379136323928833],[-0.10529915988445282,-0.9407256245613098,0.3224093019962311,0.28445756435394287],[0.6447663307189941,-0.311415433883667,-0.6980658769607544,0.9762864708900452]],"full_resolution":[2064,2272],"relative_focal_length":[0.4356694221496582,0.4339345097541809],"screen_center":[0.3787437081336975,0.5965937376022339],"visualized_dimension":-1},{"camera0":[[0.7570912837982178,0.13437288999557495,0.6393400430679321,0.2906225323677063],[-0.10529915988445282,-0.9407256245613098,0.3224093019962311,0.28350743651390076],[0.6447663307189941,-0.311415433883667,-0.6980658769607544,0.9821041822433472]],"camera1":[[0.7570912837982178,0.13437288999557495,0.6393400430679321,0.2906225323677063],[-0.10529915988445282,-0.9407256245613098,0.3224093019962311,0.28350743651390076],[0.6447663307189941,-0.311415433883667,-0.6980658769607544,0.9821041822433472]],"full_resolution":[2064,2272],"relative_focal_length":[0.4356694221496582,0.4339345097541809],"screen_center":[0.6212562918663025,0.5965937376022339],"visualized_dimension":-1}]}
{"camera":{"aperture_size":0.0,"autofocus":false,"autofocus_depth":0.0,"autofocus_target":[0.5,0.5,0.5],"fov_axis":1,"matrix":[[0.835487425327301,0.003196944482624531,-0.5494992136955261,0.0783991813659668],[2.3283064365386963e-10,-0.9999832510948181,-0.005817953962832689,0.27191513776779175],[-0.549508810043335,0.004860667046159506,-0.8354732394218445,0.7786455750465393]],"relative_focal_length":[1.0,1.0],"scale":0.14864356815814972,"screen_center":[0.49927008152008057,0.49275916814804077],"zoom":1.0},"frame":11,"views":[{"camera0":[[0.7476921081542969,0.14435535669326782,0.6481642127037048,0.2844182550907135],[-0.10368940979242325,-0.9387322068214417,0.3286803662776947,0.2845034599304199],[0.6558991074562073,-0.3129596710205078,-0.6869146227836609,0.9765627384185791]],"camera1":[[0.7476921081542969,0.14435535669326782,0.6481642127037048,0.2844182550907135],[-0.10368940979242325,-0.9387322068214417,0.3286803662776947,0.2845034599304199],[0.6558991074562073,-0.3129596710205078,-0.6869146227836609,0.9765627384185791]],"full_resolution":[2064,2272],"relative_focal_length":[0.4356694221496582,0.4339345097541809],"screen_center":[0.3787437081336975,0.5965937376022339],"visualized_dimension":-1},{"camera0":[[0.7476921081542969,0.14435535669326782,0.6481642127037048,0.2911646366119385],[-0.10368940979242325,-0.9387322068214417,0.3286803662776947,0.283567875623703],[0.6558991074562073,-0.3129596710205078,-0.6869146227836609,0.9824808835983276]],"camera1":[[0.7476921081542969,0.14435535669326782,0.6481642127037048,0.2911646366119385],[-0.10368940979242325,-0.9387322068214417,0.3286803662776947,0.283567875623703],[0.6558991074562073,-0.3129596710205078,-0.6869146227836609,0.9824808835983276]],"full_resolution":[2064,2272],"relative_focal_length":[0.4356694221496582,0.4339345097541809],"screen_center":[0.6212562918663025,0.5965937376022339],"visualized_dimension":-1}]}
{"camera":{"aperture_size":0.0,"autofocus":false,"autofocus_depth":0.0,"autofocus_target":[0.5,0.5,0.5],"fov_axis":1,"matrix":[[0.835487425327301,0.003196944482624531,-0.5494992136955261,0.0783991813659668],[2.3283064365386963e-10,-0.9999832510948181,-0.005817953962832689,0.27191513776779175],[-0.549508810043335,0.004860667046159506,-0.8354732394218445,0.7786455750465393]],"relative_focal_length":[1.0,1.0],"scale":0.14864356815814972,"screen_center":[0.49927008152008057,0.49275916814804077],"zoom":1.0},"frame":11,"views":[{"camera0":[[0.7414766550064087,0.14898088574409485,0.6542292237281799,0.28502702713012695],[-0.10492300242185593,-0.9372994303703308,0.33235713839530945,0.2844947278499603],[0.6627233028411865,-0.3150789141654968,-0.679354190826416,0.9767751693725586]],"camera1":[[0.7414766550064087,0.14898088574409485,0.6542292237281799,0.28502702713012695],[-0.10492300242185593,-0.9372994303703308,0.33235713839530945,0.2844947278499603],[0.6627233028411865,-0.3150789141654968,-0.679354190826416,0.9767751693725586]],"full_resolution":[2064,2272],"relative_focal_length":[0.4356694221496582,0.4339345097541809],"screen_center":[0.3787437081336975,0.5965937376022339],"visualized_dimension":-1},{"camera0":[[0.7414766550064087,0.14898088574409485,0.6542292237281799,0.2917173504829407],[-0.10492300242185593,-0.9372994303703308,0.33235713839530945,0.2835480272769928],[0.6627233028411865,-0.3150789141654968,-0.679354190826416,0.9827548265457153]],"camera1":[[0.7414766550064087,0.14898088574409485,0.6542292237281799,0.2917173504829407],[-0.10492300242185593,-0.9372994303703308,0.33235713839530945,0.2835480272769928],[0.6627233028411865,-0.3150789141654968,-0.679354190826416,0.9827548265457153]],"full_resolution":[2064,2272],"relative_focal_length":[0.4356694221496582,0.4339345097541809],"screen_center":[0.6212562918663025,0.5965937376022339],"visualized_dimension":-1}]}
{"camera":{"aperture_size":0.0,"autofocus":false,"autofocus_depth":0.0,"autofocus_target":[0.5,0.5,0.5],"fov_axis":1,"matrix":[[0.835487425327301,0.003196944482624531,-0.5494992136955261,0.0783991813659668],[2.3283064365386963e-10,-0.9999832510948181,-0.005817953962832689,0.27191513776779175],[-0.549508810043335,0.004860667046159506,-0.8354732394218445,0.7786455750465393]],"relative_focal_length":[1.0,1.0],"scale":0.14864356815814972,"screen_center":[0.49927008152008057,0.49275916814804077],"zoom":1.0},"frame":12,"views":[{"camera0":[[0.7389742136001587,0.1552962213754654,0.6555905938148499,0.2855054438114166],[-0.10347218066453934,-0.93536776304245,0.3382025957107544,0.28444206714630127],[0.6657396554946899,-0.31775858998298645,-0.6751439571380615,0.9769883155822754]],"camera1":[[0.7389742136001587,0.1552962213754654,0.6555905938148499,0.2855054438114166],[-0.10347218066453934,-0.93536776304245,0.3382025957107544,0.28444206714630127],[0.6657396554946899,-0.31775858998298645,-0.6751439571380615,0.9769883155822754]],"full_resolution":[2064,2272],"relative_focal_length":[0.4356694221496582,0.4339345097541809],"screen_center":[0.3787437081336975,0.5965937376022339],"visualized_dimension":-1},{"camera0":[[0.7389742136001587,0.1552962213754654,0.6555905938148499,0.2921731472015381],[-0.10347218066453934,-0.93536776304245,0.3382025957107544,0.28350844979286194],[0.6657396554946899,-0.31775858998298645,-0.6751439571380615,0.9829952716827393]],"camera1":[[0.7389742136001587,0.1552962213754654,0.6555905938148499,0.2921731472015381],[-0.10347218066453934,-0.93536776304245,0.3382025957107544,0.28350844979286194],[0.6657396554946899,-0.31775858998298645,-0.6751439571380615,0.9829952716827393]],"full_resolution":[2064,2272],"relative_focal_length":[0.4356694221496582,0.4339345097541809],"screen_center":[0.6212562918663025,0.5965937376022339],"visualized_dimension":-1}]}
{"camera":{"aperture_size":0.0,"autofocus":false,"autofocus_depth":0.0,"autofocus_target":[0.5,0.5,0.5],"fov_axis":1,"matrix":[[0.835487425327301,0.003196944482624531,-0.5494992136955261,0.0783991813659668],[2.3283064365386963e-10,-0.9999832510948181,-0.005817953962832689,0.27191513776779175],[-0.549508810043335,0.004860667046159506,-0.8354732394218445,0.7786455750465393]],"relative_focal_length":[1.0,1.0],"scale":0.14864356815814972,"screen_center":[0.49927008152008057,0.49275916814804077],"zoom":1.0},"frame":12,"views":[{"camera0":[[0.7265333533287048,0.1704162359237671,0.6656623482704163,0.2864643335342407],[-0.10289352387189865,-0.9308522343635559,0.3506101369857788,0.2841850221157074],[0.6793827414512634,-0.3232225179672241,-0.6587605476379395,0.9774101972579956]],"camera1":[[0.7265333533287048,0.1704162359237671,0.6656623482704163,0.2864643335342407],[-0.10289352387189865,-0.9308522343635559,0.3506101369857788,0.2841850221157074],[0.6793827414512634,-0.3232225179672241,-0.6587605476379395,0.9774101972579956]],"full_resolution":[2064,2272],"relative_focal_length":[0.4356694221496582,0.4339345097541809],"screen_center":[0.3787437081336975,0.5965937376022339],"visualized_dimension":-1},{"camera0":[[0.7265333533287048,0.1704162359237671,0.6656623482704163,0.2930198013782501],[-0.10289352387189865,-0.9308522343635559,0.3506101369857788,0.2832566201686859],[0.6793827414512634,-0.3232225179672241,-0.6587605476379395,0.9835401773452759]],"camera1":[[0.7265333533287048,0.1704162359237671,0.6656623482704163,0.2930198013782501],[-0.10289352387189865,-0.9308522343635559,0.3506101369857788,0.2832566201686859],[0.6793827414512634,-0.3232225179672241,-0.6587605476379395,0.9835401773452759]],"full_resolution":[2064,2272],"relative_focal_length":[0.4356694221496582,0.4339345097541809],"screen_center":[0.6212562918663025,0.5965937376022339],"visualized_dimension":-1}]}
{"camera":{"aperture_size":0.0,"autofocus":false,"autofocus_depth":0.0,"autofocus_target":[0.5,0.5,0.5],"fov_axis":1,"matrix":[[0.835487425327301,0.003196944482624531,-0.5494992136955261,0.0783991813659668],[2.3283064365386963e-10,-0.9999832510948181,-0.005817953962832689,0.27191513776779175],[-0.549508810043335,0.004860667046159506,-0.8354732394218445,0.7786455750465393]],"relative_focal_length":[1.0,1.0],"scale":0.14864356815814972,"screen_center":[0.49927008152008057,0.49275916814804077],"zoom":1.0},"frame":12,"views":[{"camera0":[[0.7199766635894775,0.17075975239276886,0.6726614236831665,0.2867109179496765],[-0.1060386672616005,-0.9308079481124878,0.3497895896434784,0.2837989926338196],[0.6858482956886292,-0.32316863536834717,-0.6520529985427856,0.9775370359420776]],"camera1":[[0.7199766635894775,0.17075975239276886,0.6726614236831665,0.2867109179496765],[-0.1060386672616005,-0.9308079481124878,0.3497895896434784,0.2837989926338196],[0.6858482956886292,-0.32316863536834717,-0.6520529985427856,0.9775370359420776]],"full_resolution":[2064,2272],"relative_focal_length":[0.4356694221496582,0.4339345097541809],"screen_center":[0.3787437081336975,0.5965937376022339],"visualized_dimension":-1},{"camera0":[[0.7199766635894775,0.17075975239276886,0.6726614236831665,0.29320722818374634],[-0.1060386672616005,-0.9308079481124878,0.3497895896434784,0.282842218875885],[0.6858482956886292,-0.32316863536834717,-0.6520529985427856,0.9837254285812378]],"camera1":[[0.7199766635894775,0.17075975239276886,0.6726614236831665,0.29320722818374634],[-0.1060386672616005,-0.9308079481124878,0.3497895896434784,0.282842218875885],[0.6858482956886292,-0.32316863536834717,-0.6520529985427856,0.9837254285812378]],"full_resolution":[2064,2272],"relative_focal_length":[0.4356694221496582,0.4339345097541809],"screen_center":[0.6212562918663025,0.5965937376022339],"visualized_dimension":-1}]}
{"camera":{"aperture_size":0.0,"autofocus":false,"autofocus_depth":0.0,"autofocus_target":[0.5,0.5,0.5],"fov_axis":1,"matrix":[[0.835487425327301,0.003196944482624531,-0.5494992136955261,0.0783991813659668],[2.3283064365386963e-10,-0.9999832510948181,-0.005817953962832689,0.27191513776779175],[-0.549508810043335,0.004860667046159506,-0.8354732394218445,0.7786455750465393]],"relative_focal_length":[1.0,1.0],"scale":0.14864356815814972,"screen_center":[0.49927008152008057,0.49275916814804077],"zoom":1.0},"frame":13,"views":[{"camera0":[[0.7114469408988953,0.1618054211139679,0.6838577389717102,0.28671348094940186],[-0.11473800241947174,-0.9333274960517883,0.3401988744735718,0.28388893604278564],[0.6933090090751648,-0.32049810886383057,-0.6454479098320007,0.9775662422180176]],"camera1":[[0.7114469408988953,0.1618054211139679,0.6838577389717102,0.28671348094940186],[-0.11473800241947174,-0.9333274960517883,0.3401988744735718,0.28388893604278564],[0.6933090090751648,-0.32049810886383057,-0.6454479098320007,0.9775662422180176]],"full_resolution":[2064,2272],"relative_focal_length":[0.4356694221496582,0.4339345097541809],"screen_center":[0.3787437081336975,0.5965937376022339],"visualized_dimension":-1},{"camera0":[[0.7114469408988953,0.1618054211139679,0.6838577389717102,0.29313281178474426],[-0.11473800241947174,-0.9333274960517883,0.3401988744735718,0.2828536629676819],[0.6933090090751648,-0.32049810886383057,-0.6454479098320007,0.9838218688964844]],"camera1":[[0.7114469408988953,0.1618054211139679,0.6838577389717102,0.29313281178474426],[-0.11473800241947174,-0.9333274960517883,0.3401988744735718,0.2828536629676819],[0.6933090090751648,-0.32049810886383057,-0.6454479098320007,0.9838218688964844]],"full_resolution":[2064,2272],"relative_focal_length":[0.4356694221496582,0.4339345097541809],"screen_center":[0.6212562918663025,0.5965937376022339],"visualized_dimension":-1}]}
{"camera":{"aperture_size":0.0,"autofocus":false,"autofocus_depth":0.0,"autofocus_target":[0.5,0.5,0.5],"fov_axis":1,"matrix":[[0.835487425327301,0.003196944482624531,-0.5494992136955261,0.0783991813659668],[2.3283064365386963e-10,-0.9999832510948181,-0.005817953962832689,0.27191513776779175],[-0.549508810043335,0.004860667046159506,-0.8354732394218445,0.7786455750465393]],"relative_focal_length":[1.0,1.0],"scale":0.14864356815814972,"screen_center":[0.49927008152008057,0.49275916814804077],"zoom":1.0},"frame":13,"views":[{"camera0":[[0.6991589069366455,0.17229565978050232,0.6938947439193726,0.286607563495636],[-0.12142486125230789,-0.9278154969215393,0.3527248799800873,0.2842682898044586],[0.7045789957046509,-0.3308669924736023,-0.6277695894241333,0.9775636196136475]],"camera1":[[0.6991589069366455,0.17229565978050232,0.6938947439193726,0.286607563495636],[-0.12142486125230789,-0.9278154969215393,0.3527248799800873,0.2842682898044586],[0.7045789957046509,-0.3308669924736023,-0.6277695894241333,0.9775636196136475]],"full_resolution":[2064,2272],"relative_focal_length":[0.4356694221496582,0.4339345097541809],"screen_center":[0.3787437081336975,0.5965937376022339],"visualized_dimension":-1},{"camera0":[[0.6991589069366455,0.17229565978050232,0.6938947439193726,0.29291602969169617],[-0.12142486125230789,-0.9278154969215393,0.3527248799800873,0.28317269682884216],[0.7045789957046509,-0.3308669924736023,-0.6277695894241333,0.9839210510253906]],"camera1":[[0.6991589069366455,0.17229565978050232,0.6938947439193726,0.29291602969169617],[-0.12142486125230789,-0.9278154969215393,0.3527248799800873,0.28317269682884216],[0.7045789957046509,-0.3308669924736023,-0.6277695894241333,0.9839210510253906]],"full_resolution":[2064,2272],"relative_focal_length":[0.4356694221496582,0.4339345097541809],"screen_center":[0.6212562918663025,0.5965937376022339],"visualized_dimension":-1}]}
{"camera":{"aperture_size":0.0,"autofocus":false,"autofocus_depth":0.0,"autofocus_target":[0.5,0.5,0.5],"fov_axis":1,"matrix":[[0.835487425327301,0.003196944482624531,-0.5494992136955261,0.0783991813659668],[2.3283064365386963e-10,-0.9999832510948181,-0.005817953962832689,0.27191513776779175],[-0.549508810043335,0.004860667046159506,-0.8354732394218445,0.7786455750465393]],"relative_focal_length":[1.0,1.0],"scale":0.14864356815814972,"screen_center":[0.49927008152008057,0.49275916814804077],"zoom":1.0},"frame":14,"views":[{"camera0":[[0.6844126582145691,0.17565982043743134,0.7076171040534973,0.28601551055908203],[-0.13211114704608917,-0.9245981574058533,0.35730260610580444,0.284479022026062],[0.7170249223709106,-0.3380267024040222,-0.6096001863479614,0.9774574637413025]],"camera1":[[0.6844126582145691,0.17565982043743134,0.7076171040534973,0.28601551055908203],[-0.13211114704608917,-0.9245981574058533,0.35730260610580444,0.284479022026062],[0.7170249223709106,-0.3380267024040222,-0.6096001863479614,0.9774574637413025]],"full_resolution":[2064,2272],"relative_focal_length":[0.4356694221496582,0.4339345097541809],"screen_center":[0.3787437081336975,0.5965937376022339],"visualized_dimension":-1},{"camera0":[[0.6844126582145691,0.17565982043743134,0.7076171040534973,0.29219090938568115],[-0.13211114704608917,-0.9245981574058533,0.35730260610580444,0.283286988735199],[0.7170249223709106,-0.3380267024040222,-0.6096001863479614,0.9839271306991577]],"camera1":[[0.6844126582145691,0.17565982043743134,0.7076171040534973,0.29219090938568115],[-0.13211114704608917,-0.9245981574058533,0.35730260610580444,0.283286988735199],[0.7170249223709106,-0.3380267024040222,-0.6096001863479614,0.9839271306991577]],"full_resolution":[2064,2272],"relative_focal_length":[0.4356694221496582,0.4339345097541809],"screen_center":[0.6212562918663025,0.5965937376022339],"visualized_dimension":-1}]}
{"camera":{"aperture_size":0.0,"autofocus":false,"autofocus_depth":0.0,"autofocus_target":[0.5,0.5,0.5],"fov_axis":1,"matrix":[[0.835487425327301,0.003196944482624531,-0.5494992136955261,0.0783991813659668],[2.3283064365386963e-10,-0.9999832510948181,-0.005817953962832689,0.27191513776779175],[-0.549508810043335,0.004860667046159506,-0.8354732394218445,0.7786455750465393]],"relative_focal_length":[1.0,1.0],"scale":0.14864356815814972,"screen_center":[0.49927008152008057,0.49275916814804077],"zoom":1.0},"frame":15,"views":[{"camera0":[[0.6599714159965515,0.18817628920078278,0.7273418307304382,0.28517353534698486],[-0.1439831256866455,-0.9184987545013428,0.36827871203422546,0.284820020198822],[0.7373636960983276,-0.3477785587310791,-0.5790888667106628,0.9772857427597046]],"camera1":[[0.6599714159965515,0.18817628920078278,0.7273418307304382,0.28517353534698486],[-0.1439831256866455,-0.9184987545013428,0.36827871203422546,0.284820020198822],[0.7373636960983276,-0.3477785587310791,-0.5790888667106628,0.9772857427597046]],"full_resolution":[2064,2272],"relative_focal_length":[0.4356694221496582,0.4339345097541809],"screen_center":[0.3787437081336975,0.5965937376022339],"visualized_dimension":-1},{"camera0":[[0.6599714159965515,0.18817628920078278,0.7273418307304382,0.29112839698791504],[-0.1439831256866455,-0.9184987545013428,0.36827871203422546,0.2835208475589752],[0.7373636960983276,-0.3477785587310791,-0.5790888667106628,0.9839389324188232]],"camera1":[[0.6599714159965515,0.18817628920078278,0.7273418307304382,0.29112839698791504],[-0.1439831256866455,-0.9184987545013428,0.36827871203422546,0.2835208475589752],[0.7373636960983276,-0.3477785587310791,-0.5790888667106628,0.9839389324188232]],"full_resolution":[2064,2272],"relative_focal_length":[0.4356694221496582,0.4339345097541809],"screen_center":[0.6212562918663025,0.5965937376022339],"visualized_dimension":-1}]}
