{"camera":{"aperture_size":0.0,"autofocus":false,"autofocus_depth":0.0,"autofocus_target":[0.5,0.5,0.5],"fov_axis":1,"matrix":[[1.0,0.0,0.0,0.0],[0.0,1.0,0.0,0.0],[0.0,0.0,1.0,0.0]],"relative_focal_length":[1.0,1.0],"scale":1.0,"screen_center":[0.49927008152008057,0.49275916814804077],"zoom":1.0},"frame":1,"views":[{"camera0":[[1.0,0.0,0.0,0.0],[0.0,1.0,0.0,0.0],[0.0,0.0,1.0,0.0]],"camera1":[[1.0,0.0,0.0,0.0],[0.0,1.0,0.0,0.0],[0.0,0.0,1.0,0.0]],"full_resolution":[1920,1080],"relative_focal_length":[1.0,1.0],"screen_center":[0.49927008152008057,0.49275916814804077],"visualized_dimension":-1}]}
{"camera":{"aperture_size":0.0,"autofocus":false,"autofocus_depth":0.0,"autofocus_target":[0.5,0.5,0.5],"fov_axis":1,"matrix":[[1.0,0.0,0.0,0.0],[0.0,1.0,0.0,0.0],[0.0,0.0,1.0,0.0]],"relative_focal_length":[1.0,1.0],"scale":1.0,"screen_center":[0.49927008152008057,0.49275916814804077],"zoom":1.0},"frame":1,"views":[{"camera0":[[1.0,0.0,0.0,0.0],[0.0,1.0,0.0,0.0],[0.0,0.0,1.0,0.0]],"camera1":[[1.0,0.0,0.0,0.0],[0.0,1.0,0.0,0.0],[0.0,0.0,1.0,0.0]],"full_resolution":[1920,1080],"relative_focal_length":[1.0,1.0],"screen_center":[0.49927008152008057,0.49275916814804077],"visualized_dimension":-1}]}
{"camera":{"aperture_size":0.0,"autofocus":false,"autofocus_depth":0.0,"autofocus_target":[0.5,0.5,0.5],"fov_axis":1,"matrix":[[1.0,0.0,0.0,0.0],[0.0,1.0,0.0,0.0],[0.0,0.0,1.0,0.0]],"relative_focal_length":[1.0,1.0],"scale":1.0,"screen_center":[0.49927008152008057,0.49275916814804077],"zoom":1.0},"frame":1,"views":[{"camera0":[[1.0,0.0,0.0,0.0],[0.0,1.0,0.0,0.0],[0.0,0.0,1.0,0.0]],"camera1":[[1.0,0.0,0.0,0.0],[0.0,1.0,0.0,0.0],[0.0,0.0,1.0,0.0]],"full_resolution":[1920,1080],"relative_focal_length":[1.0,1.0],"screen_center":[0.49927008152008057,0.49275916814804077],"visualized_dimension":-1}]}
{"camera":{"aperture_size":0.0,"autofocus":false,"autofocus_depth":0.0,"autofocus_target":[0.5,0.5,0.5],"fov_axis":1,"matrix":[[1.0,0.0,0.0,0.0],[0.0,1.0,0.0,0.0],[0.0,0.0,1.0,0.0]],"relative_focal_length":[1.0,1.0],"scale":1.0,"screen_center":[0.49927008152008057,0.49275916814804077],"zoom":1.0},"frame":1,"views":[{"camera0":[[1.0,0.0,0.0,0.0],[0.0,1.0,0.0,0.0],[0.0,0.0,1.0,0.0]],"camera1":[[1.0,0.0,0.0,0.0],[0.0,1.0,0.0,0.0],[0.0,0.0,1.0,0.0]],"full_resolution":[1920,1080],"relative_focal_length":[1.0,1.0],"screen_center":[0.49927008152008057,0.49275916814804077],"visualized_dimension":-1}]}
{"camera":{"aperture_size":0.0,"autofocus":false,"autofocus_depth":0.0,"autofocus_target":[0.5,0.5,0.5],"fov_axis":1,"matrix":[[1.0,0.0,0.0,0.0],[0.0,1.0,0.0,0.0],[0.0,0.0,1.0,0.0]],"relative_focal_length":[1.0,1.0],"scale":1.0,"screen_center":[0.49927008152008057,0.49275916814804077],"zoom":1.0},"frame":1,"views":[{"camera0":[[1.0,0.0,0.0,0.0],[0.0,1.0,0.0,0.0],[0.0,0.0,1.0,0.0]],"camera1":[[1.0,0.0,0.0,0.0],[0.0,1.0,0.0,0.0],[0.0,0.0,1.0,0.0]],"full_resolution":[1920,1080],"relative_focal_length":[1.0,1.0],"screen_center":[0.49927008152008057,0.49275916814804077],"visualized_dimension":-1}]}
{"camera":{"aperture_size":0.0,"autofocus":false,"autofocus_depth":0.0,"autofocus_target":[0.5,0.5,0.5],"fov_axis":1,"matrix":[[1.0,0.0,0.0,0.0],[0.0,1.0,0.0,0.0],[0.0,0.0,1.0,0.0]],"relative_focal_length":[1.0,1.0],"scale":1.0,"screen_center":[0.49927008152008057,0.49275916814804077],"zoom":1.0},"frame":1,"views":[{"camera0":[[1.0,0.0,0.0,0.0],[0.0,1.0,0.0,0.0],[0.0,0.0,1.0,0.0]],"camera1":[[1.0,0.0,0.0,0.0],[0.0,1.0,0.0,0.0],[0.0,0.0,1.0,0.0]],"full_resolution":[1920,1080],"relative_focal_length":[1.0,1.0],"screen_center":[0.49927008152008057,0.49275916814804077],"visualized_dimension":-1}]}
{"camera":{"aperture_size":0.0,"autofocus":false,"autofocus_depth":0.0,"autofocus_target":[0.5,0.5,0.5],"fov_axis":1,"matrix":[[1.0,0.0,0.0,0.0],[0.0,1.0,0.0,0.0],[0.0,0.0,1.0,0.0]],"relative_focal_length":[1.0,1.0],"scale":1.0,"screen_center":[0.49927008152008057,0.49275916814804077],"zoom":1.0},"frame":1,"views":[{"camera0":[[1.0,0.0,0.0,0.0],[0.0,1.0,0.0,0.0],[0.0,0.0,1.0,0.0]],"camera1":[[1.0,0.0,0.0,0.0],[0.0,1.0,0.0,0.0],[0.0,0.0,1.0,0.0]],"full_resolution":[1920,1080],"relative_focal_length":[1.0,1.0],"screen_center":[0.49927008152008057,0.49275916814804077],"visualized_dimension":-1}]}
{"camera":{"aperture_size":0.0,"autofocus":false,"autofocus_depth":0.0,"autofocus_target":[0.5,0.5,0.5],"fov_axis":1,"matrix":[[1.0,0.0,0.0,0.0],[0.0,1.0,0.0,0.0],[0.0,0.0,1.0,0.0]],"relative_focal_length":[1.0,1.0],"scale":1.0,"screen_center":[0.49927008152008057,0.49275916814804077],"zoom":1.0},"frame":1,"views":[{"camera0":[[1.0,0.0,0.0,0.0],[0.0,1.0,0.0,0.0],[0.0,0.0,1.0,0.0]],"camera1":[[1.0,0.0,0.0,0.0],[0.0,1.0,0.0,0.0],[0.0,0.0,1.0,0.0]],"full_resolution":[1920,1080],"relative_focal_length":[1.0,1.0],"screen_center":[0.49927008152008057,0.49275916814804077],"visualized_dimension":-1}]}
{"camera":{"aperture_size":0.0,"autofocus":false,"autofocus_depth":0.0,"autofocus_target":[0.5,0.5,0.5],"fov_axis":1,"matrix":[[1.0,0.0,0.0,0.0],[0.0,1.0,0.0,0.0],[0.0,0.0,1.0,0.0]],"relative_focal_length":[1.0,1.0],"scale":1.0,"screen_center":[0.49927008152008057,0.49275916814804077],"zoom":1.0},"frame":1,"views":[{"camera0":[[1.0,0.0,0.0,0.0],[0.0,1.0,0.0,0.0],[0.0,0.0,1.0,0.0]],"camera1":[[1.0,0.0,0.0,0.0],[0.0,1.0,0.0,0.0],[0.0,0.0,1.0,0.0]],"full_resolution":[1920,1080],"relative_focal_length":[1.0,1.0],"screen_center":[0.49927008152008057,0.49275916814804077],"visualized_dimension":-1}]}
{"camera":{"aperture_size":0.0,"autofocus":false,"autofocus_depth":0.0,"autofocus_target":[0.5,0.5,0.5],"fov_axis":1,"matrix":[[1.0,0.0,0.0,0.0],[0.0,1.0,0.0,0.0],[0.0,0.0,1.0,0.0]],"relative_focal_length":[1.0,1.0],"scale":1.0,"screen_center":[0.49927008152008057,0.49275916814804077],"zoom":1.0},"frame":1,"views":[{"camera0":[[1.0,0.0,0.0,0.0],[0.0,1.0,0.0,0.0],[0.0,0.0,1.0,0.0]],"camera1":[[1.0,0.0,0.0,0.0],[0.0,1.0,0.0,0.0],[0.0,0.0,1.0,0.0]],"full_resolution":[1920,1080],"relative_focal_length":[1.0,1.0],"screen_center":[0.49927008152008057,0.49275916814804077],"visualized_dimension":-1}]}
{"camera":{"aperture_size":0.0,"autofocus":false,"autofocus_depth":0.0,"autofocus_target":[0.5,0.5,0.5],"fov_axis":1,"matrix":[[1.0,0.0,0.0,0.0],[0.0,1.0,0.0,0.0],[0.0,0.0,1.0,0.0]],"relative_focal_length":[1.0,1.0],"scale":1.0,"screen_center":[0.49927008152008057,0.49275916814804077],"zoom":1.0},"frame":1,"views":[{"camera0":[[1.0,0.0,0.0,0.0],[0.0,1.0,0.0,0.0],[0.0,0.0,1.0,0.0]],"camera1":[[1.0,0.0,0.0,0.0],[0.0,1.0,0.0,0.0],[0.0,0.0,1.0,0.0]],"full_resolution":[1920,1080],"relative_focal_length":[1.0,1.0],"screen_center":[0.49927008152008057,0.49275916814804077],"visualized_dimension":-1}]}
{"camera":{"aperture_size":0.0,"autofocus":false,"autofocus_depth":0.0,"autofocus_target":[0.5,0.5,0.5],"fov_axis":1,"matrix":[[1.0,0.0,0.0,0.0],[0.0,1.0,0.0,0.0],[0.0,0.0,1.0,0.0]],"relative_focal_length":[1.0,1.0],"scale":1.0,"screen_center":[0.49927008152008057,0.49275916814804077],"zoom":1.0},"frame":1,"views":[{"camera0":[[1.0,0.0,0.0,0.0],[0.0,1.0,0.0,0.0],[0.0,0.0,1.0,0.0]],"camera1":[[1.0,0.0,0.0,0.0],[0.0,1.0,0.0,0.0],[0.0,0.0,1.0,0.0]],"full_resolution":[1920,1080],"relative_focal_length":[1.0,1.0],"screen_center":[0.49927008152008057,0.49275916814804077],"visualized_dimension":-1}]}
{"camera":{"aperture_size":0.0,"autofocus":false,"autofocus_depth":0.0,"autofocus_target":[0.5,0.5,0.5],"fov_axis":1,"matrix":[[1.0,0.0,0.0,0.0],[0.0,1.0,0.0,0.0],[0.0,0.0,1.0,0.0]],"relative_focal_length":[1.0,1.0],"scale":1.0,"screen_center":[0.49927008152008057,0.49275916814804077],"zoom":1.0},"frame":2,"views":[{"camera0":[[1.0,0.0,0.0,0.0],[0.0,1.0,0.0,0.0],[0.0,0.0,1.0,0.0]],"camera1":[[1.0,0.0,0.0,0.0],[0.0,1.0,0.0,0.0],[0.0,0.0,1.0,0.0]],"full_resolution":[1920,1080],"relative_focal_length":[1.0,1.0],"screen_center":[0.49927008152008057,0.49275916814804077],"visualized_dimension":-1}]}
{"camera":{"aperture_size":0.0,"autofocus":false,"autofocus_depth":0.0,"autofocus_target":[0.5,0.5,0.5],"fov_axis":1,"matrix":[[1.0,0.0,0.0,0.0],[0.0,1.0,0.0,0.0],[0.0,0.0,1.0,0.0]],"relative_focal_length":[1.0,1.0],"scale":1.0,"screen_center":[0.49927008152008057,0.49275916814804077],"zoom":1.0},"frame":3,"views":[{"camera0":[[1.0,0.0,0.0,0.0],[0.0,1.0,0.0,0.0],[0.0,0.0,1.0,0.0]],"camera1":[[1.0,0.0,0.0,0.0],[0.0,1.0,0.0,0.0],[0.0,0.0,1.0,0.0]],"full_resolution":[1920,1080],"relative_focal_length":[1.0,1.0],"screen_center":[0.49927008152008057,0.49275916814804077],"visualized_dimension":-1}]}
{"camera":{"aperture_size":0.0,"autofocus":false,"autofocus_depth":0.0,"autofocus_target":[0.5,0.5,0.5],"fov_axis":1,"matrix":[[1.0,0.0,0.0,0.0],[0.0,1.0,0.0,0.0],[0.0,0.0,1.0,0.0]],"relative_focal_length":[1.0,1.0],"scale":1.0,"screen_center":[0.49927008152008057,0.49275916814804077],"zoom":1.0},"frame":3,"views":[{"camera0":[[1.0,0.0,0.0,0.0],[0.0,1.0,0.0,0.0],[0.0,0.0,1.0,0.0]],"camera1":[[1.0,0.0,0.0,0.0],[0.0,1.0,0.0,0.0],[0.0,0.0,1.0,0.0]],"full_resolution":[1920,1080],"relative_focal_length":[1.0,1.0],"screen_center":[0.49927008152008057,0.49275916814804077],"visualized_dimension":-1}]}
{"camera":{"aperture_size":0.0,"autofocus":false,"autofocus_depth":0.0,"autofocus_target":[0.5,0.5,0.5],"fov_axis":1,"matrix":[[1.0,0.0,0.0,0.0],[0.0,1.0,0.0,0.0],[0.0,0.0,1.0,0.0]],"relative_focal_length":[1.0,1.0],"scale":1.0,"screen_center":[0.49927008152008057,0.49275916814804077],"zoom":1.0},"frame":4,"views":[{"camera0":[[1.0,0.0,0.0,0.0],[0.0,1.0,0.0,0.0],[0.0,0.0,1.0,0.0]],"camera1":[[1.0,0.0,0.0,0.0],[0.0,1.0,0.0,0.0],[0.0,0.0,1.0,0.0]],"full_resolution":[1920,1080],"relative_focal_length":[1.0,1.0],"screen_center":[0.49927008152008057,0.49275916814804077],"visualized_dimension":-1}]}
{"camera":{"aperture_size":0.0,"autofocus":false,"autofocus_depth":0.0,"autofocus_target":[0.5,0.5,0.5],"fov_axis":1,"matrix":[[1.0,0.0,0.0,0.0],[0.0,1.0,0.0,0.0],[0.0,0.0,1.0,0.0]],"relative_focal_length":[1.0,1.0],"scale":1.0,"screen_center":[0.49927008152008057,0.49275916814804077],"zoom":1.0},"frame":5,"views":[{"camera0":[[1.0,0.0,0.0,0.0],[0.0,1.0,0.0,0.0],[0.0,0.0,1.0,0.0]],"camera1":[[1.0,0.0,0.0,0.0],[0.0,1.0,0.0,0.0],[0.0,0.0,1.0,0.0]],"full_resolution":[1920,1080],"relative_focal_length":[1.0,1.0],"screen_center":[0.49927008152008057,0.49275916814804077],"visualized_dimension":-1}]}
{"camera":{"aperture_size":0.0,"autofocus":false,"autofocus_depth":0.0,"autofocus_target":[0.5,0.5,0.5],"fov_axis":1,"matrix":[[1.0,0.0,0.0,0.0],[0.0,1.0,0.0,0.0],[0.0,0.0,1.0,0.0]],"relative_focal_length":[1.0,1.0],"scale":1.0,"screen_center":[0.49927008152008057,0.49275916814804077],"zoom":1.0},"frame":6,"views":[{"camera0":[[1.0,0.0,0.0,0.0],[0.0,1.0,0.0,0.0],[0.0,0.0,1.0,0.0]],"camera1":[[1.0,0.0,0.0,0.0],[0.0,1.0,0.0,0.0],[0.0,0.0,1.0,0.0]],"full_resolution":[1920,1080],"relative_focal_length":[1.0,1.0],"screen_center":[0.49927008152008057,0.49275916814804077],"visualized_dimension":-1}]}
{"camera":{"aperture_size":0.0,"autofocus":false,"autofocus_depth":0.0,"autofocus_target":[0.5,0.5,0.5],"fov_axis":1,"matrix":[[1.0,0.0,0.0,0.0],[0.0,1.0,0.0,0.0],[0.0,0.0,1.0,0.0]],"relative_focal_length":[1.0,1.0],"scale":1.0,"screen_center":[0.49927008152008057,0.49275916814804077],"zoom":1.0},"frame":7,"views":[{"camera0":[[1.0,0.0,0.0,0.0],[0.0,1.0,0.0,0.0],[0.0,0.0,1.0,0.0]],"camera1":[[1.0,0.0,0.0,0.0],[0.0,1.0,0.0,0.0],[0.0,0.0,1.0,0.0]],"full_resolution":[1920,1080],"relative_focal_length":[1.0,1.0],"screen_center":[0.49927008152008057,0.49275916814804077],"visualized_dimension":-1}]}
{"camera":{"aperture_size":0.0,"autofocus":false,"autofocus_depth":0.0,"autofocus_target":[0.5,0.5,0.5],"fov_axis":1,"matrix":[[1.0,0.0,0.0,0.0],[0.0,1.0,0.0,0.0],[0.0,0.0,1.0,0.0]],"relative_focal_length":[1.0,1.0],"scale":1.0,"screen_center":[0.49927008152008057,0.49275916814804077],"zoom":1.0},"frame":8,"views":[{"camera0":[[1.0,0.0,0.0,0.0],[0.0,1.0,0.0,0.0],[0.0,0.0,1.0,0.0]],"camera1":[[1.0,0.0,0.0,0.0],[0.0,1.0,0.0,0.0],[0.0,0.0,1.0,0.0]],"full_resolution":[1920,1080],"relative_focal_length":[1.0,1.0],"screen_center":[0.49927008152008057,0.49275916814804077],"visualized_dimension":-1}]}
{"camera":{"aperture_size":0.0,"autofocus":false,"autofocus_depth":0.0,"autofocus_target":[0.5,0.5,0.5],"fov_axis":1,"matrix":[[1.0,0.0,0.0,0.0],[0.0,1.0,0.0,0.0],[0.0,0.0,1.0,0.0]],"relative_focal_length":[1.0,1.0],"scale":1.0,"screen_center":[0.49927008152008057,0.49275916814804077],"zoom":1.0},"frame":9,"views":[{"camera0":[[1.0,0.0,0.0,0.0],[0.0,1.0,0.0,0.0],[0.0,0.0,1.0,0.0]],"camera1":[[1.0,0.0,0.0,0.0],[0.0,1.0,0.0,0.0],[0.0,0.0,1.0,0.0]],"full_resolution":[1920,1080],"relative_focal_length":[1.0,1.0],"screen_center":[0.49927008152008057,0.49275916814804077],"visualized_dimension":-1}]}
{"camera":{"aperture_size":0.0,"autofocus":false,"autofocus_depth":0.0,"autofocus_target":[0.5,0.5,0.5],"fov_axis":1,"matrix":[[1.0,0.0,0.0,0.0],[0.0,1.0,0.0,0.0],[0.0,0.0,1.0,0.0]],"relative_focal_length":[1.0,1.0],"scale":1.0,"screen_center":[0.49927008152008057,0.49275916814804077],"zoom":1.0},"frame":9,"views":[{"camera0":[[1.0,0.0,0.0,0.0],[0.0,1.0,0.0,0.0],[0.0,0.0,1.0,0.0]],"camera1":[[1.0,0.0,0.0,0.0],[0.0,1.0,0.0,0.0],[0.0,0.0,1.0,0.0]],"full_resolution":[1920,1080],"relative_focal_length":[1.0,1.0],"screen_center":[0.49927008152008057,0.49275916814804077],"visualized_dimension":-1}]}
{"camera":{"aperture_size":0.0,"autofocus":false,"autofocus_depth":0.0,"autofocus_target":[0.5,0.5,0.5],"fov_axis":1,"matrix":[[1.0,0.0,0.0,0.0],[0.0,1.0,0.0,0.0],[0.0,0.0,1.0,0.0]],"relative_focal_length":[1.0,1.0],"scale":1.0,"screen_center":[0.49927008152008057,0.49275916814804077],"zoom":1.0},"frame":9,"views":[{"camera0":[[1.0,0.0,0.0,0.0],[0.0,1.0,0.0,0.0],[0.0,0.0,1.0,0.0]],"camera1":[[1.0,0.0,0.0,0.0],[0.0,1.0,0.0,0.0],[0.0,0.0,1.0,0.0]],"full_resolution":[1920,1080],"relative_focal_length":[1.0,1.0],"screen_center":[0.49927008152008057,0.49275916814804077],"visualized_dimension":-1}]}
{"camera":{"aperture_size":0.0,"autofocus":false,"autofocus_depth":0.0,"autofocus_target":[0.5,0.5,0.5],"fov_axis":1,"matrix":[[1.0,0.0,0.0,0.0],[0.0,1.0,0.0,0.0],[0.0,0.0,1.0,0.0]],"relative_focal_length":[1.0,1.0],"scale":1.0,"screen_center":[0.49927008152008057,0.49275916814804077],"zoom":1.0},"frame":9,"views":[{"camera0":[[1.0,0.0,0.0,0.0],[0.0,1.0,0.0,0.0],[0.0,0.0,1.0,0.0]],"camera1":[[1.0,0.0,0.0,0.0],[0.0,1.0,0.0,0.0],[0.0,0.0,1.0,0.0]],"full_resolution":[1920,1080],"relative_focal_length":[1.0,1.0],"screen_center":[0.49927008152008057,0.49275916814804077],"visualized_dimension":-1}]}
{"camera":{"aperture_size":0.0,"autofocus":false,"autofocus_depth":0.0,"autofocus_target":[0.5,0.5,0.5],"fov_axis":1,"matrix":[[1.0,0.0,0.0,0.0],[0.0,1.0,0.0,0.0],[0.0,0.0,1.0,0.0]],"relative_focal_length":[1.0,1.0],"scale":1.0,"screen_center":[0.49927008152008057,0.49275916814804077],"zoom":1.0},"frame":9,"views":[{"camera0":[[1.0,0.0,0.0,0.0],[0.0,1.0,0.0,0.0],[0.0,0.0,1.0,0.0]],"camera1":[[1.0,0.0,0.0,0.0],[0.0,1.0,0.0,0.0],[0.0,0.0,1.0,0.0]],"full_resolution":[1920,1080],"relative_focal_length":[1.0,1.0],"screen_center":[0.49927008152008057,0.49275916814804077],"visualized_dimension":-1}]}
{"camera":{"aperture_size":0.0,"autofocus":false,"autofocus_depth":0.0,"autofocus_target":[0.5,0.5,0.5],"fov_axis":1,"matrix":[[1.0,0.0,0.0,0.0],[0.0,1.0,0.0,0.0],[0.0,0.0,1.0,0.0]],"relative_focal_length":[1.0,1.0],"scale":1.0,"screen_center":[0.49927008152008057,0.49275916814804077],"zoom":1.0},"frame":10,"views":[{"camera0":[[1.0,0.0,0.0,0.0],[0.0,1.0,0.0,0.0],[0.0,0.0,1.0,0.0]],"camera1":[[1.0,0.0,0.0,0.0],[0.0,1.0,0.0,0.0],[0.0,0.0,1.0,0.0]],"full_resolution":[1920,1080],"relative_focal_length":[1.0,1.0],"screen_center":[0.49927008152008057,0.49275916814804077],"visualized_dimension":-1}]}
{"camera":{"aperture_size":0.0,"autofocus":false,"autofocus_depth":0.0,"autofocus_target":[0.5,0.5,0.5],"fov_axis":1,"matrix":[[1.0,0.0,0.0,0.0],[0.0,1.0,0.0,0.0],[0.0,0.0,1.0,0.0]],"relative_focal_length":[1.0,1.0],"scale":1.0,"screen_center":[0.49927008152008057,0.49275916814804077],"zoom":1.0},"frame":11,"views":[{"camera0":[[1.0,0.0,0.0,0.0],[0.0,1.0,0.0,0.0],[0.0,0.0,1.0,0.0]],"camera1":[[1.0,0.0,0.0,0.0],[0.0,1.0,0.0,0.0],[0.0,0.0,1.0,0.0]],"full_resolution":[1920,1080],"relative_focal_length":[1.0,1.0],"screen_center":[0.49927008152008057,0.49275916814804077],"visualized_dimension":-1}]}
{"camera":{"aperture_size":0.0,"autofocus":false,"autofocus_depth":0.0,"autofocus_target":[0.5,0.5,0.5],"fov_axis":1,"matrix":[[1.0,0.0,0.0,0.0],[0.0,1.0,0.0,0.0],[0.0,0.0,1.0,0.0]],"relative_focal_length":[1.0,1.0],"scale":1.0,"screen_center":[0.49927008152008057,0.49275916814804077],"zoom":1.0},"frame":12,"views":[{"camera0":[[1.0,0.0,0.0,0.0],[0.0,1.0,0.0,0.0],[0.0,0.0,1.0,0.0]],"camera1":[[1.0,0.0,0.0,0.0],[0.0,1.0,0.0,0.0],[0.0,0.0,1.0,0.0]],"full_resolution":[1920,1080],"relative_focal_length":[1.0,1.0],"screen_center":[0.49927008152008057,0.49275916814804077],"visualized_dimension":-1}]}
{"camera":{"aperture_size":0.0,"autofocus":false,"autofocus_depth":0.0,"autofocus_target":[0.5,0.5,0.5],"fov_axis":1,"matrix":[[1.0,0.0,0.0,0.0],[0.0,1.0,0.0,0.0],[0.0,0.0,1.0,0.0]],"relative_focal_length":[1.0,1.0],"scale":1.0,"screen_center":[0.49927008152008057,0.49275916814804077],"zoom":1.0},"frame":13,"views":[{"camera0":[[1.0,0.0,0.0,0.0],[0.0,1.0,0.0,0.0],[0.0,0.0,1.0,0.0]],"camera1":[[1.0,0.0,0.0,0.0],[0.0,1.0,0.0,0.0],[0.0,0.0,1.0,0.0]],"full_resolution":[1920,1080],"relative_focal_length":[1.0,1.0],"screen_center":[0.49927008152008057,0.49275916814804077],"visualized_dimension":-1}]}
{"camera":{"aperture_size":0.0,"autofocus":false,"autofocus_depth":0.0,"autofocus_target":[0.5,0.5,0.5],"fov_axis":1,"matrix":[[1.0,0.0,0.0,0.0],[0.0,1.0,0.0,0.0],[0.0,0.0,1.0,0.0]],"relative_focal_length":[1.0,1.0],"scale":1.0,"screen_center":[0.49927008152008057,0.49275916814804077],"zoom":1.0},"frame":14,"views":[{"camera0":[[1.0,0.0,0.0,0.0],[0.0,1.0,0.0,0.0],[0.0,0.0,1.0,0.0]],"camera1":[[1.0,0.0,0.0,0.0],[0.0,1.0,0.0,0.0],[0.0,0.0,1.0,0.0]],"full_resolution":[1920,1080],"relative_focal_length":[1.0,1.0],"screen_center":[0.49927008152008057,0.49275916814804077],"visualized_dimension":-1}]}
{"camera":{"aperture_size":0.0,"autofocus":false,"autofocus_depth":0.0,"autofocus_target":[0.5,0.5,0.5],"fov_axis":1,"matrix":[[1.0,0.0,0.0,0.0],[0.0,1.0,0.0,0.0],[0.0,0.0,1.0,0.0]],"relative_focal_length":[1.0,1.0],"scale":1.0,"screen_center":[0.49927008152008057,0.49275916814804077],"zoom":1.0},"frame":15,"views":[{"camera0":[[1.0,0.0,0.0,0.0],[0.0,1.0,0.0,0.0],[0.0,0.0,1.0,0.0]],"camera1":[[1.0,0.0,0.0,0.0],[0.0,1.0,0.0,0.0],[0.0,0.0,1.0,0.0]],"full_resolution":[1920,1080],"relative_focal_length":[1.0,1.0],"screen_center":[0.49927008152008057,0.49275916814804077],"visualized_dimension":-1}]}
{"camera":{"aperture_size":0.0,"autofocus":false,"autofocus_depth":0.0,"autofocus_target":[0.5,0.5,0.5],"fov_axis":1,"matrix":[[1.0,0.0,0.0,0.0],[0.0,1.0,0.0,0.0],[0.0,0.0,1.0,0.0]],"relative_focal_length":[1.0,1.0],"scale":1.0,"screen_center":[0.49927008152008057,0.49275916814804077],"zoom":1.0},"frame":16,"views":[{"camera0":[[1.0,0.0,0.0,0.0],[0.0,1.0,0.0,0.0],[0.0,0.0,1.0,0.0]],"camera1":[[1.0,0.0,0.0,0.0],[0.0,1.0,0.0,0.0],[0.0,0.0,1.0,0.0]],"full_resolution":[1920,1080],"relative_focal_length":[1.0,1.0],"screen_center":[0.49927008152008057,0.49275916814804077],"visualized_dimension":-1}]}
{"camera":{"aperture_size":0.0,"autofocus":false,"autofocus_depth":0.0,"autofocus_target":[0.5,0.5,0.5],"fov_axis":1,"matrix":[[1.0,0.0,0.0,0.0],[0.0,1.0,0.0,0.0],[0.0,0.0,1.0,0.0]],"relative_focal_length":[1.0,1.0],"scale":1.0,"screen_center":[0.49927008152008057,0.49275916814804077],"zoom":1.0},"frame":17,"views":[{"camera0":[[1.0,0.0,0.0,0.0],[0.0,1.0,0.0,0.0],[0.0,0.0,1.0,0.0]],"camera1":[[1.0,0.0,0.0,0.0],[0.0,1.0,0.0,0.0],[0.0,0.0,1.0,0.0]],"full_resolution":[1920,1080],"relative_focal_length":[1.0,1.0],"screen_center":[0.49927008152008057,0.49275916814804077],"visualized_dimension":-1}]}
{"camera":{"aperture_size":0.0,"autofocus":false,"autofocus_depth":0.0,"autofocus_target":[0.5,0.5,0.5],"fov_axis":1,"matrix":[[1.0,0.0,0.0,0.0],[0.0,1.0,0.0,0.0],[0.0,0.0,1.0,0.0]],"relative_focal_length":[1.0,1.0],"scale":1.0,"screen_center":[0.49927008152008057,0.49275916814804077],"zoom":1.0},"frame":17,"views":[{"camera0":[[1.0,0.0,0.0,0.0],[0.0,1.0,0.0,0.0],[0.0,0.0,1.0,0.0]],"camera1":[[1.0,0.0,0.0,0.0],[0.0,1.0,0.0,0.0],[0.0,0.0,1.0,0.0]],"full_resolution":[1920,1080],"relative_focal_length":[1.0,1.0],"screen_center":[0.49927008152008057,0.49275916814804077],"visualized_dimension":-1}]}
{"camera":{"aperture_size":0.0,"autofocus":false,"autofocus_depth":0.0,"autofocus_target":[0.5,0.5,0.5],"fov_axis":1,"matrix":[[1.0,0.0,0.0,0.0],[0.0,1.0,0.0,0.0],[0.0,0.0,1.0,0.0]],"relative_focal_length":[1.0,1.0],"scale":1.0,"screen_center":[0.49927008152008057,0.49275916814804077],"zoom":1.0},"frame":17,"views":[{"camera0":[[1.0,0.0,0.0,0.0],[0.0,1.0,0.0,0.0],[0.0,0.0,1.0,0.0]],"camera1":[[1.0,0.0,0.0,0.0],[0.0,1.0,0.0,0.0],[0.0,0.0,1.0,0.0]],"full_resolution":[1920,1080],"relative_focal_length":[1.0,1.0],"screen_center":[0.49927008152008057,0.49275916814804077],"visualized_dimension":-1}]}
{"camera":{"aperture_size":0.0,"autofocus":false,"autofocus_depth":0.0,"autofocus_target":[0.5,0.5,0.5],"fov_axis":1,"matrix":[[1.0,0.0,0.0,0.0],[0.0,1.0,0.0,0.0],[0.0,0.0,1.0,0.0]],"relative_focal_length":[1.0,1.0],"scale":1.0,"screen_center":[0.49927008152008057,0.49275916814804077],"zoom":1.0},"frame":17,"views":[{"camera0":[[1.0,0.0,0.0,0.0],[0.0,1.0,0.0,0.0],[0.0,0.0,1.0,0.0]],"camera1":[[1.0,0.0,0.0,0.0],[0.0,1.0,0.0,0.0],[0.0,0.0,1.0,0.0]],"full_resolution":[1920,1080],"relative_focal_length":[1.0,1.0],"screen_center":[0.49927008152008057,0.49275916814804077],"visualized_dimension":-1}]}
{"camera":{"aperture_size":0.0,"autofocus":false,"autofocus_depth":0.0,"autofocus_target":[0.5,0.5,0.5],"fov_axis":1,"matrix":[[1.0,0.0,0.0,0.0],[0.0,1.0,0.0,0.0],[0.0,0.0,1.0,0.0]],"relative_focal_length":[1.0,1.0],"scale":1.0,"screen_center":[0.49927008152008057,0.49275916814804077],"zoom":1.0},"frame":18,"views":[{"camera0":[[1.0,0.0,0.0,0.0],[0.0,1.0,0.0,0.0],[0.0,0.0,1.0,0.0]],"camera1":[[1.0,0.0,0.0,0.0],[0.0,1.0,0.0,0.0],[0.0,0.0,1.0,0.0]],"full_resolution":[1920,1080],"relative_focal_length":[1.0,1.0],"screen_center":[0.49927008152008057,0.49275916814804077],"visualized_dimension":-1}]}
{"camera":{"aperture_size":0.0,"autofocus":false,"autofocus_depth":0.0,"autofocus_target":[0.5,0.5,0.5],"fov_axis":1,"matrix":[[1.0,0.0,0.0,0.0],[0.0,1.0,0.0,0.0],[0.0,0.0,1.0,0.0]],"relative_focal_length":[1.0,1.0],"scale":1.0,"screen_center":[0.49927008152008057,0.49275916814804077],"zoom":1.0},"frame":19,"views":[{"camera0":[[1.0,0.0,0.0,0.0],[0.0,1.0,0.0,0.0],[0.0,0.0,1.0,0.0]],"camera1":[[1.0,0.0,0.0,0.0],[0.0,1.0,0.0,0.0],[0.0,0.0,1.0,0.0]],"full_resolution":[1920,1080],"relative_focal_length":[1.0,1.0],"screen_center":[0.49927008152008057,0.49275916814804077],"visualized_dimension":-1}]}
{"camera":{"aperture_size":0.0,"autofocus":false,"autofocus_depth":0.0,"autofocus_target":[0.5,0.5,0.5],"fov_axis":1,"matrix":[[1.0,0.0,0.0,0.0],[0.0,1.0,0.0,0.0],[0.0,0.0,1.0,0.0]],"relative_focal_length":[1.0,1.0],"scale":1.0,"screen_center":[0.49927008152008057,0.49275916814804077],"zoom":1.0},"frame":20,"views":[{"camera0":[[1.0,0.0,0.0,0.0],[0.0,1.0,0.0,0.0],[0.0,0.0,1.0,0.0]],"camera1":[[1.0,0.0,0.0,0.0],[0.0,1.0,0.0,0.0],[0.0,0.0,1.0,0.0]],"full_resolution":[1920,1080],"relative_focal_length":[1.0,1.0],"screen_center":[0.49927008152008057,0.49275916814804077],"visualized_dimension":-1}]}
{"camera":{"aperture_size":0.0,"autofocus":false,"autofocus_depth":0.0,"autofocus_target":[0.5,0.5,0.5],"fov_axis":1,"matrix":[[1.0,0.0,0.0,0.0],[0.0,1.0,0.0,0.0],[0.0,0.0,1.0,0.0]],"relative_focal_length":[1.0,1.0],"scale":1.0,"screen_center":[0.49927008152008057,0.49275916814804077],"zoom":1.0},"frame":21,"views":[{"camera0":[[1.0,0.0,0.0,0.0],[0.0,1.0,0.0,0.0],[0.0,0.0,1.0,0.0]],"camera1":[[1.0,0.0,0.0,0.0],[0.0,1.0,0.0,0.0],[0.0,0.0,1.0,0.0]],"full_resolution":[1920,1080],"relative_focal_length":[1.0,1.0],"screen_center":[0.49927008152008057,0.49275916814804077],"visualized_dimension":-1}]}
{"camera":{"aperture_size":0.0,"autofocus":false,"autofocus_depth":0.0,"autofocus_target":[0.5,0.5,0.5],"fov_axis":1,"matrix":[[1.0,0.0,0.0,0.0],[0.0,1.0,0.0,0.0],[0.0,0.0,1.0,0.0]],"relative_focal_length":[1.0,1.0],"scale":1.0,"screen_center":[0.49927008152008057,0.49275916814804077],"zoom":1.0},"frame":21,"views":[{"camera0":[[1.0,0.0,0.0,0.0],[0.0,1.0,0.0,0.0],[0.0,0.0,1.0,0.0]],"camera1":[[1.0,0.0,0.0,0.0],[0.0,1.0,0.0,0.0],[0.0,0.0,1.0,0.0]],"full_resolution":[1920,1080],"relative_focal_length":[1.0,1.0],"screen_center":[0.49927008152008057,0.49275916814804077],"visualized_dimension":-1}]}
{"camera":{"aperture_size":0.0,"autofocus":false,"autofocus_depth":0.0,"autofocus_target":[0.5,0.5,0.5],"fov_axis":1,"matrix":[[0.9999322891235352,0.0007440954213961959,0.011611448600888252,-0.011611448600888252],[0.0,0.9979529976844788,-0.06395173072814941,0.06395173072814941],[-0.011635266244411469,0.0639474019408226,0.9978854060173035,0.002114593982696533]],"relative_focal_length":[1.0,1.0],"scale":1.0,"screen_center":[0.49927008152008057,0.49275916814804077],"zoom":1.0},"frame":22,"views":[{"camera0":[[0.9999322891235352,0.0007440954213961959,0.011611448600888252,-0.011611448600888252],[0.0,0.9979529976844788,-0.06395173072814941,0.06395173072814941],[-0.011635266244411469,0.0639474019408226,0.9978854060173035,0.002114593982696533]],"camera1":[[0.9999322891235352,0.0007440954213961959,0.011611448600888252,-0.011611448600888252],[0.0,0.9979529976844788,-0.06395173072814941,0.06395173072814941],[-0.011635266244411469,0.0639474019408226,0.9978854060173035,0.002114593982696533]],"full_resolution":[1920,1080],"relative_focal_length":[1.0,1.0],"screen_center":[0.49927008152008057,0.49275916814804077],"visualized_dimension":-1}]}
{"camera":{"aperture_size":0.0,"autofocus":false,"autofocus_depth":0.0,"autofocus_target":[0.5,0.5,0.5],"fov_axis":1,"matrix":[[0.9998477101325989,0.0050054071471095085,0.01671922206878662,-0.01671922206878662],[0.0,0.9579894542694092,-0.2868032157421112,0.2868032157421112],[-0.017452407628297806,0.28675955533981323,0.957843542098999,0.04215645790100098]],"relative_focal_length":[1.0,1.0],"scale":1.0,"screen_center":[0.49927008152008057,0.49275916814804077],"zoom":1.0},"frame":23,"views":[{"camera0":[[0.9998477101325989,0.0050054071471095085,0.01671922206878662,-0.01671922206878662],[0.0,0.9579894542694092,-0.2868032157421112,0.2868032157421112],[-0.017452407628297806,0.28675955533981323,0.957843542098999,0.04215645790100098]],"camera1":[[0.9998477101325989,0.0050054071471095085,0.01671922206878662,-0.01671922206878662],[0.0,0.9579894542694092,-0.2868032157421112,0.2868032157421112],[-0.017452407628297806,0.28675955533981323,0.957843542098999,0.04215645790100098]],"full_resolution":[1920,1080],"relative_focal_length":[1.0,1.0],"screen_center":[0.49927008152008057,0.49275916814804077],"visualized_dimension":-1}]}
{"camera":{"aperture_size":0.0,"autofocus":false,"autofocus_depth":0.0,"autofocus_target":[0.5,0.5,0.5],"fov_axis":1,"matrix":[[0.9998477101325989,0.007467602379620075,0.01577407494187355,-0.01577407494187355],[0.0,0.9038336873054504,-0.42788374423980713,0.42788374423980713],[-0.017452407628297806,0.4278185963630676,0.9036960005760193,0.09630399942398071]],"relative_focal_length":[1.0,1.0],"scale":1.0,"screen_center":[0.49927008152008057,0.49275916814804077],"zoom":1.0},"frame":23,"views":[{"camera0":[[0.9998477101325989,0.007467602379620075,0.01577407494187355,-0.01577407494187355],[0.0,0.9038336873054504,-0.42788374423980713,0.42788374423980713],[-0.017452407628297806,0.4278185963630676,0.9036960005760193,0.09630399942398071]],"camera1":[[0.9998477101325989,0.007467602379620075,0.01577407494187355,-0.01577407494187355],[0.0,0.9038336873054504,-0.42788374423980713,0.42788374423980713],[-0.017452407628297806,0.4278185963630676,0.9036960005760193,0.09630399942398071]],"full_resolution":[1920,1080],"relative_focal_length":[1.0,1.0],"screen_center":[0.49927008152008057,0.49275916814804077],"visualized_dimension":-1}]}
{"camera":{"aperture_size":0.0,"autofocus":false,"autofocus_depth":0.0,"autofocus_target":[0.5,0.5,0.5],"fov_axis":1,"matrix":[[0.9999323487281799,0.006223052740097046,0.009831228293478489,-0.009831228293478489],[0.0,0.8449507355690002,-0.5348439812660217,0.5348439812660217],[-0.011635265313088894,0.5348078012466431,0.8448934555053711,0.1551065444946289]],"relative_focal_length":[1.0,1.0],"scale":1.0,"screen_center":[0.49927008152008057,0.49275916814804077],"zoom":1.0},"frame":24,"views":[{"camera0":[[0.9999323487281799,0.006223052740097046,0.009831228293478489,-0.009831228293478489],[0.0,0.8449507355690002,-0.5348439812660217,0.5348439812660217],[-0.011635265313088894,0.5348078012466431,0.8448934555053711,0.1551065444946289]],"camera1":[[0.9999323487281799,0.006223052740097046,0.009831228293478489,-0.009831228293478489],[0.0,0.8449507355690002,-0.5348439812660217,0.5348439812660217],[-0.011635265313088894,0.5348078012466431,0.8448934555053711,0.1551065444946289]],"full_resolution":[1920,1080],"relative_focal_length":[1.0,1.0],"screen_center":[0.49927008152008057,0.49275916814804077],"visualized_dimension":-1}]}
{"camera":{"aperture_size":0.0,"autofocus":false,"autofocus_depth":0.0,"autofocus_target":[0.5,0.5,0.5],"fov_axis":1,"matrix":[[0.9999830722808838,0.0035281693562865257,0.0046258000656962395,-0.0046258000656962395],[0.0,0.7951207160949707,-0.6064510345458984,0.6064510345458984],[-0.005817731376737356,0.6064408421516418,0.7951071858406067,0.2048928141593933]],"relative_focal_length":[1.0,1.0],"scale":1.0,"screen_center":[0.49927008152008057,0.49275916814804077],"zoom":1.0},"frame":25,"views":[{"camera0":[[0.9999830722808838,0.0035281693562865257,0.0046258000656962395,-0.0046258000656962395],[0.0,0.7951207160949707,-0.6064510345458984,0.6064510345458984],[-0.005817731376737356,0.6064408421516418,0.7951071858406067,0.2048928141593933]],"camera1":[[0.9999830722808838,0.0035281693562865257,0.0046258000656962395,-0.0046258000656962395],[0.0,0.7951207160949707,-0.6064510345458984,0.6064510345458984],[-0.005817731376737356,0.6064408421516418,0.7951071858406067,0.2048928141593933]],"full_resolution":[1920,1080],"relative_focal_length":[1.0,1.0],"screen_center":[0.49927008152008057,0.49275916814804077],"visualized_dimension":-1}]}
{"camera":{"aperture_size":0.0,"autofocus":false,"autofocus_depth":0.0,"autofocus_target":[0.5,0.5,0.5],"fov_axis":1,"matrix":[[0.9999830722808838,-0.004161343909800053,-0.004065612331032753,0.004065612331032753],[-5.820766091346741e-11,0.6988314390182495,-0.7152861952781677,0.7152861952781677],[0.005817732308059931,0.7152742147445679,0.6988195180892944,0.30118048191070557]],"relative_focal_length":[1.0,1.0],"scale":1.0,"screen_center":[0.49927008152008057,0.49275916814804077],"zoom":1.0},"frame":25,"views":[{"camera0":[[0.9999830722808838,-0.004161343909800053,-0.004065612331032753,0.004065612331032753],[-5.820766091346741e-11,0.6988314390182495,-0.7152861952781677,0.7152861952781677],[0.005817732308059931,0.7152742147445679,0.6988195180892944,0.30118048191070557]],"camera1":[[0.9999830722808838,-0.004161343909800053,-0.004065612331032753,0.004065612331032753],[-5.820766091346741e-11,0.6988314390182495,-0.7152861952781677,0.7152861952781677],[0.005817732308059931,0.7152742147445679,0.6988195180892944,0.30118048191070557]],"full_resolution":[1920,1080],"relative_focal_length":[1.0,1.0],"screen_center":[0.49927008152008057,0.49275916814804077],"visualized_dimension":-1}]}
{"camera":{"aperture_size":0.0,"autofocus":false,"autofocus_depth":0.0,"autofocus_target":[0.5,0.5,0.5],"fov_axis":1,"matrix":[[0.9998476505279541,-0.01423769723623991,-0.01009328756481409,0.01009328756481409],[-5.820766091346741e-11,0.578332245349884,-0.8158011436462402,0.8158011436462402],[0.017452407628297806,0.8156770467758179,0.5782440900802612,0.42175590991973877]],"relative_focal_length":[1.0,1.0],"scale":1.0,"screen_center":[0.49927008152008057,0.49275916814804077],"zoom":1.0},"frame":25,"views":[{"camera0":[[0.9998476505279541,-0.01423769723623991,-0.01009328756481409,0.01009328756481409],[-5.820766091346741e-11,0.578332245349884,-0.8158011436462402,0.8158011436462402],[0.017452407628297806,0.8156770467758179,0.5782440900802612,0.42175590991973877]],"camera1":[[0.9998476505279541,-0.01423769723623991,-0.01009328756481409,0.01009328756481409],[-5.820766091346741e-11,0.578332245349884,-0.8158011436462402,0.8158011436462402],[0.017452407628297806,0.8156770467758179,0.5782440900802612,0.42175590991973877]],"full_resolution":[1920,1080],"relative_focal_length":[1.0,1.0],"screen_center":[0.49927008152008057,0.49275916814804077],"visualized_dimension":-1}]}
{"camera":{"aperture_size":0.0,"autofocus":false,"autofocus_depth":0.0,"autofocus_target":[0.5,0.5,0.5],"fov_axis":1,"matrix":[[0.9993907809257507,-0.032281648367643356,-0.013261607848107815,0.013261607848107815],[4.656612873077393e-10,0.37999427318573,-0.9249886274337769,0.9249886274337769],[0.03489949554204941,0.9244253039360046,0.3797627389431,0.6202372312545776]],"relative_focal_length":[1.0,1.0],"scale":1.0,"screen_center":[0.49927008152008057,0.49275916814804077],"zoom":1.0},"frame":25,"views":[{"camera0":[[0.9993907809257507,-0.032281648367643356,-0.013261607848107815,0.013261607848107815],[4.656612873077393e-10,0.37999427318573,-0.9249886274337769,0.9249886274337769],[0.03489949554204941,0.9244253039360046,0.3797627389431,0.6202372312545776]],"camera1":[[0.9993907809257507,-0.032281648367643356,-0.013261607848107815,0.013261607848107815],[4.656612873077393e-10,0.37999427318573,-0.9249886274337769,0.9249886274337769],[0.03489949554204941,0.9244253039360046,0.3797627389431,0.6202372312545776]],"full_resolution":[1920,1080],"relative_focal_length":[1.0,1.0],"screen_center":[0.49927008152008057,0.49275916814804077],"visualized_dimension":-1}]}
{"camera":{"aperture_size":0.0,"autofocus":false,"autofocus_depth":0.0,"autofocus_target":[0.5,0.5,0.5],"fov_axis":1,"matrix":[[0.9991708397865295,-0.03972223401069641,-0.008927508257329464,0.008927508257329464],[4.656612873077393e-10,0.21927854418754578,-0.975662112236023,0.975662112236023],[0.04071309417486191,0.9748532772064209,0.21909670531749725,0.7809032797813416]],"relative_focal_length":[1.0,1.0],"scale":1.0,"screen_center":[0.49927008152008057,0.49275916814804077],"zoom":1.0},"frame":26,"views":[{"camera0":[[0.9991708397865295,-0.03972223401069641,-0.008927508257329464,0.008927508257329464],[4.656612873077393e-10,0.21927854418754578,-0.975662112236023,0.975662112236023],[0.04071309417486191,0.9748532772064209,0.21909670531749725,0.7809032797813416]],"camera1":[[0.9991708397865295,-0.03972223401069641,-0.008927508257329464,0.008927508257329464],[4.656612873077393e-10,0.21927854418754578,-0.975662112236023,0.975662112236023],[0.04071309417486191,0.9748532772064209,0.21909670531749725,0.7809032797813416]],"full_resolution":[1920,1080],"relative_focal_length":[1.0,1.0],"screen_center":[0.49927008152008057,0.49275916814804077],"visualized_dimension":-1}]}
{"camera":{"aperture_size":0.0,"autofocus":false,"autofocus_depth":0.0,"autofocus_target":[0.5,0.5,0.5],"fov_axis":1,"matrix":[[0.9986294507980347,-0.05233241617679596,0.000608944334089756,-0.000608944334089756],[0.0,-0.01163533329963684,-0.999932050704956,0.999932050704956],[0.0523359589278698,0.9985619187355042,-0.01161937415599823,1.0116193294525146]],"relative_focal_length":[1.0,1.0],"scale":1.0,"screen_center":[0.49927008152008057,0.49275916814804077],"zoom":1.0},"frame":27,"views":[{"camera0":[[0.9986294507980347,-0.05233241617679596,0.000608944334089756,-0.000608944334089756],[0.0,-0.01163533329963684,-0.999932050704956,0.999932050704956],[0.0523359589278698,0.9985619187355042,-0.01161937415599823,1.0116193294525146]],"camera1":[[0.9986294507980347,-0.05233241617679596,0.000608944334089756,-0.000608944334089756],[0.0,-0.01163533329963684,-0.999932050704956,0.999932050704956],[0.0523359589278698,0.9985619187355042,-0.01161937415599823,1.0116193294525146]],"full_resolution":[1920,1080],"relative_focal_length":[1.0,1.0],"screen_center":[0.49927008152008057,0.49275916814804077],"visualized_dimension":-1}]}
{"camera":{"aperture_size":0.0,"autofocus":false,"autofocus_depth":0.0,"autofocus_target":[0.5,0.5,0.5],"fov_axis":1,"matrix":[[0.9979528784751892,-0.06304369866847992,0.010738513432443142,-0.010738513432443142],[9.313225746154785e-10,-0.1679159700870514,-0.9858010411262512,0.9858010411262512],[0.06395173817873001,0.9837834239006042,-0.16757217049598694,1.1675721406936646]],"relative_focal_length":[1.0,1.0],"scale":1.0,"screen_center":[0.49927008152008057,0.49275916814804077],"zoom":1.0},"frame":28,"views":[{"camera0":[[0.9979528784751892,-0.06304369866847992,0.010738513432443142,-0.010738513432443142],[9.313225746154785e-10,-0.1679159700870514,-0.9858010411262512,0.9858010411262512],[0.06395173817873001,0.9837834239006042,-0.16757217049598694,1.1675721406936646]],"camera1":[[0.9979528784751892,-0.06304369866847992,0.010738513432443142,-0.010738513432443142],[9.313225746154785e-10,-0.1679159700870514,-0.9858010411262512,0.9858010411262512],[0.06395173817873001,0.9837834239006042,-0.16757217049598694,1.1675721406936646]],"full_resolution":[1920,1080],"relative_focal_length":[1.0,1.0],"screen_center":[0.49927008152008057,0.49275916814804077],"visualized_dimension":-1}]}
{"camera":{"aperture_size":0.0,"autofocus":false,"autofocus_depth":0.0,"autofocus_target":[0.5,0.5,0.5],"fov_axis":1,"matrix":[[0.9979528188705444,-0.060935646295547485,0.01940799318253994,-0.01940799318253994],[9.313225746154785e-10,-0.30347883701324463,-0.9528378248214722,0.9528378248214722],[0.06395173817873001,0.9508877396583557,-0.30285751819610596,1.3028573989868164]],"relative_focal_length":[1.0,1.0],"scale":1.0,"screen_center":[0.49927008152008057,0.49275916814804077],"zoom":1.0},"frame":29,"views":[{"camera0":[[0.9979528188705444,-0.060935646295547485,0.01940799318253994,-0.01940799318253994],[9.313225746154785e-10,-0.30347883701324463,-0.9528378248214722,0.9528378248214722],[0.06395173817873001,0.9508877396583557,-0.30285751819610596,1.3028573989868164]],"camera1":[[0.9979528188705444,-0.060935646295547485,0.01940799318253994,-0.01940799318253994],[9.313225746154785e-10,-0.30347883701324463,-0.9528378248214722,0.9528378248214722],[0.06395173817873001,0.9508877396583557,-0.30285751819610596,1.3028573989868164]],"full_resolution":[1920,1080],"relative_focal_length":[1.0,1.0],"screen_center":[0.49927008152008057,0.49275916814804077],"visualized_dimension":-1}]}
{"camera":{"aperture_size":0.0,"autofocus":false,"autofocus_depth":0.0,"autofocus_target":[0.5,0.5,0.5],"fov_axis":1,"matrix":[[0.997563898563385,-0.06355956196784973,0.028742767870426178,-0.028742767870426178],[9.313225746154785e-10,-0.41204455494880676,-0.911163330078125,0.911163330078125],[0.06975647807121277,0.9089441299438477,-0.41104069352149963,1.4110405445098877]],"relative_focal_length":[1.0,1.0],"scale":1.0,"screen_center":[0.49927008152008057,0.49275916814804077],"zoom":1.0},"frame":30,"views":[{"camera0":[[0.997563898563385,-0.06355956196784973,0.028742767870426178,-0.028742767870426178],[9.313225746154785e-10,-0.41204455494880676,-0.911163330078125,0.911163330078125],[0.06975647807121277,0.9089441299438477,-0.41104069352149963,1.4110405445098877]],"camera1":[[0.997563898563385,-0.06355956196784973,0.028742767870426178,-0.028742767870426178],[9.313225746154785e-10,-0.41204455494880676,-0.911163330078125,0.911163330078125],[0.06975647807121277,0.9089441299438477,-0.41104069352149963,1.4110405445098877]],"full_resolution":[1920,1080],"relative_focal_length":[1.0,1.0],"screen_center":[0.49927008152008057,0.49275916814804077],"visualized_dimension":-1}]}
