{"camera":{"aperture_size":0.0,"autofocus":false,"autofocus_depth":0.0,"autofocus_target":[0.5,0.5,0.5],"fov_axis":1,"matrix":[[0.8354878425598145,0.0031969177071005106,-0.5494995713233948,0.07876197248697281],[0.0,-0.999983012676239,-0.005817823112010956,0.09533850848674774],[-0.5495089888572693,0.004860684275627136,-0.8354735970497131,0.9575667977333069]],"relative_focal_length":[1.0,1.0],"scale":0.04736240580677986,"screen_center":[0.5008788108825684,0.49828702211380005],"zoom":1.0},"frame":1,"views":[{"camera0":[[0.9828606247901917,0.055689018219709396,-0.1757379174232483,0.1524910032749176],[0.03879516199231148,-0.9944155216217041,-0.09814515709877014,0.09656348079442978],[-0.1802223026752472,0.08964517712593079,-0.9795323014259338,1.0424368381500244]],"camera1":[[0.9828606247901917,0.055689018219709396,-0.1757379174232483,0.1524910032749176],[0.03879516199231148,-0.9944155216217041,-0.09814515709877014,0.09656348079442978],[-0.1802223026752472,0.08964517712593079,-0.9795323014259338,1.0424368381500244]],"full_resolution":[2064,2272],"relative_focal_length":[0.4356694221496582,0.4339345097541809],"screen_center":[0.3787437081336975,0.5965937376022339],"visualized_dimension":-1},{"camera0":[[0.9828606247901917,0.055689018219709396,-0.1757379174232483,0.15531852841377258],[0.03879516199231148,-0.9944155216217041,-0.09814515709877014,0.0966750904917717],[-0.1802223026752472,0.08964517712593079,-0.9795323014259338,1.041918396949768]],"camera1":[[0.9828606247901917,0.055689018219709396,-0.1757379174232483,0.15531852841377258],[0.03879516199231148,-0.9944155216217041,-0.09814515709877014,0.0966750904917717],[-0.1802223026752472,0.08964517712593079,-0.9795323014259338,1.041918396949768]],"full_resolution":[2064,2272],"relative_focal_length":[0.4356694221496582,0.4339345097541809],"screen_center":[0.6212562918663025,0.5965937376022339],"visualized_dimension":-1}]}
{"camera":{"aperture_size":0.0,"autofocus":false,"autofocus_depth":0.0,"autofocus_target":[0.5,0.5,0.5],"fov_axis":1,"matrix":[[0.8354878425598145,0.0031969177071005106,-0.5494995713233948,0.07876197248697281],[0.0,-0.999983012676239,-0.005817823112010956,0.09533850848674774],[-0.5495089888572693,0.004860684275627136,-0.8354735970497131,0.9575667977333069]],"relative_focal_length":[1.0,1.0],"scale":0.04736240580677986,"screen_center":[0.5008788108825684,0.49828702211380005],"zoom":1.0},"frame":2,"views":[{"camera0":[[0.9812697768211365,0.05065889284014702,-0.18585801124572754,0.152964249253273],[0.03179161623120308,-0.9941599369049072,-0.103126659989357,0.09691432863473892],[-0.18999704718589783,0.0952863097190857,-0.9771496653556824,1.0419361591339111]],"camera1":[[0.9812697768211365,0.05065889284014702,-0.18585801124572754,0.152964249253273],[0.03179161623120308,-0.9941599369049072,-0.103126659989357,0.09691432863473892],[-0.18999704718589783,0.0952863097190857,-0.9771496653556824,1.0419361591339111]],"full_resolution":[2064,2272],"relative_focal_length":[0.4356694221496582,0.4339345097541809],"screen_center":[0.3787437081336975,0.5965937376022339],"visualized_dimension":-1},{"camera0":[[0.9812697768211365,0.05065889284014702,-0.18585801124572754,0.15578719973564148],[0.03179161623120308,-0.9941599369049072,-0.103126659989357,0.09700578451156616],[-0.18999704718589783,0.0952863097190857,-0.9771496653556824,1.0413895845413208]],"camera1":[[0.9812697768211365,0.05065889284014702,-0.18585801124572754,0.15578719973564148],[0.03179161623120308,-0.9941599369049072,-0.103126659989357,0.09700578451156616],[-0.18999704718589783,0.0952863097190857,-0.9771496653556824,1.0413895845413208]],"full_resolution":[2064,2272],"relative_focal_length":[0.4356694221496582,0.4339345097541809],"screen_center":[0.6212562918663025,0.5965937376022339],"visualized_dimension":-1}]}
{"camera":{"aperture_size":0.0,"autofocus":false,"autofocus_depth":0.0,"autofocus_target":[0.5,0.5,0.5],"fov_axis":1,"matrix":[[0.8354878425598145,0.0031969177071005106,-0.5494995713233948,0.07876197248697281],[0.0,-0.999983012676239,-0.005817823112010956,0.09533850848674774],[-0.5495089888572693,0.004860684275627136,-0.8354735970497131,0.9575667977333069]],"relative_focal_length":[1.0,1.0],"scale":0.04736240580677986,"screen_center":[0.5008788108825684,0.49828702211380005],"zoom":1.0},"frame":3,"views":[{"camera0":[[0.9776615500450134,0.026769470423460007,-0.20847353339195251,0.15372028946876526],[0.01328977383673191,-0.9977447390556335,-0.06579358130693436,0.0975082516670227],[-0.20976480841636658,0.06155324727296829,-0.9758124351501465,1.0408427715301514]],"camera1":[[0.9776615500450134,0.026769470423460007,-0.20847353339195251,0.15372028946876526],[0.01328977383673191,-0.9977447390556335,-0.06579358130693436,0.0975082516670227],[-0.20976480841636658,0.06155324727296829,-0.9758124351501465,1.0408427715301514]],"full_resolution":[2064,2272],"relative_focal_length":[0.4356694221496582,0.4339345097541809],"screen_center":[0.3787437081336975,0.5965937376022339],"visualized_dimension":-1},{"camera0":[[0.9776615500450134,0.026769470423460007,-0.20847353339195251,0.15653285384178162],[0.01328977383673191,-0.9977447390556335,-0.06579358130693436,0.09754648059606552],[-0.20976480841636658,0.06155324727296829,-0.9758124351501465,1.0402393341064453]],"camera1":[[0.9776615500450134,0.026769470423460007,-0.20847353339195251,0.15653285384178162],[0.01328977383673191,-0.9977447390556335,-0.06579358130693436,0.09754648059606552],[-0.20976480841636658,0.06155324727296829,-0.9758124351501465,1.0402393341064453]],"full_resolution":[2064,2272],"relative_focal_length":[0.4356694221496582,0.4339345097541809],"screen_center":[0.6212562918663025,0.5965937376022339],"visualized_dimension":-1}]}
{"camera":{"aperture_size":0.0,"autofocus":false,"autofocus_depth":0.0,"autofocus_target":[0.5,0.5,0.5],"fov_axis":1,"matrix":[[0.8354878425598145,0.0031969177071005106,-0.5494995713233948,0.07876197248697281],[0.0,-0.999983012676239,-0.005817823112010956,0.09533850848674774],[-0.5495089888572693,0.004860684275627136,-0.8354735970497131,0.9575667977333069]],"relative_focal_length":[1.0,1.0],"scale":0.04736240580677986,"screen_center":[0.5008788108825684,0.49828702211380005],"zoom":1.0},"frame":4,"views":[{"camera0":[[0.9532394409179688,0.0028173024766147137,-0.30220264196395874,0.1552996188402176],[0.0021487039048224688,-0.9999943971633911,-0.0025449309032410383,0.09800472855567932],[-0.3022082448005676,0.0017765485681593418,-0.953240156173706,1.0384454727172852]],"camera1":[[0.9532394409179688,0.0028173024766147137,-0.30220264196395874,0.1552996188402176],[0.0021487039048224688,-0.9999943971633911,-0.0025449309032410383,0.09800472855567932],[-0.3022082448005676,0.0017765485681593418,-0.953240156173706,1.0384454727172852]],"full_resolution":[2064,2272],"relative_focal_length":[0.4356694221496582,0.4339345097541809],"screen_center":[0.3787437081336975,0.5965937376022339],"visualized_dimension":-1},{"camera0":[[0.9532394409179688,0.0028173024766147137,-0.30220264196395874,0.15804193913936615],[0.0021487039048224688,-0.9999943971633911,-0.0025449309032410383,0.09801090508699417],[-0.3022082448005676,0.0017765485681593418,-0.953240156173706,1.0375760793685913]],"camera1":[[0.9532394409179688,0.0028173024766147137,-0.30220264196395874,0.15804193913936615],[0.0021487039048224688,-0.9999943971633911,-0.0025449309032410383,0.09801090508699417],[-0.3022082448005676,0.0017765485681593418,-0.953240156173706,1.0375760793685913]],"full_resolution":[2064,2272],"relative_focal_length":[0.4356694221496582,0.4339345097541809],"screen_center":[0.6212562918663025,0.5965937376022339],"visualized_dimension":-1}]}
{"camera":{"aperture_size":0.0,"autofocus":false,"autofocus_depth":0.0,"autofocus_target":[0.5,0.5,0.5],"fov_axis":1,"matrix":[[0.8354878425598145,0.0031969177071005106,-0.5494995713233948,0.07876197248697281],[0.0,-0.999983012676239,-0.005817823112010956,0.09533850848674774],[-0.5495089888572693,0.004860684275627136,-0.8354735970497131,0.9575667977333069]],"relative_focal_length":[1.0,1.0],"scale":0.04736240580677986,"screen_center":[0.5008788108825684,0.49828702211380005],"zoom":1.0},"frame":5,"views":[{"camera0":[[0.9363592267036438,-0.017174996435642242,-0.3506230115890503,0.15596553683280945],[-0.01884022168815136,-0.9998215436935425,-0.0013385126367211342,0.09795307368040085],[-0.3505375385284424,0.007859110832214355,-0.9365156292915344,1.0372236967086792]],"camera1":[[0.9363592267036438,-0.017174996435642242,-0.3506230115890503,0.15596553683280945],[-0.01884022168815136,-0.9998215436935425,-0.0013385126367211342,0.09795307368040085],[-0.3505375385284424,0.007859110832214355,-0.9365156292915344,1.0372236967086792]],"full_resolution":[2064,2272],"relative_focal_length":[0.4356694221496582,0.4339345097541809],"screen_center":[0.3787437081336975,0.5965937376022339],"visualized_dimension":-1},{"camera0":[[0.9363592267036438,-0.017174996435642242,-0.3506230115890503,0.15865927934646606],[-0.01884022168815136,-0.9998215436935425,-0.0013385126367211342,0.09789887070655823],[-0.3505375385284424,0.007859110832214355,-0.9365156292915344,1.0362151861190796]],"camera1":[[0.9363592267036438,-0.017174996435642242,-0.3506230115890503,0.15865927934646606],[-0.01884022168815136,-0.9998215436935425,-0.0013385126367211342,0.09789887070655823],[-0.3505375385284424,0.007859110832214355,-0.9365156292915344,1.0362151861190796]],"full_resolution":[2064,2272],"relative_focal_length":[0.4356694221496582,0.4339345097541809],"screen_center":[0.6212562918663025,0.5965937376022339],"visualized_dimension":-1}]}
{"camera":{"aperture_size":0.0,"autofocus":false,"autofocus_depth":0.0,"autofocus_target":[0.5,0.5,0.5],"fov_axis":1,"matrix":[[0.8354878425598145,0.0031969177071005106,-0.5494995713233948,0.07876197248697281],[0.0,-0.999983012676239,-0.005817823112010956,0.09533850848674774],[-0.5495089888572693,0.004860684275627136,-0.8354735970497131,0.9575667977333069]],"relative_focal_length":[1.0,1.0],"scale":0.04736240580677986,"screen_center":[0.5008788108825684,0.49828702211380005],"zoom":1.0},"frame":6,"views":[{"camera0":[[0.927051842212677,-0.02698333188891411,-0.37396085262298584,0.15635758638381958],[-0.03992592170834541,-0.9988402724266052,-0.02690492570400238,0.09818286448717117],[-0.3728013038635254,0.03987296298146248,-0.9270541071891785,1.0359947681427002]],"camera1":[[0.927051842212677,-0.02698333188891411,-0.37396085262298584,0.15635758638381958],[-0.03992592170834541,-0.9988402724266052,-0.02690492570400238,0.09818286448717117],[-0.3728013038635254,0.03987296298146248,-0.9270541071891785,1.0359947681427002]],"full_resolution":[2064,2272],"relative_focal_length":[0.4356694221496582,0.4339345097541809],"screen_center":[0.3787437081336975,0.5965937376022339],"visualized_dimension":-1},{"camera0":[[0.927051842212677,-0.02698333188891411,-0.37396085262298584,0.15902458131313324],[-0.03992592170834541,-0.9988402724266052,-0.02690492570400238,0.0980679988861084],[-0.3728013038635254,0.03987296298146248,-0.9270541071891785,1.0349222421646118]],"camera1":[[0.927051842212677,-0.02698333188891411,-0.37396085262298584,0.15902458131313324],[-0.03992592170834541,-0.9988402724266052,-0.02690492570400238,0.0980679988861084],[-0.3728013038635254,0.03987296298146248,-0.9270541071891785,1.0349222421646118]],"full_resolution":[2064,2272],"relative_focal_length":[0.4356694221496582,0.4339345097541809],"screen_center":[0.6212562918663025,0.5965937376022339],"visualized_dimension":-1}]}
{"camera":{"aperture_size":0.0,"autofocus":false,"autofocus_depth":0.0,"autofocus_target":[0.5,0.5,0.5],"fov_axis":1,"matrix":[[0.8354878425598145,0.0031969177071005106,-0.5494995713233948,0.07876197248697281],[0.0,-0.999983012676239,-0.005817823112010956,0.09533850848674774],[-0.5495089888572693,0.004860684275627136,-0.8354735970497131,0.9575667977333069]],"relative_focal_length":[1.0,1.0],"scale":0.04736240580677986,"screen_center":[0.5008788108825684,0.49828702211380005],"zoom":1.0},"frame":7,"views":[{"camera0":[[0.9229795932769775,-0.02325819805264473,-0.38414549827575684,0.15630728006362915],[-0.03319748863577843,-0.9992631077766418,-0.019262410700321198,0.09828972816467285],[-0.3834145665168762,0.030531445518136024,-0.9230715036392212,1.035598635673523]],"camera1":[[0.9229795932769775,-0.02325819805264473,-0.38414549827575684,0.15630728006362915],[-0.03319748863577843,-0.9992631077766418,-0.019262410700321198,0.09828972816467285],[-0.3834145665168762,0.030531445518136024,-0.9230715036392212,1.035598635673523]],"full_resolution":[2064,2272],"relative_focal_length":[0.4356694221496582,0.4339345097541809],"screen_center":[0.3787437081336975,0.5965937376022339],"visualized_dimension":-1},{"camera0":[[0.9229795932769775,-0.02325819805264473,-0.38414549827575684,0.15896253287792206],[-0.03319748863577843,-0.9992631077766418,-0.019262410700321198,0.09819422662258148],[-0.3834145665168762,0.030531445518136024,-0.9230715036392212,1.0344955921173096]],"camera1":[[0.9229795932769775,-0.02325819805264473,-0.38414549827575684,0.15896253287792206],[-0.03319748863577843,-0.9992631077766418,-0.019262410700321198,0.09819422662258148],[-0.3834145665168762,0.030531445518136024,-0.9230715036392212,1.0344955921173096]],"full_resolution":[2064,2272],"relative_focal_length":[0.4356694221496582,0.4339345097541809],"screen_center":[0.6212562918663025,0.5965937376022339],"visualized_dimension":-1}]}
{"camera":{"aperture_size":0.0,"autofocus":false,"autofocus_depth":0.0,"autofocus_target":[0.5,0.5,0.5],"fov_axis":1,"matrix":[[0.8354878425598145,0.0031969177071005106,-0.5494995713233948,0.07876197248697281],[0.0,-0.999983012676239,-0.005817823112010956,0.09533850848674774],[-0.5495089888572693,0.004860684275627136,-0.8354735970497131,0.9575667977333069]],"relative_focal_length":[1.0,1.0],"scale":0.04736240580677986,"screen_center":[0.5008788108825684,0.49828702211380005],"zoom":1.0},"frame":8,"views":[{"camera0":[[0.9171375036239624,-0.02896970696747303,-0.39751654863357544,0.15617984533309937],[-0.03284610062837601,-0.999455988407135,-0.002944463398307562,0.09825557470321655],[-0.39721521735191345,0.01575731672346592,-0.9175901412963867,1.0352566242218018]],"camera1":[[0.9171375036239624,-0.02896970696747303,-0.39751654863357544,0.15617984533309937],[-0.03284610062837601,-0.999455988407135,-0.002944463398307562,0.09825557470321655],[-0.39721521735191345,0.01575731672346592,-0.9175901412963867,1.0352566242218018]],"full_resolution":[2064,2272],"relative_focal_length":[0.4356694221496582,0.4339345097541809],"screen_center":[0.3787437081336975,0.5965937376022339],"visualized_dimension":-1},{"camera0":[[0.9171375036239624,-0.02896970696747303,-0.39751654863357544,0.1588183045387268],[-0.03284610062837601,-0.999455988407135,-0.002944463398307562,0.09816107898950577],[-0.39721521735191345,0.01575731672346592,-0.9175901412963867,1.0341140031814575]],"camera1":[[0.9171375036239624,-0.02896970696747303,-0.39751654863357544,0.1588183045387268],[-0.03284610062837601,-0.999455988407135,-0.002944463398307562,0.09816107898950577],[-0.39721521735191345,0.01575731672346592,-0.9175901412963867,1.0341140031814575]],"full_resolution":[2064,2272],"relative_focal_length":[0.4356694221496582,0.4339345097541809],"screen_center":[0.6212562918663025,0.5965937376022339],"visualized_dimension":-1}]}
{"camera":{"aperture_size":0.0,"autofocus":false,"autofocus_depth":0.0,"autofocus_target":[0.5,0.5,0.5],"fov_axis":1,"matrix":[[0.8354878425598145,0.0031969177071005106,-0.5494995713233948,0.07876197248697281],[0.0,-0.999983012676239,-0.005817823112010956,0.09533850848674774],[-0.5495089888572693,0.004860684275627136,-0.8354735970497131,0.9575667977333069]],"relative_focal_length":[1.0,1.0],"scale":0.04736240580677986,"screen_center":[0.5008788108825684,0.49828702211380005],"zoom":1.0},"frame":9,"views":[{"camera0":[[0.904009997844696,-0.031429845839738846,-0.42635440826416016,0.15602901577949524],[-0.03498835116624832,-0.9993875026702881,-0.0005142530426383018,0.09818274527788162],[-0.4260772168636322,0.015382295474410057,-0.9045559763908386,1.0344812870025635]],"camera1":[[0.904009997844696,-0.031429845839738846,-0.42635440826416016,0.15602901577949524],[-0.03498835116624832,-0.9993875026702881,-0.0005142530426383018,0.09818274527788162],[-0.4260772168636322,0.015382295474410057,-0.9045559763908386,1.0344812870025635]],"full_resolution":[2064,2272],"relative_focal_length":[0.4356694221496582,0.4339345097541809],"screen_center":[0.3787437081336975,0.5965937376022339],"visualized_dimension":-1},{"camera0":[[0.904009997844696,-0.031429845839738846,-0.42635440826416016,0.15862971544265747],[-0.03498835116624832,-0.9993875026702881,-0.0005142530426383018,0.09808209538459778],[-0.4260772168636322,0.015382295474410057,-0.9045559763908386,1.0332555770874023]],"camera1":[[0.904009997844696,-0.031429845839738846,-0.42635440826416016,0.15862971544265747],[-0.03498835116624832,-0.9993875026702881,-0.0005142530426383018,0.09808209538459778],[-0.4260772168636322,0.015382295474410057,-0.9045559763908386,1.0332555770874023]],"full_resolution":[2064,2272],"relative_focal_length":[0.4356694221496582,0.4339345097541809],"screen_center":[0.6212562918663025,0.5965937376022339],"visualized_dimension":-1}]}
{"camera":{"aperture_size":0.0,"autofocus":false,"autofocus_depth":0.0,"autofocus_target":[0.5,0.5,0.5],"fov_axis":1,"matrix":[[0.8354878425598145,0.0031969177071005106,-0.5494995713233948,0.07876197248697281],[0.0,-0.999983012676239,-0.005817823112010956,0.09533850848674774],[-0.5495089888572693,0.004860684275627136,-0.8354735970497131,0.9575667977333069]],"relative_focal_length":[1.0,1.0],"scale":0.04736240580677986,"screen_center":[0.5008788108825684,0.49828702211380005],"zoom":1.0},"frame":10,"views":[{"camera0":[[0.8918884992599487,-0.039057839661836624,-0.4505656957626343,0.1557314693927765],[-0.04296274855732918,-0.9990753531455994,0.0015618535690009594,0.09808497130870819],[-0.45021018385887146,0.01796451210975647,-0.8927417993545532,1.0337238311767578]],"camera1":[[0.8918884992599487,-0.039057839661836624,-0.4505656957626343,0.1557314693927765],[-0.04296274855732918,-0.9990753531455994,0.0015618535690009594,0.09808497130870819],[-0.45021018385887146,0.01796451210975647,-0.8927417993545532,1.0337238311767578]],"full_resolution":[2064,2272],"relative_focal_length":[0.4356694221496582,0.4339345097541809],"screen_center":[0.3787437081336975,0.5965937376022339],"visualized_dimension":-1},{"camera0":[[0.8918884992599487,-0.039057839661836624,-0.4505656957626343,0.15829730033874512],[-0.04296274855732918,-0.9990753531455994,0.0015618535690009594,0.09796137362718582],[-0.45021018385887146,0.01796451210975647,-0.8927417993545532,1.0324286222457886]],"camera1":[[0.8918884992599487,-0.039057839661836624,-0.4505656957626343,0.15829730033874512],[-0.04296274855732918,-0.9990753531455994,0.0015618535690009594,0.09796137362718582],[-0.45021018385887146,0.01796451210975647,-0.8927417993545532,1.0324286222457886]],"full_resolution":[2064,2272],"relative_focal_length":[0.4356694221496582,0.4339345097541809],"screen_center":[0.6212562918663025,0.5965937376022339],"visualized_dimension":-1}]}
{"camera":{"aperture_size":0.0,"autofocus":false,"autofocus_depth":0.0,"autofocus_target":[0.5,0.5,0.5],"fov_axis":1,"matrix":[[0.8354878425598145,0.0031969177071005106,-0.5494995713233948,0.07876197248697281],[0.0,-0.999983012676239,-0.005817823112010956,0.09533850848674774],[-0.5495089888572693,0.004860684275627136,-0.8354735970497131,0.9575667977333069]],"relative_focal_length":[1.0,1.0],"scale":0.04736240580677986,"screen_center":[0.5008788108825684,0.49828702211380005],"zoom":1.0},"frame":10,"views":[{"camera0":[[0.88584303855896,-0.04581557214260101,-0.4617173969745636,0.15545275807380676],[-0.05372776836156845,-0.9985475540161133,-0.003996750805526972,0.09802141040563583],[-0.4608638286590576,0.02834751270711422,-0.8870179057121277,1.033355474472046]],"camera1":[[0.88584303855896,-0.04581557214260101,-0.4617173969745636,0.15545275807380676],[-0.05372776836156845,-0.9985475540161133,-0.003996750805526972,0.09802141040563583],[-0.4608638286590576,0.02834751270711422,-0.8870179057121277,1.033355474472046]],"full_resolution":[2064,2272],"relative_focal_length":[0.4356694221496582,0.4339345097541809],"screen_center":[0.3787437081336975,0.5965937376022339],"visualized_dimension":-1},{"camera0":[[0.88584303855896,-0.04581557214260101,-0.4617173969745636,0.15800119936466217],[-0.05372776836156845,-0.9985475540161133,-0.003996750805526972,0.09786684066057205],[-0.4608638286590576,0.02834751270711422,-0.8870179057121277,1.0320297479629517]],"camera1":[[0.88584303855896,-0.04581557214260101,-0.4617173969745636,0.15800119936466217],[-0.05372776836156845,-0.9985475540161133,-0.003996750805526972,0.09786684066057205],[-0.4608638286590576,0.02834751270711422,-0.8870179057121277,1.0320297479629517]],"full_resolution":[2064,2272],"relative_focal_length":[0.4356694221496582,0.4339345097541809],"screen_center":[0.6212562918663025,0.5965937376022339],"visualized_dimension":-1}]}
{"camera":{"aperture_size":0.0,"autofocus":false,"autofocus_depth":0.0,"autofocus_target":[0.5,0.5,0.5],"fov_axis":1,"matrix":[[0.8354878425598145,0.0031969177071005106,-0.5494995713233948,0.07876197248697281],[0.0,-0.999983012676239,-0.005817823112010956,0.09533850848674774],[-0.5495089888572693,0.004860684275627136,-0.8354735970497131,0.9575667977333069]],"relative_focal_length":[1.0,1.0],"scale":0.04736240580677986,"screen_center":[0.5008788108825684,0.49828702211380005],"zoom":1.0},"frame":10,"views":[{"camera0":[[0.8796717524528503,-0.050613049417734146,-0.4728803038597107,0.15519043803215027],[-0.06229555606842041,-0.9980165362358093,-0.009065741673111916,0.09799458086490631],[-0.4714837074279785,0.0374331921339035,-0.8810798525810242,1.0329790115356445]],"camera1":[[0.8796717524528503,-0.050613049417734146,-0.4728803038597107,0.15519043803215027],[-0.06229555606842041,-0.9980165362358093,-0.009065741673111916,0.09799458086490631],[-0.4714837074279785,0.0374331921339035,-0.8810798525810242,1.0329790115356445]],"full_resolution":[2064,2272],"relative_focal_length":[0.4356694221496582,0.4339345097541809],"screen_center":[0.3787437081336975,0.5965937376022339],"visualized_dimension":-1},{"camera0":[[0.8796717524528503,-0.050613049417734146,-0.4728803038597107,0.15772110223770142],[-0.06229555606842041,-0.9980165362358093,-0.009065741673111916,0.0978153645992279],[-0.4714837074279785,0.0374331921339035,-0.8810798525810242,1.0316226482391357]],"camera1":[[0.8796717524528503,-0.050613049417734146,-0.4728803038597107,0.15772110223770142],[-0.06229555606842041,-0.9980165362358093,-0.009065741673111916,0.0978153645992279],[-0.4714837074279785,0.0374331921339035,-0.8810798525810242,1.0316226482391357]],"full_resolution":[2064,2272],"relative_focal_length":[0.4356694221496582,0.4339345097541809],"screen_center":[0.6212562918663025,0.5965937376022339],"visualized_dimension":-1}]}
{"camera":{"aperture_size":0.0,"autofocus":false,"autofocus_depth":0.0,"autofocus_target":[0.5,0.5,0.5],"fov_axis":1,"matrix":[[0.8354878425598145,0.0031969177071005106,-0.5494995713233948,0.07876197248697281],[0.0,-0.999983012676239,-0.005817823112010956,0.09533850848674774],[-0.5495089888572693,0.004860684275627136,-0.8354735970497131,0.9575667977333069]],"relative_focal_length":[1.0,1.0],"scale":0.04736240580677986,"screen_center":[0.5008788108825684,0.49828702211380005],"zoom":1.0},"frame":11,"views":[{"camera0":[[0.8770843744277954,-0.054051272571086884,-0.47728538513183594,0.15476801991462708],[-0.07089556753635406,-0.9973329901695251,-0.017336176708340645,0.09798797965049744],[-0.4750755727291107,0.04904268682003021,-0.8785771727561951,1.032679796218872]],"camera1":[[0.8770843744277954,-0.054051272571086884,-0.47728538513183594,0.15476801991462708],[-0.07089556753635406,-0.9973329901695251,-0.017336176708340645,0.09798797965049744],[-0.4750755727291107,0.04904268682003021,-0.8785771727561951,1.032679796218872]],"full_resolution":[2064,2272],"relative_focal_length":[0.4356694221496582,0.4339345097541809],"screen_center":[0.3787437081336975,0.5965937376022339],"visualized_dimension":-1},{"camera0":[[0.8770843744277954,-0.054051272571086884,-0.47728538513183594,0.1572912633419037],[-0.07089556753635406,-0.9973329901695251,-0.017336176708340645,0.09778402745723724],[-0.4750755727291107,0.04904268682003021,-0.8785771727561951,1.0313130617141724]],"camera1":[[0.8770843744277954,-0.054051272571086884,-0.47728538513183594,0.1572912633419037],[-0.07089556753635406,-0.9973329901695251,-0.017336176708340645,0.09778402745723724],[-0.4750755727291107,0.04904268682003021,-0.8785771727561951,1.0313130617141724]],"full_resolution":[2064,2272],"relative_focal_length":[0.4356694221496582,0.4339345097541809],"screen_center":[0.6212562918663025,0.5965937376022339],"visualized_dimension":-1}]}
{"camera":{"aperture_size":0.0,"autofocus":false,"autofocus_depth":0.0,"autofocus_target":[0.5,0.5,0.5],"fov_axis":1,"matrix":[[0.8354878425598145,0.0031969177071005106,-0.5494995713233948,0.07876197248697281],[0.0,-0.999983012676239,-0.005817823112010956,0.09533850848674774],[-0.5495089888572693,0.004860684275627136,-0.8354735970497131,0.9575667977333069]],"relative_focal_length":[1.0,1.0],"scale":0.04736240580677986,"screen_center":[0.5008788108825684,0.49828702211380005],"zoom":1.0},"frame":11,"views":[{"camera0":[[0.8698416352272034,-0.06197578087449074,-0.4894227683544159,0.15403211116790771],[-0.07693980634212494,-0.9969804883003235,-0.010495692491531372,0.0979568287730217],[-0.48729458451271057,0.046785660088062286,-0.8719834089279175,1.032015323638916]],"camera1":[[0.8698416352272034,-0.06197578087449074,-0.4894227683544159,0.15403211116790771],[-0.07693980634212494,-0.9969804883003235,-0.010495692491531372,0.0979568287730217],[-0.48729458451271057,0.046785660088062286,-0.8719834089279175,1.032015323638916]],"full_resolution":[2064,2272],"relative_focal_length":[0.4356694221496582,0.4339345097541809],"screen_center":[0.3787437081336975,0.5965937376022339],"visualized_dimension":-1},{"camera0":[[0.8698416352272034,-0.06197578087449074,-0.4894227683544159,0.15653452277183533],[-0.07693980634212494,-0.9969804883003235,-0.010495692491531372,0.09773548692464828],[-0.48729458451271057,0.046785660088062286,-0.8719834089279175,1.0306134223937988]],"camera1":[[0.8698416352272034,-0.06197578087449074,-0.4894227683544159,0.15653452277183533],[-0.07693980634212494,-0.9969804883003235,-0.010495692491531372,0.09773548692464828],[-0.48729458451271057,0.046785660088062286,-0.8719834089279175,1.0306134223937988]],"full_resolution":[2064,2272],"relative_focal_length":[0.4356694221496582,0.4339345097541809],"screen_center":[0.6212562918663025,0.5965937376022339],"visualized_dimension":-1}]}
{"camera":{"aperture_size":0.0,"autofocus":false,"autofocus_depth":0.0,"autofocus_target":[0.5,0.5,0.5],"fov_axis":1,"matrix":[[0.8354878425598145,0.0031969177071005106,-0.5494995713233948,0.07876197248697281],[0.0,-0.999983012676239,-0.005817823112010956,0.09533850848674774],[-0.5495089888572693,0.004860684275627136,-0.8354735970497131,0.9575667977333069]],"relative_focal_length":[1.0,1.0],"scale":0.04736240580677986,"screen_center":[0.5008788108825684,0.49828702211380005],"zoom":1.0},"frame":11,"views":[{"camera0":[[0.8683717250823975,-0.06069887429475784,-0.49218496680259705,0.15356531739234924],[-0.07128462940454483,-0.9974521994590759,-0.0027578147128224373,0.09787207096815109],[-0.49076369404792786,0.03747999668121338,-0.8704861998558044,1.031767725944519]],"camera1":[[0.8683717250823975,-0.06069887429475784,-0.49218496680259705,0.15356531739234924],[-0.07128462940454483,-0.9974521994590759,-0.0027578147128224373,0.09787207096815109],[-0.49076369404792786,0.03747999668121338,-0.8704861998558044,1.031767725944519]],"full_resolution":[2064,2272],"relative_focal_length":[0.4356694221496582,0.4339345097541809],"screen_center":[0.3787437081336975,0.5965937376022339],"visualized_dimension":-1},{"camera0":[[0.8683717250823975,-0.06069887429475784,-0.49218496680259705,0.15606346726417542],[-0.07128462940454483,-0.9974521994590759,-0.0027578147128224373,0.09766699373722076],[-0.49076369404792786,0.03747999668121338,-0.8704861998558044,1.0303559303283691]],"camera1":[[0.8683717250823975,-0.06069887429475784,-0.49218496680259705,0.15606346726417542],[-0.07128462940454483,-0.9974521994590759,-0.0027578147128224373,0.09766699373722076],[-0.49076369404792786,0.03747999668121338,-0.8704861998558044,1.0303559303283691]],"full_resolution":[2064,2272],"relative_focal_length":[0.4356694221496582,0.4339345097541809],"screen_center":[0.6212562918663025,0.5965937376022339],"visualized_dimension":-1}]}
{"camera":{"aperture_size":0.0,"autofocus":false,"autofocus_depth":0.0,"autofocus_target":[0.5,0.5,0.5],"fov_axis":1,"matrix":[[0.8354878425598145,0.0031969177071005106,-0.5494995713233948,0.07876197248697281],[0.0,-0.999983012676239,-0.005817823112010956,0.09533850848674774],[-0.5495089888572693,0.004860684275627136,-0.8354735970497131,0.9575667977333069]],"relative_focal_length":[1.0,1.0],"scale":0.04736240580677986,"screen_center":[0.5008788108825684,0.49828702211380005],"zoom":1.0},"frame":12,"views":[{"camera0":[[0.8662201762199402,-0.058118268847465515,-0.49627092480659485,0.15311026573181152],[-0.0674147829413414,-0.9977246522903442,-0.0008262665942311287,0.09780016541481018],[-0.4950938820838928,0.034171704202890396,-0.8681671619415283,1.0315165519714355]],"camera1":[[0.8662201762199402,-0.058118268847465515,-0.49627092480659485,0.15311026573181152],[-0.0674147829413414,-0.9977246522903442,-0.0008262665942311287,0.09780016541481018],[-0.4950938820838928,0.034171704202890396,-0.8681671619415283,1.0315165519714355]],"full_resolution":[2064,2272],"relative_focal_length":[0.4356694221496582,0.4339345097541809],"screen_center":[0.3787437081336975,0.5965937376022339],"visualized_dimension":-1},{"camera0":[[0.8662201762199402,-0.058118268847465515,-0.49627092480659485,0.15560224652290344],[-0.0674147829413414,-0.9977246522903442,-0.0008262665942311287,0.09760621935129166],[-0.4950938820838928,0.034171704202890396,-0.8681671619415283,1.0300921201705933]],"camera1":[[0.8662201762199402,-0.058118268847465515,-0.49627092480659485,0.15560224652290344],[-0.0674147829413414,-0.9977246522903442,-0.0008262665942311287,0.09760621935129166],[-0.4950938820838928,0.034171704202890396,-0.8681671619415283,1.0300921201705933]],"full_resolution":[2064,2272],"relative_focal_length":[0.4356694221496582,0.4339345097541809],"screen_center":[0.6212562918663025,0.5965937376022339],"visualized_dimension":-1}]}
{"camera":{"aperture_size":0.0,"autofocus":false,"autofocus_depth":0.0,"autofocus_target":[0.5,0.5,0.5],"fov_axis":1,"matrix":[[0.8354878425598145,0.0031969177071005106,-0.5494995713233948,0.07876197248697281],[0.0,-0.999983012676239,-0.005817823112010956,0.09533850848674774],[-0.5495089888572693,0.004860684275627136,-0.8354735970497131,0.9575667977333069]],"relative_focal_length":[1.0,1.0],"scale":0.04736240580677986,"screen_center":[0.5008788108825684,0.49828702211380005],"zoom":1.0},"frame":13,"views":[{"camera0":[[0.8689733743667603,-0.05797138065099716,-0.49145156145095825,0.1524684727191925],[-0.06413764506578445,-0.997931718826294,0.004308768082410097,0.09765739738941193],[-0.49068504571914673,0.027776315808296204,-0.8708941340446472,1.0314017534255981]],"camera1":[[0.8689733743667603,-0.05797138065099716,-0.49145156145095825,0.1524684727191925],[-0.06413764506578445,-0.997931718826294,0.004308768082410097,0.09765739738941193],[-0.49068504571914673,0.027776315808296204,-0.8708941340446472,1.0314017534255981]],"full_resolution":[2064,2272],"relative_focal_length":[0.4356694221496582,0.4339345097541809],"screen_center":[0.3787437081336975,0.5965937376022339],"visualized_dimension":-1},{"camera0":[[0.8689733743667603,-0.05797138065099716,-0.49145156145095825,0.15496836602687836],[-0.06413764506578445,-0.997931718826294,0.004308768082410097,0.09747288376092911],[-0.49068504571914673,0.027776315808296204,-0.8708941340446472,1.0299901962280273]],"camera1":[[0.8689733743667603,-0.05797138065099716,-0.49145156145095825,0.15496836602687836],[-0.06413764506578445,-0.997931718826294,0.004308768082410097,0.09747288376092911],[-0.49068504571914673,0.027776315808296204,-0.8708941340446472,1.0299901962280273]],"full_resolution":[2064,2272],"relative_focal_length":[0.4356694221496582,0.4339345097541809],"screen_center":[0.6212562918663025,0.5965937376022339],"visualized_dimension":-1}]}
{"camera":{"aperture_size":0.0,"autofocus":false,"autofocus_depth":0.0,"autofocus_target":[0.5,0.5,0.5],"fov_axis":1,"matrix":[[0.8354878425598145,0.0031969177071005106,-0.5494995713233948,0.07876197248697281],[0.0,-0.999983012676239,-0.005817823112010956,0.09533850848674774],[-0.5495089888572693,0.004860684275627136,-0.8354735970497131,0.9575667977333069]],"relative_focal_length":[1.0,1.0],"scale":0.04736240580677986,"screen_center":[0.5008788108825684,0.49828702211380005],"zoom":1.0},"frame":14,"views":[{"camera0":[[0.8675903081893921,-0.061528176069259644,-0.4934583902359009,0.15132394433021545],[-0.06341155618429184,-0.9979035258293152,0.012937072664499283,0.09746603667736053],[-0.4932200312614441,0.02006685733795166,-0.8696730136871338,1.0311123132705688]],"camera1":[[0.8675903081893921,-0.061528176069259644,-0.4934583902359009,0.15132394433021545],[-0.06341155618429184,-0.9979035258293152,0.012937072664499283,0.09746603667736053],[-0.4932200312614441,0.02006685733795166,-0.8696730136871338,1.0311123132705688]],"full_resolution":[2064,2272],"relative_focal_length":[0.4356694221496582,0.4339345097541809],"screen_center":[0.3787437081336975,0.5965937376022339],"visualized_dimension":-1},{"camera0":[[0.8675903081893921,-0.061528176069259644,-0.4934583902359009,0.15381985902786255],[-0.06341155618429184,-0.9979035258293152,0.012937072664499283,0.09728360921144485],[-0.4932200312614441,0.02006685733795166,-0.8696730136871338,1.029693365097046]],"camera1":[[0.8675903081893921,-0.061528176069259644,-0.4934583902359009,0.15381985902786255],[-0.06341155618429184,-0.9979035258293152,0.012937072664499283,0.09728360921144485],[-0.4932200312614441,0.02006685733795166,-0.8696730136871338,1.029693365097046]],"full_resolution":[2064,2272],"relative_focal_length":[0.4356694221496582,0.4339345097541809],"screen_center":[0.6212562918663025,0.5965937376022339],"visualized_dimension":-1}]}
{"camera":{"aperture_size":0.0,"autofocus":false,"autofocus_depth":0.0,"autofocus_target":[0.5,0.5,0.5],"fov_axis":1,"matrix":[[0.8354878425598145,0.0031969177071005106,-0.5494995713233948,0.07876197248697281],[0.0,-0.999983012676239,-0.005817823112010956,0.09533850848674774],[-0.5495089888572693,0.004860684275627136,-0.8354735970497131,0.9575667977333069]],"relative_focal_length":[1.0,1.0],"scale":0.04736240580677986,"screen_center":[0.5008788108825684,0.49828702211380005],"zoom":1.0},"frame":14,"views":[{"camera0":[[0.8656145930290222,-0.06309574097394943,-0.4967194199562073,0.15072587132453918],[-0.06146251782774925,-0.9979158043861389,0.019651643931865692,0.09739801287651062],[-0.4969242513179779,0.013518847525119781,-0.8676884770393372,1.0310232639312744]],"camera1":[[0.8656145930290222,-0.06309574097394943,-0.4967194199562073,0.15072587132453918],[-0.06146251782774925,-0.9979158043861389,0.019651643931865692,0.09739801287651062],[-0.4969242513179779,0.013518847525119781,-0.8676884770393372,1.0310232639312744]],"full_resolution":[2064,2272],"relative_focal_length":[0.4356694221496582,0.4339345097541809],"screen_center":[0.3787437081336975,0.5965937376022339],"visualized_dimension":-1},{"camera0":[[0.8656145930290222,-0.06309574097394943,-0.4967194199562073,0.15321612358093262],[-0.06146251782774925,-0.9979158043861389,0.019651643931865692,0.09722119569778442],[-0.4969242513179779,0.013518847525119781,-0.8676884770393372,1.0295937061309814]],"camera1":[[0.8656145930290222,-0.06309574097394943,-0.4967194199562073,0.15321612358093262],[-0.06146251782774925,-0.9979158043861389,0.019651643931865692,0.09722119569778442],[-0.4969242513179779,0.013518847525119781,-0.8676884770393372,1.0295937061309814]],"full_resolution":[2064,2272],"relative_focal_length":[0.4356694221496582,0.4339345097541809],"screen_center":[0.6212562918663025,0.5965937376022339],"visualized_dimension":-1}]}
{"camera":{"aperture_size":0.0,"autofocus":false,"autofocus_depth":0.0,"autofocus_target":[0.5,0.5,0.5],"fov_axis":1,"matrix":[[0.8354878425598145,0.0031969177071005106,-0.5494995713233948,0.07876197248697281],[0.0,-0.999983012676239,-0.005817823112010956,0.09533850848674774],[-0.5495089888572693,0.004860684275627136,-0.8354735970497131,0.9575667977333069]],"relative_focal_length":[1.0,1.0],"scale":0.04736240580677986,"screen_center":[0.5008788108825684,0.49828702211380005],"zoom":1.0},"frame":14,"views":[{"camera0":[[0.864978551864624,-0.05168445408344269,-0.4991399347782135,0.1500772088766098],[-0.05102752149105072,-0.9985849261283875,0.014972900040447712,0.09748625010251999],[-0.49920761585235596,0.012518608942627907,-0.8663918972015381,1.0309582948684692]],"camera1":[[0.864978551864624,-0.05168445408344269,-0.4991399347782135,0.1500772088766098],[-0.05102752149105072,-0.9985849261283875,0.014972900040447712,0.09748625010251999],[-0.49920761585235596,0.012518608942627907,-0.8663918972015381,1.0309582948684692]],"full_resolution":[2064,2272],"relative_focal_length":[0.4356694221496582,0.4339345097541809],"screen_center":[0.3787437081336975,0.5965937376022339],"visualized_dimension":-1},{"camera0":[[0.864978551864624,-0.05168445408344269,-0.4991399347782135,0.1525656282901764],[-0.05102752149105072,-0.9985849261283875,0.014972900040447712,0.0973394513130188],[-0.49920761585235596,0.012518608942627907,-0.8663918972015381,1.029522180557251]],"camera1":[[0.864978551864624,-0.05168445408344269,-0.4991399347782135,0.1525656282901764],[-0.05102752149105072,-0.9985849261283875,0.014972900040447712,0.0973394513130188],[-0.49920761585235596,0.012518608942627907,-0.8663918972015381,1.029522180557251]],"full_resolution":[2064,2272],"relative_focal_length":[0.4356694221496582,0.4339345097541809],"screen_center":[0.6212562918663025,0.5965937376022339],"visualized_dimension":-1}]}
