{"camera":{"aperture_size":0.0,"autofocus":false,"autofocus_depth":0.0,"autofocus_target":[0.5,0.5,0.5],"fov_axis":1,"matrix":[[1.0,0.0,0.0,0.0],[0.0,1.0,0.0,0.0],[0.0,0.0,1.0,0.0]],"relative_focal_length":[1.0,1.0],"scale":1.0,"screen_center":[0.5008788108825684,0.49828702211380005],"zoom":1.0},"frame":1,"views":[{"camera0":[[1.0,0.0,0.0,0.0],[0.0,1.0,0.0,0.0],[0.0,0.0,1.0,0.0]],"camera1":[[1.0,0.0,0.0,0.0],[0.0,1.0,0.0,0.0],[0.0,0.0,1.0,0.0]],"full_resolution":[1920,1080],"relative_focal_length":[1.0,1.0],"screen_center":[0.5008788108825684,0.49828702211380005],"visualized_dimension":-1}]}
{"camera":{"aperture_size":0.0,"autofocus":false,"autofocus_depth":0.0,"autofocus_target":[0.5,0.5,0.5],"fov_axis":1,"matrix":[[1.0,0.0,0.0,0.0],[0.0,1.0,0.0,0.0],[0.0,0.0,1.0,0.0]],"relative_focal_length":[1.0,1.0],"scale":1.0,"screen_center":[0.5008788108825684,0.49828702211380005],"zoom":1.0},"frame":1,"views":[{"camera0":[[1.0,0.0,0.0,0.0],[0.0,1.0,0.0,0.0],[0.0,0.0,1.0,0.0]],"camera1":[[1.0,0.0,0.0,0.0],[0.0,1.0,0.0,0.0],[0.0,0.0,1.0,0.0]],"full_resolution":[1920,1080],"relative_focal_length":[1.0,1.0],"screen_center":[0.5008788108825684,0.49828702211380005],"visualized_dimension":-1}]}
{"camera":{"aperture_size":0.0,"autofocus":false,"autofocus_depth":0.0,"autofocus_target":[0.5,0.5,0.5],"fov_axis":1,"matrix":[[1.0,0.0,0.0,0.0],[0.0,1.0,0.0,0.0],[0.0,0.0,1.0,0.0]],"relative_focal_length":[1.0,1.0],"scale":1.0,"screen_center":[0.5008788108825684,0.49828702211380005],"zoom":1.0},"frame":1,"views":[{"camera0":[[1.0,0.0,0.0,0.0],[0.0,1.0,0.0,0.0],[0.0,0.0,1.0,0.0]],"camera1":[[1.0,0.0,0.0,0.0],[0.0,1.0,0.0,0.0],[0.0,0.0,1.0,0.0]],"full_resolution":[1920,1080],"relative_focal_length":[1.0,1.0],"screen_center":[0.5008788108825684,0.49828702211380005],"visualized_dimension":-1}]}
{"camera":{"aperture_size":0.0,"autofocus":false,"autofocus_depth":0.0,"autofocus_target":[0.5,0.5,0.5],"fov_axis":1,"matrix":[[1.0,0.0,0.0,0.0],[0.0,1.0,0.0,0.0],[0.0,0.0,1.0,0.0]],"relative_focal_length":[1.0,1.0],"scale":1.0,"screen_center":[0.5008788108825684,0.49828702211380005],"zoom":1.0},"frame":1,"views":[{"camera0":[[1.0,0.0,0.0,0.0],[0.0,1.0,0.0,0.0],[0.0,0.0,1.0,0.0]],"camera1":[[1.0,0.0,0.0,0.0],[0.0,1.0,0.0,0.0],[0.0,0.0,1.0,0.0]],"full_resolution":[1920,1080],"relative_focal_length":[1.0,1.0],"screen_center":[0.5008788108825684,0.49828702211380005],"visualized_dimension":-1}]}
{"camera":{"aperture_size":0.0,"autofocus":false,"autofocus_depth":0.0,"autofocus_target":[0.5,0.5,0.5],"fov_axis":1,"matrix":[[1.0,0.0,0.0,0.0],[0.0,1.0,0.0,0.0],[0.0,0.0,1.0,0.0]],"relative_focal_length":[1.0,1.0],"scale":1.0,"screen_center":[0.5008788108825684,0.49828702211380005],"zoom":1.0},"frame":1,"views":[{"camera0":[[1.0,0.0,0.0,0.0],[0.0,1.0,0.0,0.0],[0.0,0.0,1.0,0.0]],"camera1":[[1.0,0.0,0.0,0.0],[0.0,1.0,0.0,0.0],[0.0,0.0,1.0,0.0]],"full_resolution":[1920,1080],"relative_focal_length":[1.0,1.0],"screen_center":[0.5008788108825684,0.49828702211380005],"visualized_dimension":-1}]}
{"camera":{"aperture_size":0.0,"autofocus":false,"autofocus_depth":0.0,"autofocus_target":[0.5,0.5,0.5],"fov_axis":1,"matrix":[[1.0,0.0,0.0,0.0],[0.0,1.0,0.0,0.0],[0.0,0.0,1.0,0.0]],"relative_focal_length":[1.0,1.0],"scale":1.0,"screen_center":[0.5008788108825684,0.49828702211380005],"zoom":1.0},"frame":1,"views":[{"camera0":[[1.0,0.0,0.0,0.0],[0.0,1.0,0.0,0.0],[0.0,0.0,1.0,0.0]],"camera1":[[1.0,0.0,0.0,0.0],[0.0,1.0,0.0,0.0],[0.0,0.0,1.0,0.0]],"full_resolution":[1920,1080],"relative_focal_length":[1.0,1.0],"screen_center":[0.5008788108825684,0.49828702211380005],"visualized_dimension":-1}]}
{"camera":{"aperture_size":0.0,"autofocus":false,"autofocus_depth":0.0,"autofocus_target":[0.5,0.5,0.5],"fov_axis":1,"matrix":[[1.0,0.0,0.0,0.0],[0.0,1.0,0.0,0.0],[0.0,0.0,1.0,0.0]],"relative_focal_length":[1.0,1.0],"scale":1.0,"screen_center":[0.5008788108825684,0.49828702211380005],"zoom":1.0},"frame":1,"views":[{"camera0":[[1.0,0.0,0.0,0.0],[0.0,1.0,0.0,0.0],[0.0,0.0,1.0,0.0]],"camera1":[[1.0,0.0,0.0,0.0],[0.0,1.0,0.0,0.0],[0.0,0.0,1.0,0.0]],"full_resolution":[1920,1080],"relative_focal_length":[1.0,1.0],"screen_center":[0.5008788108825684,0.49828702211380005],"visualized_dimension":-1}]}
{"camera":{"aperture_size":0.0,"autofocus":false,"autofocus_depth":0.0,"autofocus_target":[0.5,0.5,0.5],"fov_axis":1,"matrix":[[1.0,0.0,0.0,0.0],[0.0,1.0,0.0,0.0],[0.0,0.0,1.0,0.0]],"relative_focal_length":[1.0,1.0],"scale":1.0,"screen_center":[0.5008788108825684,0.49828702211380005],"zoom":1.0},"frame":1,"views":[{"camera0":[[1.0,0.0,0.0,0.0],[0.0,1.0,0.0,0.0],[0.0,0.0,1.0,0.0]],"camera1":[[1.0,0.0,0.0,0.0],[0.0,1.0,0.0,0.0],[0.0,0.0,1.0,0.0]],"full_resolution":[1920,1080],"relative_focal_length":[1.0,1.0],"screen_center":[0.5008788108825684,0.49828702211380005],"visualized_dimension":-1}]}
{"camera":{"aperture_size":0.0,"autofocus":false,"autofocus_depth":0.0,"autofocus_target":[0.5,0.5,0.5],"fov_axis":1,"matrix":[[1.0,0.0,0.0,0.0],[0.0,1.0,0.0,0.0],[0.0,0.0,1.0,0.0]],"relative_focal_length":[1.0,1.0],"scale":1.0,"screen_center":[0.5008788108825684,0.49828702211380005],"zoom":1.0},"frame":1,"views":[{"camera0":[[1.0,0.0,0.0,0.0],[0.0,1.0,0.0,0.0],[0.0,0.0,1.0,0.0]],"camera1":[[1.0,0.0,0.0,0.0],[0.0,1.0,0.0,0.0],[0.0,0.0,1.0,0.0]],"full_resolution":[1920,1080],"relative_focal_length":[1.0,1.0],"screen_center":[0.5008788108825684,0.49828702211380005],"visualized_dimension":-1}]}
{"camera":{"aperture_size":0.0,"autofocus":false,"autofocus_depth":0.0,"autofocus_target":[0.5,0.5,0.5],"fov_axis":1,"matrix":[[1.0,0.0,0.0,0.0],[0.0,1.0,0.0,0.0],[0.0,0.0,1.0,0.0]],"relative_focal_length":[1.0,1.0],"scale":1.0,"screen_center":[0.5008788108825684,0.49828702211380005],"zoom":1.0},"frame":1,"views":[{"camera0":[[1.0,0.0,0.0,0.0],[0.0,1.0,0.0,0.0],[0.0,0.0,1.0,0.0]],"camera1":[[1.0,0.0,0.0,0.0],[0.0,1.0,0.0,0.0],[0.0,0.0,1.0,0.0]],"full_resolution":[1920,1080],"relative_focal_length":[1.0,1.0],"screen_center":[0.5008788108825684,0.49828702211380005],"visualized_dimension":-1}]}
{"camera":{"aperture_size":0.0,"autofocus":false,"autofocus_depth":0.0,"autofocus_target":[0.5,0.5,0.5],"fov_axis":1,"matrix":[[1.0,0.0,0.0,0.0],[0.0,1.0,0.0,0.0],[0.0,0.0,1.0,0.0]],"relative_focal_length":[1.0,1.0],"scale":1.0,"screen_center":[0.5008788108825684,0.49828702211380005],"zoom":1.0},"frame":1,"views":[{"camera0":[[1.0,0.0,0.0,0.0],[0.0,1.0,0.0,0.0],[0.0,0.0,1.0,0.0]],"camera1":[[1.0,0.0,0.0,0.0],[0.0,1.0,0.0,0.0],[0.0,0.0,1.0,0.0]],"full_resolution":[1920,1080],"relative_focal_length":[1.0,1.0],"screen_center":[0.5008788108825684,0.49828702211380005],"visualized_dimension":-1}]}
{"camera":{"aperture_size":0.0,"autofocus":false,"autofocus_depth":0.0,"autofocus_target":[0.5,0.5,0.5],"fov_axis":1,"matrix":[[1.0,0.0,0.0,0.0],[0.0,1.0,0.0,0.0],[0.0,0.0,1.0,0.0]],"relative_focal_length":[1.0,1.0],"scale":1.0,"screen_center":[0.5008788108825684,0.49828702211380005],"zoom":1.0},"frame":1,"views":[{"camera0":[[1.0,0.0,0.0,0.0],[0.0,1.0,0.0,0.0],[0.0,0.0,1.0,0.0]],"camera1":[[1.0,0.0,0.0,0.0],[0.0,1.0,0.0,0.0],[0.0,0.0,1.0,0.0]],"full_resolution":[1920,1080],"relative_focal_length":[1.0,1.0],"screen_center":[0.5008788108825684,0.49828702211380005],"visualized_dimension":-1}]}
{"camera":{"aperture_size":0.0,"autofocus":false,"autofocus_depth":0.0,"autofocus_target":[0.5,0.5,0.5],"fov_axis":1,"matrix":[[1.0,0.0,0.0,0.0],[0.0,1.0,0.0,0.0],[0.0,0.0,1.0,0.0]],"relative_focal_length":[1.0,1.0],"scale":1.0,"screen_center":[0.5008788108825684,0.49828702211380005],"zoom":1.0},"frame":2,"views":[{"camera0":[[1.0,0.0,0.0,0.0],[0.0,1.0,0.0,0.0],[0.0,0.0,1.0,0.0]],"camera1":[[1.0,0.0,0.0,0.0],[0.0,1.0,0.0,0.0],[0.0,0.0,1.0,0.0]],"full_resolution":[1920,1080],"relative_focal_length":[1.0,1.0],"screen_center":[0.5008788108825684,0.49828702211380005],"visualized_dimension":-1}]}
{"camera":{"aperture_size":0.0,"autofocus":false,"autofocus_depth":0.0,"autofocus_target":[0.5,0.5,0.5],"fov_axis":1,"matrix":[[1.0,0.0,0.0,0.0],[0.0,1.0,0.0,0.0],[0.0,0.0,1.0,0.0]],"relative_focal_length":[1.0,1.0],"scale":1.0,"screen_center":[0.5008788108825684,0.49828702211380005],"zoom":1.0},"frame":3,"views":[{"camera0":[[1.0,0.0,0.0,0.0],[0.0,1.0,0.0,0.0],[0.0,0.0,1.0,0.0]],"camera1":[[1.0,0.0,0.0,0.0],[0.0,1.0,0.0,0.0],[0.0,0.0,1.0,0.0]],"full_resolution":[1920,1080],"relative_focal_length":[1.0,1.0],"screen_center":[0.5008788108825684,0.49828702211380005],"visualized_dimension":-1}]}
{"camera":{"aperture_size":0.0,"autofocus":false,"autofocus_depth":0.0,"autofocus_target":[0.5,0.5,0.5],"fov_axis":1,"matrix":[[1.0,0.0,0.0,0.0],[0.0,1.0,0.0,0.0],[0.0,0.0,1.0,0.0]],"relative_focal_length":[1.0,1.0],"scale":1.0,"screen_center":[0.5008788108825684,0.49828702211380005],"zoom":1.0},"frame":4,"views":[{"camera0":[[1.0,0.0,0.0,0.0],[0.0,1.0,0.0,0.0],[0.0,0.0,1.0,0.0]],"camera1":[[1.0,0.0,0.0,0.0],[0.0,1.0,0.0,0.0],[0.0,0.0,1.0,0.0]],"full_resolution":[1920,1080],"relative_focal_length":[1.0,1.0],"screen_center":[0.5008788108825684,0.49828702211380005],"visualized_dimension":-1}]}
{"camera":{"aperture_size":0.0,"autofocus":false,"autofocus_depth":0.0,"autofocus_target":[0.5,0.5,0.5],"fov_axis":1,"matrix":[[1.0,0.0,0.0,0.0],[0.0,1.0,0.0,0.0],[0.0,0.0,1.0,0.0]],"relative_focal_length":[1.0,1.0],"scale":1.0,"screen_center":[0.5008788108825684,0.49828702211380005],"zoom":1.0},"frame":5,"views":[{"camera0":[[1.0,0.0,0.0,0.0],[0.0,1.0,0.0,0.0],[0.0,0.0,1.0,0.0]],"camera1":[[1.0,0.0,0.0,0.0],[0.0,1.0,0.0,0.0],[0.0,0.0,1.0,0.0]],"full_resolution":[1920,1080],"relative_focal_length":[1.0,1.0],"screen_center":[0.5008788108825684,0.49828702211380005],"visualized_dimension":-1}]}
{"camera":{"aperture_size":0.0,"autofocus":false,"autofocus_depth":0.0,"autofocus_target":[0.5,0.5,0.5],"fov_axis":1,"matrix":[[1.0,0.0,0.0,0.0],[0.0,1.0,0.0,0.0],[0.0,0.0,1.0,0.0]],"relative_focal_length":[1.0,1.0],"scale":1.0,"screen_center":[0.5008788108825684,0.49828702211380005],"zoom":1.0},"frame":6,"views":[{"camera0":[[1.0,0.0,0.0,0.0],[0.0,1.0,0.0,0.0],[0.0,0.0,1.0,0.0]],"camera1":[[1.0,0.0,0.0,0.0],[0.0,1.0,0.0,0.0],[0.0,0.0,1.0,0.0]],"full_resolution":[1920,1080],"relative_focal_length":[1.0,1.0],"screen_center":[0.5008788108825684,0.49828702211380005],"visualized_dimension":-1}]}
{"camera":{"aperture_size":0.0,"autofocus":false,"autofocus_depth":0.0,"autofocus_target":[0.5,0.5,0.5],"fov_axis":1,"matrix":[[1.0,0.0,0.0,0.0],[0.0,1.0,0.0,0.0],[0.0,0.0,1.0,0.0]],"relative_focal_length":[1.0,1.0],"scale":1.0,"screen_center":[0.5008788108825684,0.49828702211380005],"zoom":1.0},"frame":7,"views":[{"camera0":[[1.0,0.0,0.0,0.0],[0.0,1.0,0.0,0.0],[0.0,0.0,1.0,0.0]],"camera1":[[1.0,0.0,0.0,0.0],[0.0,1.0,0.0,0.0],[0.0,0.0,1.0,0.0]],"full_resolution":[1920,1080],"relative_focal_length":[1.0,1.0],"screen_center":[0.5008788108825684,0.49828702211380005],"visualized_dimension":-1}]}
{"camera":{"aperture_size":0.0,"autofocus":false,"autofocus_depth":0.0,"autofocus_target":[0.5,0.5,0.5],"fov_axis":1,"matrix":[[1.0,0.0,0.0,0.0],[0.0,1.0,0.0,0.0],[0.0,0.0,1.0,0.0]],"relative_focal_length":[1.0,1.0],"scale":1.0,"screen_center":[0.5008788108825684,0.49828702211380005],"zoom":1.0},"frame":8,"views":[{"camera0":[[1.0,0.0,0.0,0.0],[0.0,1.0,0.0,0.0],[0.0,0.0,1.0,0.0]],"camera1":[[1.0,0.0,0.0,0.0],[0.0,1.0,0.0,0.0],[0.0,0.0,1.0,0.0]],"full_resolution":[1920,1080],"relative_focal_length":[1.0,1.0],"screen_center":[0.5008788108825684,0.49828702211380005],"visualized_dimension":-1}]}
{"camera":{"aperture_size":0.0,"autofocus":false,"autofocus_depth":0.0,"autofocus_target":[0.5,0.5,0.5],"fov_axis":1,"matrix":[[1.0,0.0,0.0,0.0],[0.0,1.0,0.0,0.0],[0.0,0.0,1.0,0.0]],"relative_focal_length":[1.0,1.0],"scale":1.0,"screen_center":[0.5008788108825684,0.49828702211380005],"zoom":1.0},"frame":9,"views":[{"camera0":[[1.0,0.0,0.0,0.0],[0.0,1.0,0.0,0.0],[0.0,0.0,1.0,0.0]],"camera1":[[1.0,0.0,0.0,0.0],[0.0,1.0,0.0,0.0],[0.0,0.0,1.0,0.0]],"full_resolution":[1920,1080],"relative_focal_length":[1.0,1.0],"screen_center":[0.5008788108825684,0.49828702211380005],"visualized_dimension":-1}]}
{"camera":{"aperture_size":0.0,"autofocus":false,"autofocus_depth":0.0,"autofocus_target":[0.5,0.5,0.5],"fov_axis":1,"matrix":[[1.0,0.0,0.0,0.0],[0.0,1.0,0.0,0.0],[0.0,0.0,1.0,0.0]],"relative_focal_length":[1.0,1.0],"scale":1.0,"screen_center":[0.5008788108825684,0.49828702211380005],"zoom":1.0},"frame":9,"views":[{"camera0":[[1.0,0.0,0.0,0.0],[0.0,1.0,0.0,0.0],[0.0,0.0,1.0,0.0]],"camera1":[[1.0,0.0,0.0,0.0],[0.0,1.0,0.0,0.0],[0.0,0.0,1.0,0.0]],"full_resolution":[1920,1080],"relative_focal_length":[1.0,1.0],"screen_center":[0.5008788108825684,0.49828702211380005],"visualized_dimension":-1}]}
{"camera":{"aperture_size":0.0,"autofocus":false,"autofocus_depth":0.0,"autofocus_target":[0.5,0.5,0.5],"fov_axis":1,"matrix":[[1.0,0.0,0.0,0.0],[0.0,1.0,0.0,0.0],[0.0,0.0,1.0,0.0]],"relative_focal_length":[1.0,1.0],"scale":1.0,"screen_center":[0.5008788108825684,0.49828702211380005],"zoom":1.0},"frame":9,"views":[{"camera0":[[1.0,0.0,0.0,0.0],[0.0,1.0,0.0,0.0],[0.0,0.0,1.0,0.0]],"camera1":[[1.0,0.0,0.0,0.0],[0.0,1.0,0.0,0.0],[0.0,0.0,1.0,0.0]],"full_resolution":[1920,1080],"relative_focal_length":[1.0,1.0],"screen_center":[0.5008788108825684,0.49828702211380005],"visualized_dimension":-1}]}
{"camera":{"aperture_size":0.0,"autofocus":false,"autofocus_depth":0.0,"autofocus_target":[0.5,0.5,0.5],"fov_axis":1,"matrix":[[1.0,0.0,0.0,0.0],[0.0,1.0,0.0,0.0],[0.0,0.0,1.0,0.0]],"relative_focal_length":[1.0,1.0],"scale":1.0,"screen_center":[0.5008788108825684,0.49828702211380005],"zoom":1.0},"frame":9,"views":[{"camera0":[[1.0,0.0,0.0,0.0],[0.0,1.0,0.0,0.0],[0.0,0.0,1.0,0.0]],"camera1":[[1.0,0.0,0.0,0.0],[0.0,1.0,0.0,0.0],[0.0,0.0,1.0,0.0]],"full_resolution":[1920,1080],"relative_focal_length":[1.0,1.0],"screen_center":[0.5008788108825684,0.49828702211380005],"visualized_dimension":-1}]}
{"camera":{"aperture_size":0.0,"autofocus":false,"autofocus_depth":0.0,"autofocus_target":[0.5,0.5,0.5],"fov_axis":1,"matrix":[[1.0,0.0,0.0,0.0],[0.0,1.0,0.0,0.0],[0.0,0.0,1.0,0.0]],"relative_focal_length":[1.0,1.0],"scale":1.0,"screen_center":[0.5008788108825684,0.49828702211380005],"zoom":1.0},"frame":9,"views":[{"camera0":[[1.0,0.0,0.0,0.0],[0.0,1.0,0.0,0.0],[0.0,0.0,1.0,0.0]],"camera1":[[1.0,0.0,0.0,0.0],[0.0,1.0,0.0,0.0],[0.0,0.0,1.0,0.0]],"full_resolution":[1920,1080],"relative_focal_length":[1.0,1.0],"screen_center":[0.5008788108825684,0.49828702211380005],"visualized_dimension":-1}]}
{"camera":{"aperture_size":0.0,"autofocus":false,"autofocus_depth":0.0,"autofocus_target":[0.5,0.5,0.5],"fov_axis":1,"matrix":[[1.0,0.0,0.0,0.0],[0.0,1.0,0.0,0.0],[0.0,0.0,1.0,0.0]],"relative_focal_length":[1.0,1.0],"scale":1.0,"screen_center":[0.5008788108825684,0.49828702211380005],"zoom":1.0},"frame":10,"views":[{"camera0":[[1.0,0.0,0.0,0.0],[0.0,1.0,0.0,0.0],[0.0,0.0,1.0,0.0]],"camera1":[[1.0,0.0,0.0,0.0],[0.0,1.0,0.0,0.0],[0.0,0.0,1.0,0.0]],"full_resolution":[1920,1080],"relative_focal_length":[1.0,1.0],"screen_center":[0.5008788108825684,0.49828702211380005],"visualized_dimension":-1}]}
{"camera":{"aperture_size":0.0,"autofocus":false,"autofocus_depth":0.0,"autofocus_target":[0.5,0.5,0.5],"fov_axis":1,"matrix":[[1.0,0.0,0.0,0.0],[0.0,1.0,0.0,0.0],[0.0,0.0,1.0,0.0]],"relative_focal_length":[1.0,1.0],"scale":1.0,"screen_center":[0.5008788108825684,0.49828702211380005],"zoom":1.0},"frame":10,"views":[{"camera0":[[1.0,0.0,0.0,0.0],[0.0,1.0,0.0,0.0],[0.0,0.0,1.0,0.0]],"camera1":[[1.0,0.0,0.0,0.0],[0.0,1.0,0.0,0.0],[0.0,0.0,1.0,0.0]],"full_resolution":[1920,1080],"relative_focal_length":[1.0,1.0],"screen_center":[0.5008788108825684,0.49828702211380005],"visualized_dimension":-1}]}
{"camera":{"aperture_size":0.0,"autofocus":false,"autofocus_depth":0.0,"autofocus_target":[0.5,0.5,0.5],"fov_axis":1,"matrix":[[1.0,0.0,0.0,0.0],[0.0,1.0,0.0,0.0],[0.0,0.0,1.0,0.0]],"relative_focal_length":[1.0,1.0],"scale":1.0,"screen_center":[0.5008788108825684,0.49828702211380005],"zoom":1.0},"frame":11,"views":[{"camera0":[[1.0,0.0,0.0,0.0],[0.0,1.0,0.0,0.0],[0.0,0.0,1.0,0.0]],"camera1":[[1.0,0.0,0.0,0.0],[0.0,1.0,0.0,0.0],[0.0,0.0,1.0,0.0]],"full_resolution":[1920,1080],"relative_focal_length":[1.0,1.0],"screen_center":[0.5008788108825684,0.49828702211380005],"visualized_dimension":-1}]}
{"camera":{"aperture_size":0.0,"autofocus":false,"autofocus_depth":0.0,"autofocus_target":[0.5,0.5,0.5],"fov_axis":1,"matrix":[[1.0,0.0,0.0,0.0],[0.0,1.0,0.0,0.0],[0.0,0.0,1.0,0.0]],"relative_focal_length":[1.0,1.0],"scale":1.0,"screen_center":[0.5008788108825684,0.49828702211380005],"zoom":1.0},"frame":12,"views":[{"camera0":[[1.0,0.0,0.0,0.0],[0.0,1.0,0.0,0.0],[0.0,0.0,1.0,0.0]],"camera1":[[1.0,0.0,0.0,0.0],[0.0,1.0,0.0,0.0],[0.0,0.0,1.0,0.0]],"full_resolution":[1920,1080],"relative_focal_length":[1.0,1.0],"screen_center":[0.5008788108825684,0.49828702211380005],"visualized_dimension":-1}]}
{"camera":{"aperture_size":0.0,"autofocus":false,"autofocus_depth":0.0,"autofocus_target":[0.5,0.5,0.5],"fov_axis":1,"matrix":[[1.0,0.0,0.0,0.0],[0.0,1.0,0.0,0.0],[0.0,0.0,1.0,0.0]],"relative_focal_length":[1.0,1.0],"scale":1.0,"screen_center":[0.5008788108825684,0.49828702211380005],"zoom":1.0},"frame":13,"views":[{"camera0":[[1.0,0.0,0.0,0.0],[0.0,1.0,0.0,0.0],[0.0,0.0,1.0,0.0]],"camera1":[[1.0,0.0,0.0,0.0],[0.0,1.0,0.0,0.0],[0.0,0.0,1.0,0.0]],"full_resolution":[1920,1080],"relative_focal_length":[1.0,1.0],"screen_center":[0.5008788108825684,0.49828702211380005],"visualized_dimension":-1}]}
{"camera":{"aperture_size":0.0,"autofocus":false,"autofocus_depth":0.0,"autofocus_target":[0.5,0.5,0.5],"fov_axis":1,"matrix":[[1.0,0.0,0.0,0.0],[0.0,1.0,0.0,0.0],[0.0,0.0,1.0,0.0]],"relative_focal_length":[1.0,1.0],"scale":1.0,"screen_center":[0.5008788108825684,0.49828702211380005],"zoom":1.0},"frame":14,"views":[{"camera0":[[1.0,0.0,0.0,0.0],[0.0,1.0,0.0,0.0],[0.0,0.0,1.0,0.0]],"camera1":[[1.0,0.0,0.0,0.0],[0.0,1.0,0.0,0.0],[0.0,0.0,1.0,0.0]],"full_resolution":[1920,1080],"relative_focal_length":[1.0,1.0],"screen_center":[0.5008788108825684,0.49828702211380005],"visualized_dimension":-1}]}
{"camera":{"aperture_size":0.0,"autofocus":false,"autofocus_depth":0.0,"autofocus_target":[0.5,0.5,0.5],"fov_axis":1,"matrix":[[1.0,0.0,0.0,0.0],[0.0,1.0,0.0,0.0],[0.0,0.0,1.0,0.0]],"relative_focal_length":[1.0,1.0],"scale":1.0,"screen_center":[0.5008788108825684,0.49828702211380005],"zoom":1.0},"frame":15,"views":[{"camera0":[[1.0,0.0,0.0,0.0],[0.0,1.0,0.0,0.0],[0.0,0.0,1.0,0.0]],"camera1":[[1.0,0.0,0.0,0.0],[0.0,1.0,0.0,0.0],[0.0,0.0,1.0,0.0]],"full_resolution":[1920,1080],"relative_focal_length":[1.0,1.0],"screen_center":[0.5008788108825684,0.49828702211380005],"visualized_dimension":-1}]}
{"camera":{"aperture_size":0.0,"autofocus":false,"autofocus_depth":0.0,"autofocus_target":[0.5,0.5,0.5],"fov_axis":1,"matrix":[[1.0,0.0,0.0,0.0],[0.0,1.0,0.0,0.0],[0.0,0.0,1.0,0.0]],"relative_focal_length":[1.0,1.0],"scale":1.0,"screen_center":[0.5008788108825684,0.49828702211380005],"zoom":1.0},"frame":16,"views":[{"camera0":[[1.0,0.0,0.0,0.0],[0.0,1.0,0.0,0.0],[0.0,0.0,1.0,0.0]],"camera1":[[1.0,0.0,0.0,0.0],[0.0,1.0,0.0,0.0],[0.0,0.0,1.0,0.0]],"full_resolution":[1920,1080],"relative_focal_length":[1.0,1.0],"screen_center":[0.5008788108825684,0.49828702211380005],"visualized_dimension":-1}]}
{"camera":{"aperture_size":0.0,"autofocus":false,"autofocus_depth":0.0,"autofocus_target":[0.5,0.5,0.5],"fov_axis":1,"matrix":[[1.0,0.0,0.0,0.0],[0.0,1.0,0.0,0.0],[0.0,0.0,1.0,0.0]],"relative_focal_length":[1.0,1.0],"scale":1.0,"screen_center":[0.5008788108825684,0.49828702211380005],"zoom":1.0},"frame":17,"views":[{"camera0":[[1.0,0.0,0.0,0.0],[0.0,1.0,0.0,0.0],[0.0,0.0,1.0,0.0]],"camera1":[[1.0,0.0,0.0,0.0],[0.0,1.0,0.0,0.0],[0.0,0.0,1.0,0.0]],"full_resolution":[1920,1080],"relative_focal_length":[1.0,1.0],"screen_center":[0.5008788108825684,0.49828702211380005],"visualized_dimension":-1}]}
{"camera":{"aperture_size":0.0,"autofocus":false,"autofocus_depth":0.0,"autofocus_target":[0.5,0.5,0.5],"fov_axis":1,"matrix":[[1.0,0.0,0.0,0.0],[0.0,1.0,0.0,0.0],[0.0,0.0,1.0,0.0]],"relative_focal_length":[1.0,1.0],"scale":1.0,"screen_center":[0.5008788108825684,0.49828702211380005],"zoom":1.0},"frame":18,"views":[{"camera0":[[1.0,0.0,0.0,0.0],[0.0,1.0,0.0,0.0],[0.0,0.0,1.0,0.0]],"camera1":[[1.0,0.0,0.0,0.0],[0.0,1.0,0.0,0.0],[0.0,0.0,1.0,0.0]],"full_resolution":[1920,1080],"relative_focal_length":[1.0,1.0],"screen_center":[0.5008788108825684,0.49828702211380005],"visualized_dimension":-1}]}
{"camera":{"aperture_size":0.0,"autofocus":false,"autofocus_depth":0.0,"autofocus_target":[0.5,0.5,0.5],"fov_axis":1,"matrix":[[1.0,0.0,0.0,0.0],[0.0,1.0,0.0,0.0],[0.0,0.0,1.0,0.0]],"relative_focal_length":[1.0,1.0],"scale":1.0,"screen_center":[0.5008788108825684,0.49828702211380005],"zoom":1.0},"frame":18,"views":[{"camera0":[[1.0,0.0,0.0,0.0],[0.0,1.0,0.0,0.0],[0.0,0.0,1.0,0.0]],"camera1":[[1.0,0.0,0.0,0.0],[0.0,1.0,0.0,0.0],[0.0,0.0,1.0,0.0]],"full_resolution":[1920,1080],"relative_focal_length":[1.0,1.0],"screen_center":[0.5008788108825684,0.49828702211380005],"visualized_dimension":-1}]}
{"camera":{"aperture_size":0.0,"autofocus":false,"autofocus_depth":0.0,"autofocus_target":[0.5,0.5,0.5],"fov_axis":1,"matrix":[[1.0,0.0,0.0,0.0],[0.0,1.0,0.0,0.0],[0.0,0.0,1.0,0.0]],"relative_focal_length":[1.0,1.0],"scale":1.0,"screen_center":[0.5008788108825684,0.49828702211380005],"zoom":1.0},"frame":18,"views":[{"camera0":[[1.0,0.0,0.0,0.0],[0.0,1.0,0.0,0.0],[0.0,0.0,1.0,0.0]],"camera1":[[1.0,0.0,0.0,0.0],[0.0,1.0,0.0,0.0],[0.0,0.0,1.0,0.0]],"full_resolution":[1920,1080],"relative_focal_length":[1.0,1.0],"screen_center":[0.5008788108825684,0.49828702211380005],"visualized_dimension":-1}]}
{"camera":{"aperture_size":0.0,"autofocus":false,"autofocus_depth":0.0,"autofocus_target":[0.5,0.5,0.5],"fov_axis":1,"matrix":[[1.0,0.0,0.0,0.0],[0.0,1.0,0.0,0.0],[0.0,0.0,1.0,0.0]],"relative_focal_length":[1.0,1.0],"scale":1.0,"screen_center":[0.5008788108825684,0.49828702211380005],"zoom":1.0},"frame":19,"views":[{"camera0":[[1.0,0.0,0.0,0.0],[0.0,1.0,0.0,0.0],[0.0,0.0,1.0,0.0]],"camera1":[[1.0,0.0,0.0,0.0],[0.0,1.0,0.0,0.0],[0.0,0.0,1.0,0.0]],"full_resolution":[1920,1080],"relative_focal_length":[1.0,1.0],"screen_center":[0.5008788108825684,0.49828702211380005],"visualized_dimension":-1}]}
{"camera":{"aperture_size":0.0,"autofocus":false,"autofocus_depth":0.0,"autofocus_target":[0.5,0.5,0.5],"fov_axis":1,"matrix":[[1.0,0.0,0.0,0.0],[0.0,1.0,0.0,0.0],[0.0,0.0,1.0,0.0]],"relative_focal_length":[1.0,1.0],"scale":1.0,"screen_center":[0.5008788108825684,0.49828702211380005],"zoom":1.0},"frame":20,"views":[{"camera0":[[1.0,0.0,0.0,0.0],[0.0,1.0,0.0,0.0],[0.0,0.0,1.0,0.0]],"camera1":[[1.0,0.0,0.0,0.0],[0.0,1.0,0.0,0.0],[0.0,0.0,1.0,0.0]],"full_resolution":[1920,1080],"relative_focal_length":[1.0,1.0],"screen_center":[0.5008788108825684,0.49828702211380005],"visualized_dimension":-1}]}
{"camera":{"aperture_size":0.0,"autofocus":false,"autofocus_depth":0.0,"autofocus_target":[0.5,0.5,0.5],"fov_axis":1,"matrix":[[1.0,0.0,0.0,0.0],[0.0,1.0,0.0,0.0],[0.0,0.0,1.0,0.0]],"relative_focal_length":[1.0,1.0],"scale":1.0,"screen_center":[0.5008788108825684,0.49828702211380005],"zoom":1.0},"frame":21,"views":[{"camera0":[[1.0,0.0,0.0,0.0],[0.0,1.0,0.0,0.0],[0.0,0.0,1.0,0.0]],"camera1":[[1.0,0.0,0.0,0.0],[0.0,1.0,0.0,0.0],[0.0,0.0,1.0,0.0]],"full_resolution":[1920,1080],"relative_focal_length":[1.0,1.0],"screen_center":[0.5008788108825684,0.49828702211380005],"visualized_dimension":-1}]}
{"camera":{"aperture_size":0.0,"autofocus":false,"autofocus_depth":0.0,"autofocus_target":[0.5,0.5,0.5],"fov_axis":1,"matrix":[[1.0,0.0,0.0,0.0],[0.0,1.0,0.0,0.0],[0.0,0.0,1.0,0.0]],"relative_focal_length":[1.0,1.0],"scale":1.0,"screen_center":[0.5008788108825684,0.49828702211380005],"zoom":1.0},"frame":22,"views":[{"camera0":[[1.0,0.0,0.0,0.0],[0.0,1.0,0.0,0.0],[0.0,0.0,1.0,0.0]],"camera1":[[1.0,0.0,0.0,0.0],[0.0,1.0,0.0,0.0],[0.0,0.0,1.0,0.0]],"full_resolution":[1920,1080],"relative_focal_length":[1.0,1.0],"screen_center":[0.5008788108825684,0.49828702211380005],"visualized_dimension":-1}]}
{"camera":{"aperture_size":0.0,"autofocus":false,"autofocus_depth":0.0,"autofocus_target":[0.5,0.5,0.5],"fov_axis":1,"matrix":[[1.0,0.0,0.0,0.0],[0.0,1.0,0.0,0.0],[0.0,0.0,1.0,0.0]],"relative_focal_length":[1.0,1.0],"scale":1.0,"screen_center":[0.5008788108825684,0.49828702211380005],"zoom":1.0},"frame":23,"views":[{"camera0":[[1.0,0.0,0.0,0.0],[0.0,1.0,0.0,0.0],[0.0,0.0,1.0,0.0]],"camera1":[[1.0,0.0,0.0,0.0],[0.0,1.0,0.0,0.0],[0.0,0.0,1.0,0.0]],"full_resolution":[1920,1080],"relative_focal_length":[1.0,1.0],"screen_center":[0.5008788108825684,0.49828702211380005],"visualized_dimension":-1}]}
{"camera":{"aperture_size":0.0,"autofocus":false,"autofocus_depth":0.0,"autofocus_target":[0.5,0.5,0.5],"fov_axis":1,"matrix":[[1.0,0.0,0.0,0.0],[0.0,1.0,0.0,0.0],[0.0,0.0,1.0,0.0]],"relative_focal_length":[1.0,1.0],"scale":1.0,"screen_center":[0.5008788108825684,0.49828702211380005],"zoom":1.0},"frame":23,"views":[{"camera0":[[1.0,0.0,0.0,0.0],[0.0,1.0,0.0,0.0],[0.0,0.0,1.0,0.0]],"camera1":[[1.0,0.0,0.0,0.0],[0.0,1.0,0.0,0.0],[0.0,0.0,1.0,0.0]],"full_resolution":[1920,1080],"relative_focal_length":[1.0,1.0],"screen_center":[0.5008788108825684,0.49828702211380005],"visualized_dimension":-1}]}
{"camera":{"aperture_size":0.0,"autofocus":false,"autofocus_depth":0.0,"autofocus_target":[0.5,0.5,0.5],"fov_axis":1,"matrix":[[1.0,0.0,0.0,0.0],[0.0,1.0,0.0,0.0],[0.0,0.0,1.0,0.0]],"relative_focal_length":[1.0,1.0],"scale":1.0,"screen_center":[0.5008788108825684,0.49828702211380005],"zoom":1.0},"frame":24,"views":[{"camera0":[[1.0,0.0,0.0,0.0],[0.0,1.0,0.0,0.0],[0.0,0.0,1.0,0.0]],"camera1":[[1.0,0.0,0.0,0.0],[0.0,1.0,0.0,0.0],[0.0,0.0,1.0,0.0]],"full_resolution":[1920,1080],"relative_focal_length":[1.0,1.0],"screen_center":[0.5008788108825684,0.49828702211380005],"visualized_dimension":-1}]}
{"camera":{"aperture_size":0.0,"autofocus":false,"autofocus_depth":0.0,"autofocus_target":[0.5,0.5,0.5],"fov_axis":1,"matrix":[[1.0,0.0,0.0,0.0],[0.0,1.0,0.0,0.0],[0.0,0.0,1.0,0.0]],"relative_focal_length":[1.0,1.0],"scale":1.0,"screen_center":[0.5008788108825684,0.49828702211380005],"zoom":1.0},"frame":24,"views":[{"camera0":[[1.0,0.0,0.0,0.0],[0.0,1.0,0.0,0.0],[0.0,0.0,1.0,0.0]],"camera1":[[1.0,0.0,0.0,0.0],[0.0,1.0,0.0,0.0],[0.0,0.0,1.0,0.0]],"full_resolution":[1920,1080],"relative_focal_length":[1.0,1.0],"screen_center":[0.5008788108825684,0.49828702211380005],"visualized_dimension":-1}]}
{"camera":{"aperture_size":0.0,"autofocus":false,"autofocus_depth":0.0,"autofocus_target":[0.5,0.5,0.5],"fov_axis":1,"matrix":[[0.9999830722808838,-0.00043958111200481653,-0.005801101215183735,0.005801101215183735],[0.0,0.9971413612365723,-0.0755588486790657,0.0755588486790657],[0.0058177318423986435,0.07555756717920303,0.9971244931221008,0.00287550687789917]],"relative_focal_length":[1.0,1.0],"scale":1.0,"screen_center":[0.5008788108825684,0.49828702211380005],"zoom":1.0},"frame":24,"views":[{"camera0":[[0.9999830722808838,-0.00043958111200481653,-0.005801101215183735,0.005801101215183735],[0.0,0.9971413612365723,-0.0755588486790657,0.0755588486790657],[0.0058177318423986435,0.07555756717920303,0.9971244931221008,0.00287550687789917]],"camera1":[[0.9999830722808838,-0.00043958111200481653,-0.005801101215183735,0.005801101215183735],[0.0,0.9971413612365723,-0.0755588486790657,0.0755588486790657],[0.0058177318423986435,0.07555756717920303,0.9971244931221008,0.00287550687789917]],"full_resolution":[1920,1080],"relative_focal_length":[1.0,1.0],"screen_center":[0.5008788108825684,0.49828702211380005],"visualized_dimension":-1}]}
{"camera":{"aperture_size":0.0,"autofocus":false,"autofocus_depth":0.0,"autofocus_target":[0.5,0.5,0.5],"fov_axis":1,"matrix":[[0.9999323487281799,-0.0076843793503940105,-0.008736690506339073,0.008736690506339073],[-2.3283064365386963e-10,0.7508800029754639,-0.6604386568069458,0.6604386568069458],[0.011635266244411469,0.6603938937187195,0.7508291006088257,0.24917089939117432]],"relative_focal_length":[1.0,1.0],"scale":1.0,"screen_center":[0.5008788108825684,0.49828702211380005],"zoom":1.0},"frame":25,"views":[{"camera0":[[0.9999323487281799,-0.0076843793503940105,-0.008736690506339073,0.008736690506339073],[-2.3283064365386963e-10,0.7508800029754639,-0.6604386568069458,0.6604386568069458],[0.011635266244411469,0.6603938937187195,0.7508291006088257,0.24917089939117432]],"camera1":[[0.9999323487281799,-0.0076843793503940105,-0.008736690506339073,0.008736690506339073],[-2.3283064365386963e-10,0.7508800029754639,-0.6604386568069458,0.6604386568069458],[0.011635266244411469,0.6603938937187195,0.7508291006088257,0.24917089939117432]],"full_resolution":[1920,1080],"relative_focal_length":[1.0,1.0],"screen_center":[0.5008788108825684,0.49828702211380005],"visualized_dimension":-1}]}
{"camera":{"aperture_size":0.0,"autofocus":false,"autofocus_depth":0.0,"autofocus_target":[0.5,0.5,0.5],"fov_axis":1,"matrix":[[0.9999323487281799,-0.008555516600608826,-0.007885592989623547,0.007885592989623547],[-2.3283064365386963e-10,0.677731990814209,-0.7353090047836304,0.7353090047836304],[0.011635266244411469,0.7352591753005981,0.6776860356330872,0.32231396436691284]],"relative_focal_length":[1.0,1.0],"scale":1.0,"screen_center":[0.5008788108825684,0.49828702211380005],"zoom":1.0},"frame":26,"views":[{"camera0":[[0.9999323487281799,-0.008555516600608826,-0.007885592989623547,0.007885592989623547],[-2.3283064365386963e-10,0.677731990814209,-0.7353090047836304,0.7353090047836304],[0.011635266244411469,0.7352591753005981,0.6776860356330872,0.32231396436691284]],"camera1":[[0.9999323487281799,-0.008555516600608826,-0.007885592989623547,0.007885592989623547],[-2.3283064365386963e-10,0.677731990814209,-0.7353090047836304,0.7353090047836304],[0.011635266244411469,0.7352591753005981,0.6776860356330872,0.32231396436691284]],"full_resolution":[1920,1080],"relative_focal_length":[1.0,1.0],"screen_center":[0.5008788108825684,0.49828702211380005],"visualized_dimension":-1}]}
{"camera":{"aperture_size":0.0,"autofocus":false,"autofocus_depth":0.0,"autofocus_target":[0.5,0.5,0.5],"fov_axis":1,"matrix":[[0.9998477101325989,-0.014237696304917336,-0.010093292221426964,0.010093292221426964],[-2.3283064365386963e-10,0.5783323049545288,-0.815801203250885,0.815801203250885],[0.017452407628297806,0.8156769275665283,0.578244149684906,0.421755850315094]],"relative_focal_length":[1.0,1.0],"scale":1.0,"screen_center":[0.5008788108825684,0.49828702211380005],"zoom":1.0},"frame":26,"views":[{"camera0":[[0.9998477101325989,-0.014237696304917336,-0.010093292221426964,0.010093292221426964],[-2.3283064365386963e-10,0.5783323049545288,-0.815801203250885,0.815801203250885],[0.017452407628297806,0.8156769275665283,0.578244149684906,0.421755850315094]],"camera1":[[0.9998477101325989,-0.014237696304917336,-0.010093292221426964,0.010093292221426964],[-2.3283064365386963e-10,0.5783323049545288,-0.815801203250885,0.815801203250885],[0.017452407628297806,0.8156769275665283,0.578244149684906,0.421755850315094]],"full_resolution":[1920,1080],"relative_focal_length":[1.0,1.0],"screen_center":[0.5008788108825684,0.49828702211380005],"visualized_dimension":-1}]}
{"camera":{"aperture_size":0.0,"autofocus":false,"autofocus_depth":0.0,"autofocus_target":[0.5,0.5,0.5],"fov_axis":1,"matrix":[[0.9997292160987854,-0.02041677199304104,-0.01116242352873087,0.01116242352873087],[-2.3283064365386963e-10,0.4797130823135376,-0.8774253129959106,0.8774253129959106],[0.023268958553671837,0.8771877288818359,0.47958314418792725,0.5204168558120728]],"relative_focal_length":[1.0,1.0],"scale":1.0,"screen_center":[0.5008788108825684,0.49828702211380005],"zoom":1.0},"frame":27,"views":[{"camera0":[[0.9997292160987854,-0.02041677199304104,-0.01116242352873087,0.01116242352873087],[-2.3283064365386963e-10,0.4797130823135376,-0.8774253129959106,0.8774253129959106],[0.023268958553671837,0.8771877288818359,0.47958314418792725,0.5204168558120728]],"camera1":[[0.9997292160987854,-0.02041677199304104,-0.01116242352873087,0.01116242352873087],[-2.3283064365386963e-10,0.4797130823135376,-0.8774253129959106,0.8774253129959106],[0.023268958553671837,0.8771877288818359,0.47958314418792725,0.5204168558120728]],"full_resolution":[1920,1080],"relative_focal_length":[1.0,1.0],"screen_center":[0.5008788108825684,0.49828702211380005],"visualized_dimension":-1}]}
{"camera":{"aperture_size":0.0,"autofocus":false,"autofocus_depth":0.0,"autofocus_target":[0.5,0.5,0.5],"fov_axis":1,"matrix":[[0.9995769262313843,-0.027091825380921364,-0.010580822825431824,0.010580822825431824],[0.0,0.36379319429397583,-0.9314795732498169,0.9314795732498169],[0.029084719717502594,0.9310855269432068,0.363639235496521,0.636360764503479]],"relative_focal_length":[1.0,1.0],"scale":1.0,"screen_center":[0.5008788108825684,0.49828702211380005],"zoom":1.0},"frame":28,"views":[{"camera0":[[0.9995769262313843,-0.027091825380921364,-0.010580822825431824,0.010580822825431824],[0.0,0.36379319429397583,-0.9314795732498169,0.9314795732498169],[0.029084719717502594,0.9310855269432068,0.363639235496521,0.636360764503479]],"camera1":[[0.9995769262313843,-0.027091825380921364,-0.010580822825431824,0.010580822825431824],[0.0,0.36379319429397583,-0.9314795732498169,0.9314795732498169],[0.029084719717502594,0.9310855269432068,0.363639235496521,0.636360764503479]],"full_resolution":[1920,1080],"relative_focal_length":[1.0,1.0],"screen_center":[0.5008788108825684,0.49828702211380005],"visualized_dimension":-1}]}
{"camera":{"aperture_size":0.0,"autofocus":false,"autofocus_depth":0.0,"autofocus_target":[0.5,0.5,0.5],"fov_axis":1,"matrix":[[0.9993907809257507,-0.03429645672440529,-0.006459720432758331,0.006459720432758331],[0.0,0.1850949227809906,-0.9827204942703247,0.9827204942703247],[0.034899499267339706,0.9821218252182007,0.18498213589191437,0.8150178790092468]],"relative_focal_length":[1.0,1.0],"scale":1.0,"screen_center":[0.5008788108825684,0.49828702211380005],"zoom":1.0},"frame":29,"views":[{"camera0":[[0.9993907809257507,-0.03429645672440529,-0.006459720432758331,0.006459720432758331],[0.0,0.1850949227809906,-0.9827204942703247,0.9827204942703247],[0.034899499267339706,0.9821218252182007,0.18498213589191437,0.8150178790092468]],"camera1":[[0.9993907809257507,-0.03429645672440529,-0.006459720432758331,0.006459720432758331],[0.0,0.1850949227809906,-0.9827204942703247,0.9827204942703247],[0.034899499267339706,0.9821218252182007,0.18498213589191437,0.8150178790092468]],"full_resolution":[1920,1080],"relative_focal_length":[1.0,1.0],"screen_center":[0.5008788108825684,0.49828702211380005],"visualized_dimension":-1}]}
{"camera":{"aperture_size":0.0,"autofocus":false,"autofocus_depth":0.0,"autofocus_target":[0.5,0.5,0.5],"fov_axis":1,"matrix":[[0.9986295104026794,-0.05204925686120987,0.0054705943912267685,-0.0054705943912267685],[0.0,-0.10452841222286224,-0.9945217370986938,0.9945217370986938],[0.0523359552025795,0.993158757686615,-0.10438519716262817,1.104385256767273]],"relative_focal_length":[1.0,1.0],"scale":1.0,"screen_center":[0.5008788108825684,0.49828702211380005],"zoom":1.0},"frame":30,"views":[{"camera0":[[0.9986295104026794,-0.05204925686120987,0.0054705943912267685,-0.0054705943912267685],[0.0,-0.10452841222286224,-0.9945217370986938,0.9945217370986938],[0.0523359552025795,0.993158757686615,-0.10438519716262817,1.104385256767273]],"camera1":[[0.9986295104026794,-0.05204925686120987,0.0054705943912267685,-0.0054705943912267685],[0.0,-0.10452841222286224,-0.9945217370986938,0.9945217370986938],[0.0523359552025795,0.993158757686615,-0.10438519716262817,1.104385256767273]],"full_resolution":[1920,1080],"relative_focal_length":[1.0,1.0],"screen_center":[0.5008788108825684,0.49828702211380005],"visualized_dimension":-1}]}
{"camera":{"aperture_size":0.0,"autofocus":false,"autofocus_depth":0.0,"autofocus_target":[0.5,0.5,0.5],"fov_axis":1,"matrix":[[0.9979529976844788,-0.06046755611896515,0.02082064189016819,-0.02082064189016819],[-9.313225746154785e-10,-0.3255680799484253,-0.945518434047699,0.945518434047699],[0.06395173072814941,0.9435828924179077,-0.32490164041519165,1.3249015808105469]],"relative_focal_length":[1.0,1.0],"scale":1.0,"screen_center":[0.5008788108825684,0.49828702211380005],"zoom":1.0},"frame":31,"views":[{"camera0":[[0.9979529976844788,-0.06046755611896515,0.02082064189016819,-0.02082064189016819],[-9.313225746154785e-10,-0.3255680799484253,-0.945518434047699,0.945518434047699],[0.06395173072814941,0.9435828924179077,-0.32490164041519165,1.3249015808105469]],"camera1":[[0.9979529976844788,-0.06046755611896515,0.02082064189016819,-0.02082064189016819],[-9.313225746154785e-10,-0.3255680799484253,-0.945518434047699,0.945518434047699],[0.06395173072814941,0.9435828924179077,-0.32490164041519165,1.3249015808105469]],"full_resolution":[1920,1080],"relative_focal_length":[1.0,1.0],"screen_center":[0.5008788108825684,0.49828702211380005],"visualized_dimension":-1}]}
{"camera":{"aperture_size":0.0,"autofocus":false,"autofocus_depth":0.0,"autofocus_target":[0.5,0.5,0.5],"fov_axis":1,"matrix":[[0.997952938079834,-0.04752540588378906,0.04279205575585365,-0.04279205575585365],[1.862645149230957e-09,-0.6691304445266724,-0.743144690990448,0.743144690990448],[0.06395173072814941,0.7416234612464905,-0.6677607893943787,1.6677607297897339]],"relative_focal_length":[1.0,1.0],"scale":1.0,"screen_center":[0.5008788108825684,0.49828702211380005],"zoom":1.0},"frame":32,"views":[{"camera0":[[0.997952938079834,-0.04752540588378906,0.04279205575585365,-0.04279205575585365],[1.862645149230957e-09,-0.6691304445266724,-0.743144690990448,0.743144690990448],[0.06395173072814941,0.7416234612464905,-0.6677607893943787,1.6677607297897339]],"camera1":[[0.997952938079834,-0.04752540588378906,0.04279205575585365,-0.04279205575585365],[1.862645149230957e-09,-0.6691304445266724,-0.743144690990448,0.743144690990448],[0.06395173072814941,0.7416234612464905,-0.6677607893943787,1.6677607297897339]],"full_resolution":[1920,1080],"relative_focal_length":[1.0,1.0],"screen_center":[0.5008788108825684,0.49828702211380005],"visualized_dimension":-1}]}
{"camera":{"aperture_size":0.0,"autofocus":false,"autofocus_depth":0.0,"autofocus_target":[0.5,0.5,0.5],"fov_axis":1,"matrix":[[0.9971412420272827,-0.039291828870773315,0.06453906744718552,-0.06453906744718552],[0.0,-0.8541562557220459,-0.520016074180603,0.520016074180603],[0.0755588561296463,0.5185295343399048,-0.851714551448822,1.8517144918441772]],"relative_focal_length":[1.0,1.0],"scale":1.0,"screen_center":[0.5008788108825684,0.49828702211380005],"zoom":1.0},"frame":33,"views":[{"camera0":[[0.9971412420272827,-0.039291828870773315,0.06453906744718552,-0.06453906744718552],[0.0,-0.8541562557220459,-0.520016074180603,0.520016074180603],[0.0755588561296463,0.5185295343399048,-0.851714551448822,1.8517144918441772]],"camera1":[[0.9971412420272827,-0.039291828870773315,0.06453906744718552,-0.06453906744718552],[0.0,-0.8541562557220459,-0.520016074180603,0.520016074180603],[0.0755588561296463,0.5185295343399048,-0.851714551448822,1.8517144918441772]],"full_resolution":[1920,1080],"relative_focal_length":[1.0,1.0],"screen_center":[0.5008788108825684,0.49828702211380005],"visualized_dimension":-1}]}
