{"camera":{"aperture_size":0.0,"autofocus":false,"autofocus_depth":0.0,"autofocus_target":[0.5,0.5,0.5],"fov_axis":1,"matrix":[[0.8354878425598145,0.0031969177071005106,-0.5494995713233948,0.06258302927017212],[0.0,-0.999983012676239,-0.005817823112010956,0.09580390900373459],[-0.5495089888572693,0.004860684275627136,-0.8354735970497131,1.0180634260177612]],"relative_focal_length":[1.0,1.0],"scale":0.04736240580677986,"screen_center":[0.5008788108825684,0.49828702211380005],"zoom":1.0},"frame":1,"views":[{"camera0":[[0.7907229661941528,0.005635845474898815,0.6121484041213989,0.14631780982017517],[-0.01184113323688507,-0.9996296167373657,0.024498719722032547,0.09815043956041336],[0.6120595932006836,-0.02662026509642601,-0.7903635501861572,1.0585527420043945]],"camera1":[[0.7907229661941528,0.005635845474898815,0.6121484041213989,0.14631780982017517],[-0.01184113323688507,-0.9996296167373657,0.024498719722032547,0.09815043956041336],[0.6120595932006836,-0.02662026509642601,-0.7903635501861572,1.0585527420043945]],"full_resolution":[2064,2272],"relative_focal_length":[0.4356694221496582,0.4339345097541809],"screen_center":[0.3787437081336975,0.5965937376022339],"visualized_dimension":-1},{"camera0":[[0.7907229661941528,0.005635845474898815,0.6121484041213989,0.14859259128570557],[-0.01184113323688507,-0.9996296167373657,0.024498719722032547,0.09811637550592422],[0.6120595932006836,-0.02662026509642601,-0.7903635501861572,1.0603135824203491]],"camera1":[[0.7907229661941528,0.005635845474898815,0.6121484041213989,0.14859259128570557],[-0.01184113323688507,-0.9996296167373657,0.024498719722032547,0.09811637550592422],[0.6120595932006836,-0.02662026509642601,-0.7903635501861572,1.0603135824203491]],"full_resolution":[2064,2272],"relative_focal_length":[0.4356694221496582,0.4339345097541809],"screen_center":[0.6212562918663025,0.5965937376022339],"visualized_dimension":-1}]}
{"camera":{"aperture_size":0.0,"autofocus":false,"autofocus_depth":0.0,"autofocus_target":[0.5,0.5,0.5],"fov_axis":1,"matrix":[[0.8354878425598145,0.0031969177071005106,-0.5494995713233948,0.06258302927017212],[0.0,-0.999983012676239,-0.005817823112010956,0.09580390900373459],[-0.5495089888572693,0.004860684275627136,-0.8354735970497131,1.0180634260177612]],"relative_focal_length":[1.0,1.0],"scale":0.04736240580677986,"screen_center":[0.5008788108825684,0.49828702211380005],"zoom":1.0},"frame":2,"views":[{"camera0":[[0.7921416163444519,0.001178266480565071,0.6103361248970032,0.14677372574806213],[-0.012937407940626144,-0.9997409582138062,0.018721241503953934,0.09825461357831955],[0.610200047492981,-0.02272607944905758,-0.7919212579727173,1.058820366859436]],"camera1":[[0.7921416163444519,0.001178266480565071,0.6103361248970032,0.14677372574806213],[-0.012937407940626144,-0.9997409582138062,0.018721241503953934,0.09825461357831955],[0.610200047492981,-0.02272607944905758,-0.7919212579727173,1.058820366859436]],"full_resolution":[2064,2272],"relative_focal_length":[0.4356694221496582,0.4339345097541809],"screen_center":[0.3787437081336975,0.5965937376022339],"visualized_dimension":-1},{"camera0":[[0.7921416163444519,0.001178266480565071,0.6103361248970032,0.14905259013175964],[-0.012937407940626144,-0.9997409582138062,0.018721241503953934,0.09821739792823792],[0.610200047492981,-0.02272607944905758,-0.7919212579727173,1.0605758428573608]],"camera1":[[0.7921416163444519,0.001178266480565071,0.6103361248970032,0.14905259013175964],[-0.012937407940626144,-0.9997409582138062,0.018721241503953934,0.09821739792823792],[0.610200047492981,-0.02272607944905758,-0.7919212579727173,1.0605758428573608]],"full_resolution":[2064,2272],"relative_focal_length":[0.4356694221496582,0.4339345097541809],"screen_center":[0.6212562918663025,0.5965937376022339],"visualized_dimension":-1}]}
{"camera":{"aperture_size":0.0,"autofocus":false,"autofocus_depth":0.0,"autofocus_target":[0.5,0.5,0.5],"fov_axis":1,"matrix":[[0.8354878425598145,0.0031969177071005106,-0.5494995713233948,0.06258302927017212],[0.0,-0.999983012676239,-0.005817823112010956,0.09580390900373459],[-0.5495089888572693,0.004860684275627136,-0.8354735970497131,1.0180634260177612]],"relative_focal_length":[1.0,1.0],"scale":0.04736240580677986,"screen_center":[0.5008788108825684,0.49828702211380005],"zoom":1.0},"frame":3,"views":[{"camera0":[[0.8060919046401978,-0.01538052223622799,0.5915905833244324,0.1474984586238861],[-0.028357001021504402,-0.9995176792144775,0.012652793899178505,0.09830737113952637],[0.5911104679107666,-0.026975078508257866,-0.8061394095420837,1.0593913793563843]],"camera1":[[0.8060919046401978,-0.01538052223622799,0.5915905833244324,0.1474984586238861],[-0.028357001021504402,-0.9995176792144775,0.012652793899178505,0.09830737113952637],[0.5911104679107666,-0.026975078508257866,-0.8061394095420837,1.0593913793563843]],"full_resolution":[2064,2272],"relative_focal_length":[0.4356694221496582,0.4339345097541809],"screen_center":[0.3787437081336975,0.5965937376022339],"visualized_dimension":-1},{"camera0":[[0.8060919046401978,-0.01538052223622799,0.5915905833244324,0.14981748163700104],[-0.028357001021504402,-0.9995176792144775,0.012652793899178505,0.09822578728199005],[0.5911104679107666,-0.026975078508257866,-0.8061394095420837,1.0610918998718262]],"camera1":[[0.8060919046401978,-0.01538052223622799,0.5915905833244324,0.14981748163700104],[-0.028357001021504402,-0.9995176792144775,0.012652793899178505,0.09822578728199005],[0.5911104679107666,-0.026975078508257866,-0.8061394095420837,1.0610918998718262]],"full_resolution":[2064,2272],"relative_focal_length":[0.4356694221496582,0.4339345097541809],"screen_center":[0.6212562918663025,0.5965937376022339],"visualized_dimension":-1}]}
{"camera":{"aperture_size":0.0,"autofocus":false,"autofocus_depth":0.0,"autofocus_target":[0.5,0.5,0.5],"fov_axis":1,"matrix":[[0.8354878425598145,0.0031969177071005106,-0.5494995713233948,0.06258302927017212],[0.0,-0.999983012676239,-0.005817823112010956,0.09580390900373459],[-0.5495089888572693,0.004860684275627136,-0.8354735970497131,1.0180634260177612]],"relative_focal_length":[1.0,1.0],"scale":0.04736240580677986,"screen_center":[0.5008788108825684,0.49828702211380005],"zoom":1.0},"frame":4,"views":[{"camera0":[[0.826514482498169,-0.02826767973601818,0.5622051954269409,0.14878052473068237],[-0.04286394640803337,-0.9989989399909973,0.012785925529897213,0.09838400781154633],[0.5612809062004089,-0.034666117280721664,-0.8268989324569702,1.0602830648422241]],"camera1":[[0.826514482498169,-0.02826767973601818,0.5622051954269409,0.14878052473068237],[-0.04286394640803337,-0.9989989399909973,0.012785925529897213,0.09838400781154633],[0.5612809062004089,-0.034666117280721664,-0.8268989324569702,1.0602830648422241]],"full_resolution":[2064,2272],"relative_focal_length":[0.4356694221496582,0.4339345097541809],"screen_center":[0.3787437081336975,0.5965937376022339],"visualized_dimension":-1},{"camera0":[[0.826514482498169,-0.02826767973601818,0.5622051954269409,0.15115827322006226],[-0.04286394640803337,-0.9989989399909973,0.012785925529897213,0.09826069325208664],[0.5612809062004089,-0.034666117280721664,-0.8268989324569702,1.0618977546691895]],"camera1":[[0.826514482498169,-0.02826767973601818,0.5622051954269409,0.15115827322006226],[-0.04286394640803337,-0.9989989399909973,0.012785925529897213,0.09826069325208664],[0.5612809062004089,-0.034666117280721664,-0.8268989324569702,1.0618977546691895]],"full_resolution":[2064,2272],"relative_focal_length":[0.4356694221496582,0.4339345097541809],"screen_center":[0.6212562918663025,0.5965937376022339],"visualized_dimension":-1}]}
{"camera":{"aperture_size":0.0,"autofocus":false,"autofocus_depth":0.0,"autofocus_target":[0.5,0.5,0.5],"fov_axis":1,"matrix":[[0.8354878425598145,0.0031969177071005106,-0.5494995713233948,0.06258302927017212],[0.0,-0.999983012676239,-0.005817823112010956,0.09580390900373459],[-0.5495089888572693,0.004860684275627136,-0.8354735970497131,1.0180634260177612]],"relative_focal_length":[1.0,1.0],"scale":0.04736240580677986,"screen_center":[0.5008788108825684,0.49828702211380005],"zoom":1.0},"frame":5,"views":[{"camera0":[[0.8299294710159302,-0.050076551735401154,0.5556161999702454,0.15073856711387634],[-0.06810493767261505,-0.9976081252098083,0.011816689744591713,0.09846007823944092],[0.5536953210830688,-0.047647252678871155,-0.8313549757003784,1.0609002113342285]],"camera1":[[0.8299294710159302,-0.050076551735401154,0.5556161999702454,0.15073856711387634],[-0.06810493767261505,-0.9976081252098083,0.011816689744591713,0.09846007823944092],[0.5536953210830688,-0.047647252678871155,-0.8313549757003784,1.0609002113342285]],"full_resolution":[2064,2272],"relative_focal_length":[0.4356694221496582,0.4339345097541809],"screen_center":[0.3787437081336975,0.5965937376022339],"visualized_dimension":-1},{"camera0":[[0.8299294710159302,-0.050076551735401154,0.5556161999702454,0.15312613546848297],[-0.06810493767261505,-0.9976081252098083,0.011816689744591713,0.09826415777206421],[0.5536953210830688,-0.047647252678871155,-0.8313549757003784,1.0624932050704956]],"camera1":[[0.8299294710159302,-0.050076551735401154,0.5556161999702454,0.15312613546848297],[-0.06810493767261505,-0.9976081252098083,0.011816689744591713,0.09826415777206421],[0.5536953210830688,-0.047647252678871155,-0.8313549757003784,1.0624932050704956]],"full_resolution":[2064,2272],"relative_focal_length":[0.4356694221496582,0.4339345097541809],"screen_center":[0.6212562918663025,0.5965937376022339],"visualized_dimension":-1}]}
{"camera":{"aperture_size":0.0,"autofocus":false,"autofocus_depth":0.0,"autofocus_target":[0.5,0.5,0.5],"fov_axis":1,"matrix":[[0.8354878425598145,0.0031969177071005106,-0.5494995713233948,0.06258302927017212],[0.0,-0.999983012676239,-0.005817823112010956,0.09580390900373459],[-0.5495089888572693,0.004860684275627136,-0.8354735970497131,1.0180634260177612]],"relative_focal_length":[1.0,1.0],"scale":0.04736240580677986,"screen_center":[0.5008788108825684,0.49828702211380005],"zoom":1.0},"frame":6,"views":[{"camera0":[[0.8207064867019653,-0.04820222780108452,0.5693129301071167,0.15089774131774902],[-0.07011575996875763,-0.997400164604187,0.016629843041300774,0.0983666405081749],[0.5670311450958252,-0.053566060960292816,-0.8219527006149292,1.0608028173446655]],"camera1":[[0.8207064867019653,-0.04820222780108452,0.5693129301071167,0.15089774131774902],[-0.07011575996875763,-0.997400164604187,0.016629843041300774,0.0983666405081749],[0.5670311450958252,-0.053566060960292816,-0.8219527006149292,1.0608028173446655]],"full_resolution":[2064,2272],"relative_focal_length":[0.4356694221496582,0.4339345097541809],"screen_center":[0.3787437081336975,0.5965937376022339],"visualized_dimension":-1},{"camera0":[[0.8207064867019653,-0.04820222780108452,0.5693129301071167,0.1532588005065918],[-0.07011575996875763,-0.997400164604187,0.016629843041300774,0.09816492348909378],[0.5670311450958252,-0.053566060960292816,-0.8219527006149292,1.0624340772628784]],"camera1":[[0.8207064867019653,-0.04820222780108452,0.5693129301071167,0.1532588005065918],[-0.07011575996875763,-0.997400164604187,0.016629843041300774,0.09816492348909378],[0.5670311450958252,-0.053566060960292816,-0.8219527006149292,1.0624340772628784]],"full_resolution":[2064,2272],"relative_focal_length":[0.4356694221496582,0.4339345097541809],"screen_center":[0.6212562918663025,0.5965937376022339],"visualized_dimension":-1}]}
{"camera":{"aperture_size":0.0,"autofocus":false,"autofocus_depth":0.0,"autofocus_target":[0.5,0.5,0.5],"fov_axis":1,"matrix":[[0.8354878425598145,0.0031969177071005106,-0.5494995713233948,0.06258302927017212],[0.0,-0.999983012676239,-0.005817823112010956,0.09580390900373459],[-0.5495089888572693,0.004860684275627136,-0.8354735970497131,1.0180634260177612]],"relative_focal_length":[1.0,1.0],"scale":0.04736240580677986,"screen_center":[0.5008788108825684,0.49828702211380005],"zoom":1.0},"frame":7,"views":[{"camera0":[[0.8159105777740479,-0.049343835562467575,0.576068639755249,0.15104475617408752],[-0.06975222378969193,-0.9974749088287354,0.013353214599192142,0.09829933196306229],[0.5739549994468689,-0.05107712373137474,-0.817292332649231,1.060766339302063]],"camera1":[[0.8159105777740479,-0.049343835562467575,0.576068639755249,0.15104475617408752],[-0.06975222378969193,-0.9974749088287354,0.013353214599192142,0.09829933196306229],[0.5739549994468689,-0.05107712373137474,-0.817292332649231,1.060766339302063]],"full_resolution":[2064,2272],"relative_focal_length":[0.4356694221496582,0.4339345097541809],"screen_center":[0.3787437081336975,0.5965937376022339],"visualized_dimension":-1},{"camera0":[[0.8159105777740479,-0.049343835562467575,0.576068639755249,0.1533920168876648],[-0.06975222378969193,-0.9974749088287354,0.013353214599192142,0.09809866547584534],[0.5739549994468689,-0.05107712373137474,-0.817292332649231,1.0624175071716309]],"camera1":[[0.8159105777740479,-0.049343835562467575,0.576068639755249,0.1533920168876648],[-0.06975222378969193,-0.9974749088287354,0.013353214599192142,0.09809866547584534],[0.5739549994468689,-0.05107712373137474,-0.817292332649231,1.0624175071716309]],"full_resolution":[2064,2272],"relative_focal_length":[0.4356694221496582,0.4339345097541809],"screen_center":[0.6212562918663025,0.5965937376022339],"visualized_dimension":-1}]}
{"camera":{"aperture_size":0.0,"autofocus":false,"autofocus_depth":0.0,"autofocus_target":[0.5,0.5,0.5],"fov_axis":1,"matrix":[[0.8354878425598145,0.0031969177071005106,-0.5494995713233948,0.06258302927017212],[0.0,-0.999983012676239,-0.005817823112010956,0.09580390900373459],[-0.5495089888572693,0.004860684275627136,-0.8354735970497131,1.0180634260177612]],"relative_focal_length":[1.0,1.0],"scale":0.04736240580677986,"screen_center":[0.5008788108825684,0.49828702211380005],"zoom":1.0},"frame":8,"views":[{"camera0":[[0.8096213936805725,-0.04255242273211479,0.5854081511497498,0.15116456151008606],[-0.06981854140758514,-0.9972692131996155,0.024069368839263916,0.0982956662774086],[0.5827852487564087,-0.06035943329334259,-0.8103815317153931,1.060633897781372]],"camera1":[[0.8096213936805725,-0.04255242273211479,0.5854081511497498,0.15116456151008606],[-0.06981854140758514,-0.9972692131996155,0.024069368839263916,0.0982956662774086],[0.5827852487564087,-0.06035943329334259,-0.8103815317153931,1.060633897781372]],"full_resolution":[2064,2272],"relative_focal_length":[0.4356694221496582,0.4339345097541809],"screen_center":[0.3787437081336975,0.5965937376022339],"visualized_dimension":-1},{"camera0":[[0.8096213936805725,-0.04255242273211479,0.5854081511497498,0.1534937173128128],[-0.06981854140758514,-0.9972692131996155,0.024069368839263916,0.09809480607509613],[0.5827852487564087,-0.06035943329334259,-0.8103815317153931,1.0623104572296143]],"camera1":[[0.8096213936805725,-0.04255242273211479,0.5854081511497498,0.1534937173128128],[-0.06981854140758514,-0.9972692131996155,0.024069368839263916,0.09809480607509613],[0.5827852487564087,-0.06035943329334259,-0.8103815317153931,1.0623104572296143]],"full_resolution":[2064,2272],"relative_focal_length":[0.4356694221496582,0.4339345097541809],"screen_center":[0.6212562918663025,0.5965937376022339],"visualized_dimension":-1}]}
{"camera":{"aperture_size":0.0,"autofocus":false,"autofocus_depth":0.0,"autofocus_target":[0.5,0.5,0.5],"fov_axis":1,"matrix":[[0.8354878425598145,0.0031969177071005106,-0.5494995713233948,0.06258302927017212],[0.0,-0.999983012676239,-0.005817823112010956,0.09580390900373459],[-0.5495089888572693,0.004860684275627136,-0.8354735970497131,1.0180634260177612]],"relative_focal_length":[1.0,1.0],"scale":0.04736240580677986,"screen_center":[0.5008788108825684,0.49828702211380005],"zoom":1.0},"frame":9,"views":[{"camera0":[[0.8007486462593079,-0.03991679847240448,0.5976690053939819,0.15138211846351624],[-0.06345393508672714,-0.9978156089782715,0.018373165279626846,0.09831918030977249],[0.595629870891571,-0.052636757493019104,-0.801532506942749,1.060482144355774]],"camera1":[[0.8007486462593079,-0.03991679847240448,0.5976690053939819,0.15138211846351624],[-0.06345393508672714,-0.9978156089782715,0.018373165279626846,0.09831918030977249],[0.595629870891571,-0.052636757493019104,-0.801532506942749,1.060482144355774]],"full_resolution":[2064,2272],"relative_focal_length":[0.4356694221496582,0.4339345097541809],"screen_center":[0.3787437081336975,0.5965937376022339],"visualized_dimension":-1},{"camera0":[[0.8007486462593079,-0.03991679847240448,0.5976690053939819,0.15368574857711792],[-0.06345393508672714,-0.9978156089782715,0.018373165279626846,0.09813663363456726],[0.595629870891571,-0.052636757493019104,-0.801532506942749,1.0621956586837769]],"camera1":[[0.8007486462593079,-0.03991679847240448,0.5976690053939819,0.15368574857711792],[-0.06345393508672714,-0.9978156089782715,0.018373165279626846,0.09813663363456726],[0.595629870891571,-0.052636757493019104,-0.801532506942749,1.0621956586837769]],"full_resolution":[2064,2272],"relative_focal_length":[0.4356694221496582,0.4339345097541809],"screen_center":[0.6212562918663025,0.5965937376022339],"visualized_dimension":-1}]}
{"camera":{"aperture_size":0.0,"autofocus":false,"autofocus_depth":0.0,"autofocus_target":[0.5,0.5,0.5],"fov_axis":1,"matrix":[[0.8354878425598145,0.0031969177071005106,-0.5494995713233948,0.06258302927017212],[0.0,-0.999983012676239,-0.005817823112010956,0.09580390900373459],[-0.5495089888572693,0.004860684275627136,-0.8354735970497131,1.0180634260177612]],"relative_focal_length":[1.0,1.0],"scale":0.04736240580677986,"screen_center":[0.5008788108825684,0.49828702211380005],"zoom":1.0},"frame":10,"views":[{"camera0":[[0.7969357371330261,-0.040631577372550964,0.6026959419250488,0.15139922499656677],[-0.05018536373972893,-0.9987393617630005,-0.0009720068192109466,0.09826880693435669],[0.6019756197929382,-0.029471926391124725,-0.7979702949523926,1.0604586601257324]],"camera1":[[0.7969357371330261,-0.040631577372550964,0.6026959419250488,0.15139922499656677],[-0.05018536373972893,-0.9987393617630005,-0.0009720068192109466,0.09826880693435669],[0.6019756197929382,-0.029471926391124725,-0.7979702949523926,1.0604586601257324]],"full_resolution":[2064,2272],"relative_focal_length":[0.4356694221496582,0.4339345097541809],"screen_center":[0.3787437081336975,0.5965937376022339],"visualized_dimension":-1},{"camera0":[[0.7969357371330261,-0.040631577372550964,0.6026959419250488,0.1536918729543686],[-0.05018536373972893,-0.9987393617630005,-0.0009720068192109466,0.0981244295835495],[0.6019756197929382,-0.029471926391124725,-0.7979702949523926,1.0621905326843262]],"camera1":[[0.7969357371330261,-0.040631577372550964,0.6026959419250488,0.1536918729543686],[-0.05018536373972893,-0.9987393617630005,-0.0009720068192109466,0.0981244295835495],[0.6019756197929382,-0.029471926391124725,-0.7979702949523926,1.0621905326843262]],"full_resolution":[2064,2272],"relative_focal_length":[0.4356694221496582,0.4339345097541809],"screen_center":[0.6212562918663025,0.5965937376022339],"visualized_dimension":-1}]}
{"camera":{"aperture_size":0.0,"autofocus":false,"autofocus_depth":0.0,"autofocus_target":[0.5,0.5,0.5],"fov_axis":1,"matrix":[[0.8354878425598145,0.0031969177071005106,-0.5494995713233948,0.06258302927017212],[0.0,-0.999983012676239,-0.005817823112010956,0.09580390900373459],[-0.5495089888572693,0.004860684275627136,-0.8354735970497131,1.0180634260177612]],"relative_focal_length":[1.0,1.0],"scale":0.04736240580677986,"screen_center":[0.5008788108825684,0.49828702211380005],"zoom":1.0},"frame":10,"views":[{"camera0":[[0.7948720455169678,-0.03555218130350113,0.6057348251342773,0.15143465995788574],[-0.04175412654876709,-0.9991204142570496,-0.0038493648171424866,0.09838178753852844],[0.6053388714790344,-0.022232191637158394,-0.7956575155258179,1.0604133605957031]],"camera1":[[0.7948720455169678,-0.03555218130350113,0.6057348251342773,0.15143465995788574],[-0.04175412654876709,-0.9991204142570496,-0.0038493648171424866,0.09838178753852844],[0.6053388714790344,-0.022232191637158394,-0.7956575155258179,1.0604133605957031]],"full_resolution":[2064,2272],"relative_focal_length":[0.4356694221496582,0.4339345097541809],"screen_center":[0.3787437081336975,0.5965937376022339],"visualized_dimension":-1},{"camera0":[[0.7948720455169678,-0.03555218130350113,0.6057348251342773,0.1537213772535324],[-0.04175412654876709,-0.9991204142570496,-0.0038493648171424866,0.09826166182756424],[0.6053388714790344,-0.022232191637158394,-0.7956575155258179,1.062154769897461]],"camera1":[[0.7948720455169678,-0.03555218130350113,0.6057348251342773,0.1537213772535324],[-0.04175412654876709,-0.9991204142570496,-0.0038493648171424866,0.09826166182756424],[0.6053388714790344,-0.022232191637158394,-0.7956575155258179,1.062154769897461]],"full_resolution":[2064,2272],"relative_focal_length":[0.4356694221496582,0.4339345097541809],"screen_center":[0.6212562918663025,0.5965937376022339],"visualized_dimension":-1}]}
{"camera":{"aperture_size":0.0,"autofocus":false,"autofocus_depth":0.0,"autofocus_target":[0.5,0.5,0.5],"fov_axis":1,"matrix":[[0.8354878425598145,0.0031969177071005106,-0.5494995713233948,0.06258302927017212],[0.0,-0.999983012676239,-0.005817823112010956,0.09580390900373459],[-0.5495089888572693,0.004860684275627136,-0.8354735970497131,1.0180634260177612]],"relative_focal_length":[1.0,1.0],"scale":0.04736240580677986,"screen_center":[0.5008788108825684,0.49828702211380005],"zoom":1.0},"frame":10,"views":[{"camera0":[[0.7932058572769165,-0.02413920871913433,0.6084747910499573,0.15140849351882935],[-0.03357051685452461,-0.9994277954101563,0.004113498609513044,0.09842056781053543],[0.6080272793769836,-0.023689696565270424,-0.7935625314712524,1.0604145526885986]],"camera1":[[0.7932058572769165,-0.02413920871913433,0.6084747910499573,0.15140849351882935],[-0.03357051685452461,-0.9994277954101563,0.004113498609513044,0.09842056781053543],[0.6080272793769836,-0.023689696565270424,-0.7935625314712524,1.0604145526885986]],"full_resolution":[2064,2272],"relative_focal_length":[0.4356694221496582,0.4339345097541809],"screen_center":[0.3787437081336975,0.5965937376022339],"visualized_dimension":-1},{"camera0":[[0.7932058572769165,-0.02413920871913433,0.6084747910499573,0.1536904275417328],[-0.03357051685452461,-0.9994277954101563,0.004113498609513044,0.09832398593425751],[0.6080272793769836,-0.023689696565270424,-0.7935625314712524,1.0621638298034668]],"camera1":[[0.7932058572769165,-0.02413920871913433,0.6084747910499573,0.1536904275417328],[-0.03357051685452461,-0.9994277954101563,0.004113498609513044,0.09832398593425751],[0.6080272793769836,-0.023689696565270424,-0.7935625314712524,1.0621638298034668]],"full_resolution":[2064,2272],"relative_focal_length":[0.4356694221496582,0.4339345097541809],"screen_center":[0.6212562918663025,0.5965937376022339],"visualized_dimension":-1}]}
{"camera":{"aperture_size":0.0,"autofocus":false,"autofocus_depth":0.0,"autofocus_target":[0.5,0.5,0.5],"fov_axis":1,"matrix":[[0.8354878425598145,0.0031969177071005106,-0.5494995713233948,0.06258302927017212],[0.0,-0.999983012676239,-0.005817823112010956,0.09580390900373459],[-0.5495089888572693,0.004860684275627136,-0.8354735970497131,1.0180634260177612]],"relative_focal_length":[1.0,1.0],"scale":0.04736240580677986,"screen_center":[0.5008788108825684,0.49828702211380005],"zoom":1.0},"frame":10,"views":[{"camera0":[[0.792693018913269,-0.02173214592039585,0.6092333793640137,0.15136423707008362],[-0.029788030311465263,-0.9995513558387756,0.003102908842265606,0.09844654053449631],[0.6088925004005432,-0.02060755155980587,-0.7929849624633789,1.060437798500061]],"camera1":[[0.792693018913269,-0.02173214592039585,0.6092333793640137,0.15136423707008362],[-0.029788030311465263,-0.9995513558387756,0.003102908842265606,0.09844654053449631],[0.6088925004005432,-0.02060755155980587,-0.7929849624633789,1.060437798500061]],"full_resolution":[2064,2272],"relative_focal_length":[0.4356694221496582,0.4339345097541809],"screen_center":[0.3787437081336975,0.5965937376022339],"visualized_dimension":-1},{"camera0":[[0.792693018913269,-0.02173214592039585,0.6092333793640137,0.15364468097686768],[-0.029788030311465263,-0.9995513558387756,0.003102908842265606,0.09836084395647049],[0.6088925004005432,-0.02060755155980587,-0.7929849624633789,1.0621894598007202]],"camera1":[[0.792693018913269,-0.02173214592039585,0.6092333793640137,0.15364468097686768],[-0.029788030311465263,-0.9995513558387756,0.003102908842265606,0.09836084395647049],[0.6088925004005432,-0.02060755155980587,-0.7929849624633789,1.0621894598007202]],"full_resolution":[2064,2272],"relative_focal_length":[0.4356694221496582,0.4339345097541809],"screen_center":[0.6212562918663025,0.5965937376022339],"visualized_dimension":-1}]}
{"camera":{"aperture_size":0.0,"autofocus":false,"autofocus_depth":0.0,"autofocus_target":[0.5,0.5,0.5],"fov_axis":1,"matrix":[[0.8354878425598145,0.0031969177071005106,-0.5494995713233948,0.06258302927017212],[0.0,-0.999983012676239,-0.005817823112010956,0.09580390900373459],[-0.5495089888572693,0.004860684275627136,-0.8354735970497131,1.0180634260177612]],"relative_focal_length":[1.0,1.0],"scale":0.04736240580677986,"screen_center":[0.5008788108825684,0.49828702211380005],"zoom":1.0},"frame":11,"views":[{"camera0":[[0.7941725254058838,-0.013128438964486122,0.6075505018234253,0.1513262689113617],[-0.031091881915926933,-0.999334990978241,0.01904803141951561,0.09856577962636948],[0.606896162033081,-0.03401734679937363,-0.7940527200698853,1.0604751110076904]],"camera1":[[0.7941725254058838,-0.013128438964486122,0.6075505018234253,0.1513262689113617],[-0.031091881915926933,-0.999334990978241,0.01904803141951561,0.09856577962636948],[0.606896162033081,-0.03401734679937363,-0.7940527200698853,1.0604751110076904]],"full_resolution":[2064,2272],"relative_focal_length":[0.4356694221496582,0.4339345097541809],"screen_center":[0.3787437081336975,0.5965937376022339],"visualized_dimension":-1},{"camera0":[[0.7941725254058838,-0.013128438964486122,0.6075505018234253,0.1536109745502472],[-0.031091881915926933,-0.999334990978241,0.01904803141951561,0.09847632795572281],[0.606896162033081,-0.03401734679937363,-0.7940527200698853,1.0622210502624512]],"camera1":[[0.7941725254058838,-0.013128438964486122,0.6075505018234253,0.1536109745502472],[-0.031091881915926933,-0.999334990978241,0.01904803141951561,0.09847632795572281],[0.606896162033081,-0.03401734679937363,-0.7940527200698853,1.0622210502624512]],"full_resolution":[2064,2272],"relative_focal_length":[0.4356694221496582,0.4339345097541809],"screen_center":[0.6212562918663025,0.5965937376022339],"visualized_dimension":-1}]}
{"camera":{"aperture_size":0.0,"autofocus":false,"autofocus_depth":0.0,"autofocus_target":[0.5,0.5,0.5],"fov_axis":1,"matrix":[[0.8354878425598145,0.0031969177071005106,-0.5494995713233948,0.06258302927017212],[0.0,-0.999983012676239,-0.005817823112010956,0.09580390900373459],[-0.5495089888572693,0.004860684275627136,-0.8354735970497131,1.0180634260177612]],"relative_focal_length":[1.0,1.0],"scale":0.04736240580677986,"screen_center":[0.5008788108825684,0.49828702211380005],"zoom":1.0},"frame":12,"views":[{"camera0":[[0.788989782333374,-0.005069069564342499,0.6143853664398193,0.15130892395973206],[-0.03365172818303108,-0.9988213777542114,0.03497447073459625,0.09863054007291794],[0.6134838461875916,-0.048269666731357574,-0.7882305383682251,1.0605192184448242]],"camera1":[[0.788989782333374,-0.005069069564342499,0.6143853664398193,0.15130892395973206],[-0.03365172818303108,-0.9988213777542114,0.03497447073459625,0.09863054007291794],[0.6134838461875916,-0.048269666731357574,-0.7882305383682251,1.0605192184448242]],"full_resolution":[2064,2272],"relative_focal_length":[0.4356694221496582,0.4339345097541809],"screen_center":[0.3787437081336975,0.5965937376022339],"visualized_dimension":-1},{"camera0":[[0.788989782333374,-0.005069069564342499,0.6143853664398193,0.1535787284374237],[-0.03365172818303108,-0.9988213777542114,0.03497447073459625,0.09853373467922211],[0.6134838461875916,-0.048269666731357574,-0.7882305383682251,1.0622841119766235]],"camera1":[[0.788989782333374,-0.005069069564342499,0.6143853664398193,0.1535787284374237],[-0.03365172818303108,-0.9988213777542114,0.03497447073459625,0.09853373467922211],[0.6134838461875916,-0.048269666731357574,-0.7882305383682251,1.0622841119766235]],"full_resolution":[2064,2272],"relative_focal_length":[0.4356694221496582,0.4339345097541809],"screen_center":[0.6212562918663025,0.5965937376022339],"visualized_dimension":-1}]}
{"camera":{"aperture_size":0.0,"autofocus":false,"autofocus_depth":0.0,"autofocus_target":[0.5,0.5,0.5],"fov_axis":1,"matrix":[[0.8354878425598145,0.0031969177071005106,-0.5494995713233948,0.06258302927017212],[0.0,-0.999983012676239,-0.005817823112010956,0.09580390900373459],[-0.5495089888572693,0.004860684275627136,-0.8354735970497131,1.0180634260177612]],"relative_focal_length":[1.0,1.0],"scale":0.04736240580677986,"screen_center":[0.5008788108825684,0.49828702211380005],"zoom":1.0},"frame":12,"views":[{"camera0":[[0.7800488471984863,-0.00205368734896183,0.6257151365280151,0.15131333470344543],[-0.036683350801467896,-0.9984247088432312,0.04245442524552345,0.09861809760332108],[0.6246422529220581,-0.056069888174533844,-0.7788955569267273,1.0605690479278564]],"camera1":[[0.7800488471984863,-0.00205368734896183,0.6257151365280151,0.15131333470344543],[-0.036683350801467896,-0.9984247088432312,0.04245442524552345,0.09861809760332108],[0.6246422529220581,-0.056069888174533844,-0.7788955569267273,1.0605690479278564]],"full_resolution":[2064,2272],"relative_focal_length":[0.4356694221496582,0.4339345097541809],"screen_center":[0.3787437081336975,0.5965937376022339],"visualized_dimension":-1},{"camera0":[[0.7800488471984863,-0.00205368734896183,0.6257151365280151,0.1535574197769165],[-0.036683350801467896,-0.9984247088432312,0.04245442524552345,0.09851256757974625],[0.6246422529220581,-0.056069888174533844,-0.7788955569267273,1.062366008758545]],"camera1":[[0.7800488471984863,-0.00205368734896183,0.6257151365280151,0.1535574197769165],[-0.036683350801467896,-0.9984247088432312,0.04245442524552345,0.09851256757974625],[0.6246422529220581,-0.056069888174533844,-0.7788955569267273,1.062366008758545]],"full_resolution":[2064,2272],"relative_focal_length":[0.4356694221496582,0.4339345097541809],"screen_center":[0.6212562918663025,0.5965937376022339],"visualized_dimension":-1}]}
{"camera":{"aperture_size":0.0,"autofocus":false,"autofocus_depth":0.0,"autofocus_target":[0.5,0.5,0.5],"fov_axis":1,"matrix":[[0.8354878425598145,0.0031969177071005106,-0.5494995713233948,0.06258302927017212],[0.0,-0.999983012676239,-0.005817823112010956,0.09580390900373459],[-0.5495089888572693,0.004860684275627136,-0.8354735970497131,1.0180634260177612]],"relative_focal_length":[1.0,1.0],"scale":0.04736240580677986,"screen_center":[0.5008788108825684,0.49828702211380005],"zoom":1.0},"frame":13,"views":[{"camera0":[[0.7727274298667908,-0.0026907138526439667,0.6347322463989258,0.1514248549938202],[-0.03461617976427078,-0.998681366443634,0.03790848329663277,0.09842059761285782],[0.6337932348251343,-0.05126497149467468,-0.771801769733429,1.0606558322906494]],"camera1":[[0.7727274298667908,-0.0026907138526439667,0.6347322463989258,0.1514248549938202],[-0.03461617976427078,-0.998681366443634,0.03790848329663277,0.09842059761285782],[0.6337932348251343,-0.05126497149467468,-0.771801769733429,1.0606558322906494]],"full_resolution":[2064,2272],"relative_focal_length":[0.4356694221496582,0.4339345097541809],"screen_center":[0.3787437081336975,0.5965937376022339],"visualized_dimension":-1},{"camera0":[[0.7727274298667908,-0.0026907138526439667,0.6347322463989258,0.15364788472652435],[-0.03461617976427078,-0.998681366443634,0.03790848329663277,0.09832101315259933],[0.6337932348251343,-0.05126497149467468,-0.771801769733429,1.0624791383743286]],"camera1":[[0.7727274298667908,-0.0026907138526439667,0.6347322463989258,0.15364788472652435],[-0.03461617976427078,-0.998681366443634,0.03790848329663277,0.09832101315259933],[0.6337932348251343,-0.05126497149467468,-0.771801769733429,1.0624791383743286]],"full_resolution":[2064,2272],"relative_focal_length":[0.4356694221496582,0.4339345097541809],"screen_center":[0.6212562918663025,0.5965937376022339],"visualized_dimension":-1}]}
{"camera":{"aperture_size":0.0,"autofocus":false,"autofocus_depth":0.0,"autofocus_target":[0.5,0.5,0.5],"fov_axis":1,"matrix":[[0.8354878425598145,0.0031969177071005106,-0.5494995713233948,0.06258302927017212],[0.0,-0.999983012676239,-0.005817823112010956,0.09580390900373459],[-0.5495089888572693,0.004860684275627136,-0.8354735970497131,1.0180634260177612]],"relative_focal_length":[1.0,1.0],"scale":0.04736240580677986,"screen_center":[0.5008788108825684,0.49828702211380005],"zoom":1.0},"frame":13,"views":[{"camera0":[[0.770093560218811,0.0038884971290826797,0.6379191279411316,0.1515708565711975],[-0.019527453929185867,-0.9993690848350525,0.02966526709496975,0.09819915890693665],[0.637631893157959,-0.03530200198292732,-0.7695319056510925,1.0608198642730713]],"camera1":[[0.770093560218811,0.0038884971290826797,0.6379191279411316,0.1515708565711975],[-0.019527453929185867,-0.9993690848350525,0.02966526709496975,0.09819915890693665],[0.637631893157959,-0.03530200198292732,-0.7695319056510925,1.0608198642730713]],"full_resolution":[2064,2272],"relative_focal_length":[0.4356694221496582,0.4339345097541809],"screen_center":[0.3787437081336975,0.5965937376022339],"visualized_dimension":-1},{"camera0":[[0.770093560218811,0.0038884971290826797,0.6379191279411316,0.153786301612854],[-0.019527453929185867,-0.9993690848350525,0.02966526709496975,0.09814298152923584],[0.637631893157959,-0.03530200198292732,-0.7695319056510925,1.0626542568206787]],"camera1":[[0.770093560218811,0.0038884971290826797,0.6379191279411316,0.153786301612854],[-0.019527453929185867,-0.9993690848350525,0.02966526709496975,0.09814298152923584],[0.637631893157959,-0.03530200198292732,-0.7695319056510925,1.0626542568206787]],"full_resolution":[2064,2272],"relative_focal_length":[0.4356694221496582,0.4339345097541809],"screen_center":[0.6212562918663025,0.5965937376022339],"visualized_dimension":-1}]}
{"camera":{"aperture_size":0.0,"autofocus":false,"autofocus_depth":0.0,"autofocus_target":[0.5,0.5,0.5],"fov_axis":1,"matrix":[[0.8354878425598145,0.0031969177071005106,-0.5494995713233948,0.06258302927017212],[0.0,-0.999983012676239,-0.005817823112010956,0.09580390900373459],[-0.5495089888572693,0.004860684275627136,-0.8354735970497131,1.0180634260177612]],"relative_focal_length":[1.0,1.0],"scale":0.04736240580677986,"screen_center":[0.5008788108825684,0.49828702211380005],"zoom":1.0},"frame":14,"views":[{"camera0":[[0.7846938967704773,-0.0012544605415314436,0.6198821067810059,0.15170779824256897],[-0.0008001965470612049,-0.9999991059303284,-0.0010107116540893912,0.09800923615694046],[0.6198827624320984,0.0002970350906252861,-0.7846943140029907,1.0611053705215454]],"camera1":[[0.7846938967704773,-0.0012544605415314436,0.6198821067810059,0.15170779824256897],[-0.0008001965470612049,-0.9999991059303284,-0.0010107116540893912,0.09800923615694046],[0.6198827624320984,0.0002970350906252861,-0.7846943140029907,1.0611053705215454]],"full_resolution":[2064,2272],"relative_focal_length":[0.4356694221496582,0.4339345097541809],"screen_center":[0.3787437081336975,0.5965937376022339],"visualized_dimension":-1},{"camera0":[[0.7846938967704773,-0.0012544605415314436,0.6198821067810059,0.15396524965763092],[-0.0008001965470612049,-0.9999991059303284,-0.0010107116540893912,0.09800693392753601],[0.6198827624320984,0.0002970350906252861,-0.7846943140029907,1.0628886222839355]],"camera1":[[0.7846938967704773,-0.0012544605415314436,0.6198821067810059,0.15396524965763092],[-0.0008001965470612049,-0.9999991059303284,-0.0010107116540893912,0.09800693392753601],[0.6198827624320984,0.0002970350906252861,-0.7846943140029907,1.0628886222839355]],"full_resolution":[2064,2272],"relative_focal_length":[0.4356694221496582,0.4339345097541809],"screen_center":[0.6212562918663025,0.5965937376022339],"visualized_dimension":-1}]}
{"camera":{"aperture_size":0.0,"autofocus":false,"autofocus_depth":0.0,"autofocus_target":[0.5,0.5,0.5],"fov_axis":1,"matrix":[[0.8354878425598145,0.0031969177071005106,-0.5494995713233948,0.06258302927017212],[0.0,-0.999983012676239,-0.005817823112010956,0.09580390900373459],[-0.5495089888572693,0.004860684275627136,-0.8354735970497131,1.0180634260177612]],"relative_focal_length":[1.0,1.0],"scale":0.04736240580677986,"screen_center":[0.5008788108825684,0.49828702211380005],"zoom":1.0},"frame":15,"views":[{"camera0":[[0.8071357011795044,-0.0007990011945366859,0.5903651714324951,0.15200085937976837],[0.017154671251773834,-0.9995450377464294,-0.02480626478791237,0.0979083776473999],[0.5901164412498474,0.030149510130286217,-0.8067549467086792,1.0615395307540894]],"camera1":[[0.8071357011795044,-0.0007990011945366859,0.5903651714324951,0.15200085937976837],[0.017154671251773834,-0.9995450377464294,-0.02480626478791237,0.0979083776473999],[0.5901164412498474,0.030149510130286217,-0.8067549467086792,1.0615395307540894]],"full_resolution":[2064,2272],"relative_focal_length":[0.4356694221496582,0.4339345097541809],"screen_center":[0.3787437081336975,0.5965937376022339],"visualized_dimension":-1},{"camera0":[[0.8071357011795044,-0.0007990011945366859,0.5903651714324951,0.15432286262512207],[0.017154671251773834,-0.9995450377464294,-0.02480626478791237,0.09795773029327393],[0.5901164412498474,0.030149510130286217,-0.8067549467086792,1.063237190246582]],"camera1":[[0.8071357011795044,-0.0007990011945366859,0.5903651714324951,0.15432286262512207],[0.017154671251773834,-0.9995450377464294,-0.02480626478791237,0.09795773029327393],[0.5901164412498474,0.030149510130286217,-0.8067549467086792,1.063237190246582]],"full_resolution":[2064,2272],"relative_focal_length":[0.4356694221496582,0.4339345097541809],"screen_center":[0.6212562918663025,0.5965937376022339],"visualized_dimension":-1}]}
{"camera":{"aperture_size":0.0,"autofocus":false,"autofocus_depth":0.0,"autofocus_target":[0.5,0.5,0.5],"fov_axis":1,"matrix":[[0.8354878425598145,0.0031969177071005106,-0.5494995713233948,0.06258302927017212],[0.0,-0.999983012676239,-0.005817823112010956,0.09580390900373459],[-0.5495089888572693,0.004860684275627136,-0.8354735970497131,1.0180634260177612]],"relative_focal_length":[1.0,1.0],"scale":0.04736240580677986,"screen_center":[0.5008788108825684,0.49828702211380005],"zoom":1.0},"frame":15,"views":[{"camera0":[[0.8248541951179504,0.002226380631327629,0.5653413534164429,0.15234655141830444],[0.0029691436793655157,-0.9999954700469971,-0.0003939403686672449,0.09804877638816833],[0.5653377771377563,0.002003486268222332,-0.8248571157455444,1.0618985891342163]],"camera1":[[0.8248541951179504,0.002226380631327629,0.5653413534164429,0.15234655141830444],[0.0029691436793655157,-0.9999954700469971,-0.0003939403686672449,0.09804877638816833],[0.5653377771377563,0.002003486268222332,-0.8248571157455444,1.0618985891342163]],"full_resolution":[2064,2272],"relative_focal_length":[0.4356694221496582,0.4339345097541809],"screen_center":[0.3787437081336975,0.5965937376022339],"visualized_dimension":-1},{"camera0":[[0.8248541951179504,0.002226380631327629,0.5653413534164429,0.1547195166349411],[0.0029691436793655157,-0.9999954700469971,-0.0003939403686672449,0.098057322204113],[0.5653377771377563,0.002003486268222332,-0.8248571157455444,1.0635249614715576]],"camera1":[[0.8248541951179504,0.002226380631327629,0.5653413534164429,0.1547195166349411],[0.0029691436793655157,-0.9999954700469971,-0.0003939403686672449,0.098057322204113],[0.5653377771377563,0.002003486268222332,-0.8248571157455444,1.0635249614715576]],"full_resolution":[2064,2272],"relative_focal_length":[0.4356694221496582,0.4339345097541809],"screen_center":[0.6212562918663025,0.5965937376022339],"visualized_dimension":-1}]}
