{"camera":{"aperture_size":0.0,"autofocus":false,"autofocus_depth":0.0,"autofocus_target":[0.5,0.5,0.5],"fov_axis":1,"matrix":[[0.8354878425598145,0.0031969177071005106,-0.5494995713233948,0.06258302927017212],[0.0,-0.999983012676239,-0.005817823112010956,0.09580390900373459],[-0.5495089888572693,0.004860684275627136,-0.8354735970497131,1.0180634260177612]],"relative_focal_length":[1.0,1.0],"scale":0.04736240580677986,"screen_center":[0.5008788108825684,0.49828702211380005],"zoom":1.0},"frame":1,"views":[{"camera0":[[0.7345154285430908,-0.052910059690475464,-0.6765260696411133,0.12521228194236755],[0.055200573056936264,-0.9889929294586182,0.1372797191143036,0.09835901111364365],[-0.6763430833816528,-0.1381787359714508,-0.7235097885131836,1.080145001411438]],"camera1":[[0.7345154285430908,-0.052910059690475464,-0.6765260696411133,0.12521228194236755],[0.055200573056936264,-0.9889929294586182,0.1372797191143036,0.09835901111364365],[-0.6763430833816528,-0.1381787359714508,-0.7235097885131836,1.080145001411438]],"full_resolution":[2064,2272],"relative_focal_length":[0.4356694221496582,0.4339345097541809],"screen_center":[0.3787437081336975,0.5965937376022339],"visualized_dimension":-1},{"camera0":[[0.7345154285430908,-0.052910059690475464,-0.6765260696411133,0.1273253858089447],[0.055200573056936264,-0.9889929294586182,0.1372797191143036,0.09851781278848648],[-0.6763430833816528,-0.1381787359714508,-0.7235097885131836,1.0781992673873901]],"camera1":[[0.7345154285430908,-0.052910059690475464,-0.6765260696411133,0.1273253858089447],[0.055200573056936264,-0.9889929294586182,0.1372797191143036,0.09851781278848648],[-0.6763430833816528,-0.1381787359714508,-0.7235097885131836,1.0781992673873901]],"full_resolution":[2064,2272],"relative_focal_length":[0.4356694221496582,0.4339345097541809],"screen_center":[0.6212562918663025,0.5965937376022339],"visualized_dimension":-1}]}
{"camera":{"aperture_size":0.0,"autofocus":false,"autofocus_depth":0.0,"autofocus_target":[0.5,0.5,0.5],"fov_axis":1,"matrix":[[0.8354878425598145,0.0031969177071005106,-0.5494995713233948,0.06258302927017212],[0.0,-0.999983012676239,-0.005817823112010956,0.09580390900373459],[-0.5495089888572693,0.004860684275627136,-0.8354735970497131,1.0180634260177612]],"relative_focal_length":[1.0,1.0],"scale":0.04736240580677986,"screen_center":[0.5008788108825684,0.49828702211380005],"zoom":1.0},"frame":2,"views":[{"camera0":[[0.7308350205421448,-0.05686359852552414,-0.6801813244819641,0.12510988116264343],[0.0545119009912014,-0.988477885723114,0.14120879769325256,0.0983334556221962],[-0.6803739070892334,-0.14027833938598633,-0.7193143963813782,1.0800145864486694]],"camera1":[[0.7308350205421448,-0.05686359852552414,-0.6801813244819641,0.12510988116264343],[0.0545119009912014,-0.988477885723114,0.14120879769325256,0.0983334556221962],[-0.6803739070892334,-0.14027833938598633,-0.7193143963813782,1.0800145864486694]],"full_resolution":[2064,2272],"relative_focal_length":[0.4356694221496582,0.4339345097541809],"screen_center":[0.3787437081336975,0.5965937376022339],"visualized_dimension":-1},{"camera0":[[0.7308350205421448,-0.05686359852552414,-0.6801813244819641,0.12721237540245056],[0.0545119009912014,-0.988477885723114,0.14120879769325256,0.09849027544260025],[-0.6803739070892334,-0.14027833938598633,-0.7193143963813782,1.0780572891235352]],"camera1":[[0.7308350205421448,-0.05686359852552414,-0.6801813244819641,0.12721237540245056],[0.0545119009912014,-0.988477885723114,0.14120879769325256,0.09849027544260025],[-0.6803739070892334,-0.14027833938598633,-0.7193143963813782,1.0780572891235352]],"full_resolution":[2064,2272],"relative_focal_length":[0.4356694221496582,0.4339345097541809],"screen_center":[0.6212562918663025,0.5965937376022339],"visualized_dimension":-1}]}
{"camera":{"aperture_size":0.0,"autofocus":false,"autofocus_depth":0.0,"autofocus_target":[0.5,0.5,0.5],"fov_axis":1,"matrix":[[0.8354878425598145,0.0031969177071005106,-0.5494995713233948,0.06258302927017212],[0.0,-0.999983012676239,-0.005817823112010956,0.09580390900373459],[-0.5495089888572693,0.004860684275627136,-0.8354735970497131,1.0180634260177612]],"relative_focal_length":[1.0,1.0],"scale":0.04736240580677986,"screen_center":[0.5008788108825684,0.49828702211380005],"zoom":1.0},"frame":3,"views":[{"camera0":[[0.7242457270622253,-0.0672510489821434,-0.6862546801567078,0.12485848367214203],[0.04282379522919655,-0.9889245629310608,0.14210635423660278,0.09838925302028656],[-0.6882110834121704,-0.1323079615831375,-0.7133442759513855,1.0797395706176758]],"camera1":[[0.7242457270622253,-0.0672510489821434,-0.6862546801567078,0.12485848367214203],[0.04282379522919655,-0.9889245629310608,0.14210635423660278,0.09838925302028656],[-0.6882110834121704,-0.1323079615831375,-0.7133442759513855,1.0797395706176758]],"full_resolution":[2064,2272],"relative_focal_length":[0.4356694221496582,0.4339345097541809],"screen_center":[0.3787437081336975,0.5965937376022339],"visualized_dimension":-1},{"camera0":[[0.7242457270622253,-0.0672510489821434,-0.6862546801567078,0.12694202363491058],[0.04282379522919655,-0.9889245629310608,0.14210635423660278,0.0985124483704567],[-0.6882110834121704,-0.1323079615831375,-0.7133442759513855,1.0777596235275269]],"camera1":[[0.7242457270622253,-0.0672510489821434,-0.6862546801567078,0.12694202363491058],[0.04282379522919655,-0.9889245629310608,0.14210635423660278,0.0985124483704567],[-0.6882110834121704,-0.1323079615831375,-0.7133442759513855,1.0777596235275269]],"full_resolution":[2064,2272],"relative_focal_length":[0.4356694221496582,0.4339345097541809],"screen_center":[0.6212562918663025,0.5965937376022339],"visualized_dimension":-1}]}
{"camera":{"aperture_size":0.0,"autofocus":false,"autofocus_depth":0.0,"autofocus_target":[0.5,0.5,0.5],"fov_axis":1,"matrix":[[0.8354878425598145,0.0031969177071005106,-0.5494995713233948,0.06258302927017212],[0.0,-0.999983012676239,-0.005817823112010956,0.09580390900373459],[-0.5495089888572693,0.004860684275627136,-0.8354735970497131,1.0180634260177612]],"relative_focal_length":[1.0,1.0],"scale":0.04736240580677986,"screen_center":[0.5008788108825684,0.49828702211380005],"zoom":1.0},"frame":4,"views":[{"camera0":[[0.7025601267814636,-0.10770319402217865,-0.7034267783164978,0.12405679374933243],[0.003604588797315955,-0.9879291653633118,0.1548640877008438,0.09843908250331879],[-0.7116153240203857,-0.11133691668510437,-0.6936912536621094,1.0785720348358154]],"camera1":[[0.7025601267814636,-0.10770319402217865,-0.7034267783164978,0.12405679374933243],[0.003604588797315955,-0.9879291653633118,0.1548640877008438,0.09843908250331879],[-0.7116153240203857,-0.11133691668510437,-0.6936912536621094,1.0785720348358154]],"full_resolution":[2064,2272],"relative_focal_length":[0.4356694221496582,0.4339345097541809],"screen_center":[0.3787437081336975,0.5965937376022339],"visualized_dimension":-1},{"camera0":[[0.7025601267814636,-0.10770319402217865,-0.7034267783164978,0.12607795000076294],[0.003604588797315955,-0.9879291653633118,0.1548640877008438,0.0984494537115097],[-0.7116153240203857,-0.11133691668510437,-0.6936912536621094,1.0765248537063599]],"camera1":[[0.7025601267814636,-0.10770319402217865,-0.7034267783164978,0.12607795000076294],[0.003604588797315955,-0.9879291653633118,0.1548640877008438,0.0984494537115097],[-0.7116153240203857,-0.11133691668510437,-0.6936912536621094,1.0765248537063599]],"full_resolution":[2064,2272],"relative_focal_length":[0.4356694221496582,0.4339345097541809],"screen_center":[0.6212562918663025,0.5965937376022339],"visualized_dimension":-1}]}
{"camera":{"aperture_size":0.0,"autofocus":false,"autofocus_depth":0.0,"autofocus_target":[0.5,0.5,0.5],"fov_axis":1,"matrix":[[0.8354878425598145,0.0031969177071005106,-0.5494995713233948,0.06258302927017212],[0.0,-0.999983012676239,-0.005817823112010956,0.09580390900373459],[-0.5495089888572693,0.004860684275627136,-0.8354735970497131,1.0180634260177612]],"relative_focal_length":[1.0,1.0],"scale":0.04736240580677986,"screen_center":[0.5008788108825684,0.49828702211380005],"zoom":1.0},"frame":5,"views":[{"camera0":[[0.6798809170722961,-0.1207442432641983,-0.7233136892318726,0.12349316477775574],[-0.009426556527614594,-0.9877088665962219,0.15601971745491028,0.09828853607177734],[-0.7332620620727539,-0.0992565006017685,-0.6726624965667725,1.0775710344314575]],"camera1":[[0.6798809170722961,-0.1207442432641983,-0.7233136892318726,0.12349316477775574],[-0.009426556527614594,-0.9877088665962219,0.15601971745491028,0.09828853607177734],[-0.7332620620727539,-0.0992565006017685,-0.6726624965667725,1.0775710344314575]],"full_resolution":[2064,2272],"relative_focal_length":[0.4356694221496582,0.4339345097541809],"screen_center":[0.3787437081336975,0.5965937376022339],"visualized_dimension":-1},{"camera0":[[0.6798809170722961,-0.1207442432641983,-0.7233136892318726,0.125449076294899],[-0.009426556527614594,-0.9877088665962219,0.15601971745491028,0.09826141595840454],[-0.7332620620727539,-0.0992565006017685,-0.6726624965667725,1.0754616260528564]],"camera1":[[0.6798809170722961,-0.1207442432641983,-0.7233136892318726,0.125449076294899],[-0.009426556527614594,-0.9877088665962219,0.15601971745491028,0.09826141595840454],[-0.7332620620727539,-0.0992565006017685,-0.6726624965667725,1.0754616260528564]],"full_resolution":[2064,2272],"relative_focal_length":[0.4356694221496582,0.4339345097541809],"screen_center":[0.6212562918663025,0.5965937376022339],"visualized_dimension":-1}]}
{"camera":{"aperture_size":0.0,"autofocus":false,"autofocus_depth":0.0,"autofocus_target":[0.5,0.5,0.5],"fov_axis":1,"matrix":[[0.8354878425598145,0.0031969177071005106,-0.5494995713233948,0.06258302927017212],[0.0,-0.999983012676239,-0.005817823112010956,0.09580390900373459],[-0.5495089888572693,0.004860684275627136,-0.8354735970497131,1.0180634260177612]],"relative_focal_length":[1.0,1.0],"scale":0.04736240580677986,"screen_center":[0.5008788108825684,0.49828702211380005],"zoom":1.0},"frame":6,"views":[{"camera0":[[0.6636250019073486,-0.12073703855276108,-0.738257646560669,0.12338526546955109],[-0.009036286734044552,-0.9881110191345215,0.1534760743379593,0.0982355996966362],[-0.7480109333992004,-0.0951794758439064,-0.6568260788917542,1.0772384405136108]],"camera1":[[0.6636250019073486,-0.12073703855276108,-0.738257646560669,0.12338526546955109],[-0.009036286734044552,-0.9881110191345215,0.1534760743379593,0.0982355996966362],[-0.7480109333992004,-0.0951794758439064,-0.6568260788917542,1.0772384405136108]],"full_resolution":[2064,2272],"relative_focal_length":[0.4356694221496582,0.4339345097541809],"screen_center":[0.3787437081336975,0.5965937376022339],"visualized_dimension":-1},{"camera0":[[0.6636250019073486,-0.12073703855276108,-0.738257646560669,0.12529441714286804],[-0.009036286734044552,-0.9881110191345215,0.1534760743379593,0.09820960462093353],[-0.7480109333992004,-0.0951794758439064,-0.6568260788917542,1.0750864744186401]],"camera1":[[0.6636250019073486,-0.12073703855276108,-0.738257646560669,0.12529441714286804],[-0.009036286734044552,-0.9881110191345215,0.1534760743379593,0.09820960462093353],[-0.7480109333992004,-0.0951794758439064,-0.6568260788917542,1.0750864744186401]],"full_resolution":[2064,2272],"relative_focal_length":[0.4356694221496582,0.4339345097541809],"screen_center":[0.6212562918663025,0.5965937376022339],"visualized_dimension":-1}]}
{"camera":{"aperture_size":0.0,"autofocus":false,"autofocus_depth":0.0,"autofocus_target":[0.5,0.5,0.5],"fov_axis":1,"matrix":[[0.8354878425598145,0.0031969177071005106,-0.5494995713233948,0.06258302927017212],[0.0,-0.999983012676239,-0.005817823112010956,0.09580390900373459],[-0.5495089888572693,0.004860684275627136,-0.8354735970497131,1.0180634260177612]],"relative_focal_length":[1.0,1.0],"scale":0.04736240580677986,"screen_center":[0.5008788108825684,0.49828702211380005],"zoom":1.0},"frame":7,"views":[{"camera0":[[0.6399626731872559,-0.13600625097751617,-0.7562738656997681,0.12312266230583191],[-0.021259989589452744,-0.9869683980941772,0.15950341522693634,0.09841129928827286],[-0.7681119441986084,-0.08599787950515747,-0.634514331817627,1.0765666961669922]],"camera1":[[0.6399626731872559,-0.13600625097751617,-0.7562738656997681,0.12312266230583191],[-0.021259989589452744,-0.9869683980941772,0.15950341522693634,0.09841129928827286],[-0.7681119441986084,-0.08599787950515747,-0.634514331817627,1.0765666961669922]],"full_resolution":[2064,2272],"relative_focal_length":[0.4356694221496582,0.4339345097541809],"screen_center":[0.3787437081336975,0.5965937376022339],"visualized_dimension":-1},{"camera0":[[0.6399626731872559,-0.13600625097751617,-0.7562738656997681,0.12496373057365417],[-0.021259989589452744,-0.9869683980941772,0.15950341522693634,0.09835013747215271],[-0.7681119441986084,-0.08599787950515747,-0.634514331817627,1.0743569135665894]],"camera1":[[0.6399626731872559,-0.13600625097751617,-0.7562738656997681,0.12496373057365417],[-0.021259989589452744,-0.9869683980941772,0.15950341522693634,0.09835013747215271],[-0.7681119441986084,-0.08599787950515747,-0.634514331817627,1.0743569135665894]],"full_resolution":[2064,2272],"relative_focal_length":[0.4356694221496582,0.4339345097541809],"screen_center":[0.6212562918663025,0.5965937376022339],"visualized_dimension":-1}]}
{"camera":{"aperture_size":0.0,"autofocus":false,"autofocus_depth":0.0,"autofocus_target":[0.5,0.5,0.5],"fov_axis":1,"matrix":[[0.8354878425598145,0.0031969177071005106,-0.5494995713233948,0.06258302927017212],[0.0,-0.999983012676239,-0.005817823112010956,0.09580390900373459],[-0.5495089888572693,0.004860684275627136,-0.8354735970497131,1.0180634260177612]],"relative_focal_length":[1.0,1.0],"scale":0.04736240580677986,"screen_center":[0.5008788108825684,0.49828702211380005],"zoom":1.0},"frame":8,"views":[{"camera0":[[0.6312455534934998,-0.14995479583740234,-0.7609485387802124,0.12302638590335846],[-0.03579345718026161,-0.9857180118560791,0.16455604135990143,0.09840191155672073],[-0.7747567892074585,-0.07663829624652863,-0.6275973916053772,1.0761617422103882]],"camera1":[[0.6312455534934998,-0.14995479583740234,-0.7609485387802124,0.12302638590335846],[-0.03579345718026161,-0.9857180118560791,0.16455604135990143,0.09840191155672073],[-0.7747567892074585,-0.07663829624652863,-0.6275973916053772,1.0761617422103882]],"full_resolution":[2064,2272],"relative_focal_length":[0.4356694221496582,0.4339345097541809],"screen_center":[0.3787437081336975,0.5965937376022339],"visualized_dimension":-1},{"camera0":[[0.6312455534934998,-0.14995479583740234,-0.7609485387802124,0.12484237551689148],[-0.03579345718026161,-0.9857180118560791,0.16455604135990143,0.09829893708229065],[-0.7747567892074585,-0.07663829624652863,-0.6275973916053772,1.0739328861236572]],"camera1":[[0.6312455534934998,-0.14995479583740234,-0.7609485387802124,0.12484237551689148],[-0.03579345718026161,-0.9857180118560791,0.16455604135990143,0.09829893708229065],[-0.7747567892074585,-0.07663829624652863,-0.6275973916053772,1.0739328861236572]],"full_resolution":[2064,2272],"relative_focal_length":[0.4356694221496582,0.4339345097541809],"screen_center":[0.6212562918663025,0.5965937376022339],"visualized_dimension":-1}]}
{"camera":{"aperture_size":0.0,"autofocus":false,"autofocus_depth":0.0,"autofocus_target":[0.5,0.5,0.5],"fov_axis":1,"matrix":[[0.8354878425598145,0.0031969177071005106,-0.5494995713233948,0.06258302927017212],[0.0,-0.999983012676239,-0.005817823112010956,0.09580390900373459],[-0.5495089888572693,0.004860684275627136,-0.8354735970497131,1.0180634260177612]],"relative_focal_length":[1.0,1.0],"scale":0.04736240580677986,"screen_center":[0.5008788108825684,0.49828702211380005],"zoom":1.0},"frame":9,"views":[{"camera0":[[0.6280537247657776,-0.16886994242668152,-0.7596259117126465,0.12283848226070404],[-0.04467001184821129,-0.982383668422699,0.18145759403705597,0.09861557185649872],[-0.7768868207931519,-0.08003263175487518,-0.6245330572128296,1.075687050819397]],"camera1":[[0.6280537247657776,-0.16886994242668152,-0.7596259117126465,0.12283848226070404],[-0.04467001184821129,-0.982383668422699,0.18145759403705597,0.09861557185649872],[-0.7768868207931519,-0.08003263175487518,-0.6245330572128296,1.075687050819397]],"full_resolution":[2064,2272],"relative_focal_length":[0.4356694221496582,0.4339345097541809],"screen_center":[0.3787437081336975,0.5965937376022339],"visualized_dimension":-1},{"camera0":[[0.6280537247657776,-0.16886994242668152,-0.7596259117126465,0.12464529275894165],[-0.04467001184821129,-0.982383668422699,0.18145759403705597,0.09848706424236298],[-0.7768868207931519,-0.08003263175487518,-0.6245330572128296,1.0734519958496094]],"camera1":[[0.6280537247657776,-0.16886994242668152,-0.7596259117126465,0.12464529275894165],[-0.04467001184821129,-0.982383668422699,0.18145759403705597,0.09848706424236298],[-0.7768868207931519,-0.08003263175487518,-0.6245330572128296,1.0734519958496094]],"full_resolution":[2064,2272],"relative_focal_length":[0.4356694221496582,0.4339345097541809],"screen_center":[0.6212562918663025,0.5965937376022339],"visualized_dimension":-1}]}
{"camera":{"aperture_size":0.0,"autofocus":false,"autofocus_depth":0.0,"autofocus_target":[0.5,0.5,0.5],"fov_axis":1,"matrix":[[0.8354878425598145,0.0031969177071005106,-0.5494995713233948,0.06258302927017212],[0.0,-0.999983012676239,-0.005817823112010956,0.09580390900373459],[-0.5495089888572693,0.004860684275627136,-0.8354735970497131,1.0180634260177612]],"relative_focal_length":[1.0,1.0],"scale":0.04736240580677986,"screen_center":[0.5008788108825684,0.49828702211380005],"zoom":1.0},"frame":10,"views":[{"camera0":[[0.6219253540039063,-0.1877446174621582,-0.7602372765541077,0.12254562973976135],[-0.060086704790592194,-0.9794130325317383,0.19271621108055115,0.09874693304300308],[-0.7807678580284119,-0.07417494058609009,-0.6204025745391846,1.074797511100769]],"camera1":[[0.6219253540039063,-0.1877446174621582,-0.7602372765541077,0.12254562973976135],[-0.060086704790592194,-0.9794130325317383,0.19271621108055115,0.09874693304300308],[-0.7807678580284119,-0.07417494058609009,-0.6204025745391846,1.074797511100769]],"full_resolution":[2064,2272],"relative_focal_length":[0.4356694221496582,0.4339345097541809],"screen_center":[0.3787437081336975,0.5965937376022339],"visualized_dimension":-1},{"camera0":[[0.6219253540039063,-0.1877446174621582,-0.7602372765541077,0.12433481216430664],[-0.060086704790592194,-0.9794130325317383,0.19271621108055115,0.09857407212257385],[-0.7807678580284119,-0.07417494058609009,-0.6204025745391846,1.0725513696670532]],"camera1":[[0.6219253540039063,-0.1877446174621582,-0.7602372765541077,0.12433481216430664],[-0.060086704790592194,-0.9794130325317383,0.19271621108055115,0.09857407212257385],[-0.7807678580284119,-0.07417494058609009,-0.6204025745391846,1.0725513696670532]],"full_resolution":[2064,2272],"relative_focal_length":[0.4356694221496582,0.4339345097541809],"screen_center":[0.6212562918663025,0.5965937376022339],"visualized_dimension":-1}]}
{"camera":{"aperture_size":0.0,"autofocus":false,"autofocus_depth":0.0,"autofocus_target":[0.5,0.5,0.5],"fov_axis":1,"matrix":[[0.8354878425598145,0.0031969177071005106,-0.5494995713233948,0.06258302927017212],[0.0,-0.999983012676239,-0.005817823112010956,0.09580390900373459],[-0.5495089888572693,0.004860684275627136,-0.8354735970497131,1.0180634260177612]],"relative_focal_length":[1.0,1.0],"scale":0.04736240580677986,"screen_center":[0.5008788108825684,0.49828702211380005],"zoom":1.0},"frame":10,"views":[{"camera0":[[0.6260455846786499,-0.1935512274503708,-0.7553838491439819,0.12236844003200531],[-0.06296690553426743,-0.9780904054641724,0.19842949509620667,0.09873863309621811],[-0.7772401571273804,-0.07666173577308655,-0.6245163679122925,1.0743135213851929]],"camera1":[[0.6260455846786499,-0.1935512274503708,-0.7553838491439819,0.12236844003200531],[-0.06296690553426743,-0.9780904054641724,0.19842949509620667,0.09873863309621811],[-0.7772401571273804,-0.07666173577308655,-0.6245163679122925,1.0743135213851929]],"full_resolution":[2064,2272],"relative_focal_length":[0.4356694221496582,0.4339345097541809],"screen_center":[0.3787437081336975,0.5965937376022339],"visualized_dimension":-1},{"camera0":[[0.6260455846786499,-0.1935512274503708,-0.7553838491439819,0.12416946887969971],[-0.06296690553426743,-0.9780904054641724,0.19842949509620667,0.0985574871301651],[-0.7772401571273804,-0.07666173577308655,-0.6245163679122925,1.0720775127410889]],"camera1":[[0.6260455846786499,-0.1935512274503708,-0.7553838491439819,0.12416946887969971],[-0.06296690553426743,-0.9780904054641724,0.19842949509620667,0.0985574871301651],[-0.7772401571273804,-0.07666173577308655,-0.6245163679122925,1.0720775127410889]],"full_resolution":[2064,2272],"relative_focal_length":[0.4356694221496582,0.4339345097541809],"screen_center":[0.6212562918663025,0.5965937376022339],"visualized_dimension":-1}]}
{"camera":{"aperture_size":0.0,"autofocus":false,"autofocus_depth":0.0,"autofocus_target":[0.5,0.5,0.5],"fov_axis":1,"matrix":[[0.8354878425598145,0.0031969177071005106,-0.5494995713233948,0.06258302927017212],[0.0,-0.999983012676239,-0.005817823112010956,0.09580390900373459],[-0.5495089888572693,0.004860684275627136,-0.8354735970497131,1.0180634260177612]],"relative_focal_length":[1.0,1.0],"scale":0.04736240580677986,"screen_center":[0.5008788108825684,0.49828702211380005],"zoom":1.0},"frame":10,"views":[{"camera0":[[0.6299678683280945,-0.20390534400939941,-0.7493751645088196,0.12197726964950562],[-0.07114582508802414,-0.9760119915008545,0.2057640254497528,0.09873903542757034],[-0.7733556032180786,-0.07630982995033264,-0.6293630599975586,1.0733269453048706]],"camera1":[[0.6299678683280945,-0.20390534400939941,-0.7493751645088196,0.12197726964950562],[-0.07114582508802414,-0.9760119915008545,0.2057640254497528,0.09873903542757034],[-0.7733556032180786,-0.07630982995033264,-0.6293630599975586,1.0733269453048706]],"full_resolution":[2064,2272],"relative_focal_length":[0.4356694221496582,0.4339345097541809],"screen_center":[0.3787437081336975,0.5965937376022339],"visualized_dimension":-1},{"camera0":[[0.6299678683280945,-0.20390534400939941,-0.7493751645088196,0.12378957867622375],[-0.07114582508802414,-0.9760119915008545,0.2057640254497528,0.09853436052799225],[-0.7733556032180786,-0.07630982995033264,-0.6293630599975586,1.0711021423339844]],"camera1":[[0.6299678683280945,-0.20390534400939941,-0.7493751645088196,0.12378957867622375],[-0.07114582508802414,-0.9760119915008545,0.2057640254497528,0.09853436052799225],[-0.7733556032180786,-0.07630982995033264,-0.6293630599975586,1.0711021423339844]],"full_resolution":[2064,2272],"relative_focal_length":[0.4356694221496582,0.4339345097541809],"screen_center":[0.6212562918663025,0.5965937376022339],"visualized_dimension":-1}]}
{"camera":{"aperture_size":0.0,"autofocus":false,"autofocus_depth":0.0,"autofocus_target":[0.5,0.5,0.5],"fov_axis":1,"matrix":[[0.8354878425598145,0.0031969177071005106,-0.5494995713233948,0.06258302927017212],[0.0,-0.999983012676239,-0.005817823112010956,0.09580390900373459],[-0.5495089888572693,0.004860684275627136,-0.8354735970497131,1.0180634260177612]],"relative_focal_length":[1.0,1.0],"scale":0.04736240580677986,"screen_center":[0.5008788108825684,0.49828702211380005],"zoom":1.0},"frame":11,"views":[{"camera0":[[0.6339466571807861,-0.20706641674041748,-0.7451410293579102,0.12176945805549622],[-0.07440964877605438,-0.9753512144088745,0.20773343741893768,0.09874492883682251],[-0.769788920879364,-0.0762462317943573,-0.6337282061576843,1.072812795639038]],"camera1":[[0.6339466571807861,-0.20706641674041748,-0.7451410293579102,0.12176945805549622],[-0.07440964877605438,-0.9753512144088745,0.20773343741893768,0.09874492883682251],[-0.769788920879364,-0.0762462317943573,-0.6337282061576843,1.072812795639038]],"full_resolution":[2064,2272],"relative_focal_length":[0.4356694221496582,0.4339345097541809],"screen_center":[0.3787437081336975,0.5965937376022339],"visualized_dimension":-1},{"camera0":[[0.6339466571807861,-0.20706641674041748,-0.7451410293579102,0.12359322607517242],[-0.07440964877605438,-0.9753512144088745,0.20773343741893768,0.09853086620569229],[-0.769788920879364,-0.0762462317943573,-0.6337282061576843,1.0705982446670532]],"camera1":[[0.6339466571807861,-0.20706641674041748,-0.7451410293579102,0.12359322607517242],[-0.07440964877605438,-0.9753512144088745,0.20773343741893768,0.09853086620569229],[-0.769788920879364,-0.0762462317943573,-0.6337282061576843,1.0705982446670532]],"full_resolution":[2064,2272],"relative_focal_length":[0.4356694221496582,0.4339345097541809],"screen_center":[0.6212562918663025,0.5965937376022339],"visualized_dimension":-1}]}
{"camera":{"aperture_size":0.0,"autofocus":false,"autofocus_depth":0.0,"autofocus_target":[0.5,0.5,0.5],"fov_axis":1,"matrix":[[0.8354878425598145,0.0031969177071005106,-0.5494995713233948,0.06258302927017212],[0.0,-0.999983012676239,-0.005817823112010956,0.09580390900373459],[-0.5495089888572693,0.004860684275627136,-0.8354735970497131,1.0180634260177612]],"relative_focal_length":[1.0,1.0],"scale":0.04736240580677986,"screen_center":[0.5008788108825684,0.49828702211380005],"zoom":1.0},"frame":11,"views":[{"camera0":[[0.638689398765564,-0.20410221815109253,-0.7419017553329468,0.1215377151966095],[-0.07898062467575073,-0.9764756560325623,0.20064212381839752,0.09871550649404526],[-0.7654005885124207,-0.06955214589834213,-0.6397846341133118,1.0723106861114502]],"camera1":[[0.638689398765564,-0.20410221815109253,-0.7419017553329468,0.1215377151966095],[-0.07898062467575073,-0.9764756560325623,0.20064212381839752,0.09871550649404526],[-0.7654005885124207,-0.06955214589834213,-0.6397846341133118,1.0723106861114502]],"full_resolution":[2064,2272],"relative_focal_length":[0.4356694221496582,0.4339345097541809],"screen_center":[0.3787437081336975,0.5965937376022339],"visualized_dimension":-1},{"camera0":[[0.638689398765564,-0.20410221815109253,-0.7419017553329468,0.12337513267993927],[-0.07898062467575073,-0.9764756560325623,0.20064212381839752,0.09848829358816147],[-0.7654005885124207,-0.06955214589834213,-0.6397846341133118,1.0701087713241577]],"camera1":[[0.638689398765564,-0.20410221815109253,-0.7419017553329468,0.12337513267993927],[-0.07898062467575073,-0.9764756560325623,0.20064212381839752,0.09848829358816147],[-0.7654005885124207,-0.06955214589834213,-0.6397846341133118,1.0701087713241577]],"full_resolution":[2064,2272],"relative_focal_length":[0.4356694221496582,0.4339345097541809],"screen_center":[0.6212562918663025,0.5965937376022339],"visualized_dimension":-1}]}
{"camera":{"aperture_size":0.0,"autofocus":false,"autofocus_depth":0.0,"autofocus_target":[0.5,0.5,0.5],"fov_axis":1,"matrix":[[0.8354878425598145,0.0031969177071005106,-0.5494995713233948,0.06258302927017212],[0.0,-0.999983012676239,-0.005817823112010956,0.09580390900373459],[-0.5495089888572693,0.004860684275627136,-0.8354735970497131,1.0180634260177612]],"relative_focal_length":[1.0,1.0],"scale":0.04736240580677986,"screen_center":[0.5008788108825684,0.49828702211380005],"zoom":1.0},"frame":11,"views":[{"camera0":[[0.6420095562934875,-0.1968332976102829,-0.7409995794296265,0.1213303804397583],[-0.0795084685087204,-0.9783649444580078,0.19099819660186768,0.09871786832809448],[-0.7625629901885986,-0.0637069121003151,-0.643769383430481,1.071799635887146]],"camera1":[[0.6420095562934875,-0.1968332976102829,-0.7409995794296265,0.1213303804397583],[-0.0795084685087204,-0.9783649444580078,0.19099819660186768,0.09871786832809448],[-0.7625629901885986,-0.0637069121003151,-0.643769383430481,1.071799635887146]],"full_resolution":[2064,2272],"relative_focal_length":[0.4356694221496582,0.4339345097541809],"screen_center":[0.3787437081336975,0.5965937376022339],"visualized_dimension":-1},{"camera0":[[0.6420095562934875,-0.1968332976102829,-0.7409995794296265,0.12317734956741333],[-0.0795084685087204,-0.9783649444580078,0.19099819660186768,0.09848913550376892],[-0.7625629901885986,-0.0637069121003151,-0.643769383430481,1.069605827331543]],"camera1":[[0.6420095562934875,-0.1968332976102829,-0.7409995794296265,0.12317734956741333],[-0.0795084685087204,-0.9783649444580078,0.19099819660186768,0.09848913550376892],[-0.7625629901885986,-0.0637069121003151,-0.643769383430481,1.069605827331543]],"full_resolution":[2064,2272],"relative_focal_length":[0.4356694221496582,0.4339345097541809],"screen_center":[0.6212562918663025,0.5965937376022339],"visualized_dimension":-1}]}
{"camera":{"aperture_size":0.0,"autofocus":false,"autofocus_depth":0.0,"autofocus_target":[0.5,0.5,0.5],"fov_axis":1,"matrix":[[0.8354878425598145,0.0031969177071005106,-0.5494995713233948,0.06258302927017212],[0.0,-0.999983012676239,-0.005817823112010956,0.09580390900373459],[-0.5495089888572693,0.004860684275627136,-0.8354735970497131,1.0180634260177612]],"relative_focal_length":[1.0,1.0],"scale":0.04736240580677986,"screen_center":[0.5008788108825684,0.49828702211380005],"zoom":1.0},"frame":12,"views":[{"camera0":[[0.6432176828384399,-0.1933934986591339,-0.7408575415611267,0.12109881639480591],[-0.07675023376941681,-0.9789884686470032,0.18892008066177368,0.09876403212547302],[-0.7618271708488464,-0.06465576589107513,-0.6445455551147461,1.0713053941726685]],"camera1":[[0.6432176828384399,-0.1933934986591339,-0.7408575415611267,0.12109881639480591],[-0.07675023376941681,-0.9789884686470032,0.18892008066177368,0.09876403212547302],[-0.7618271708488464,-0.06465576589107513,-0.6445455551147461,1.0713053941726685]],"full_resolution":[2064,2272],"relative_focal_length":[0.4356694221496582,0.4339345097541809],"screen_center":[0.3787437081336975,0.5965937376022339],"visualized_dimension":-1},{"camera0":[[0.6432176828384399,-0.1933934986591339,-0.7408575415611267,0.12294924259185791],[-0.07675023376941681,-0.9789884686470032,0.18892008066177368,0.09854323416948318],[-0.7618271708488464,-0.06465576589107513,-0.6445455551147461,1.0691137313842773]],"camera1":[[0.6432176828384399,-0.1933934986591339,-0.7408575415611267,0.12294924259185791],[-0.07675023376941681,-0.9789884686470032,0.18892008066177368,0.09854323416948318],[-0.7618271708488464,-0.06465576589107513,-0.6445455551147461,1.0691137313842773]],"full_resolution":[2064,2272],"relative_focal_length":[0.4356694221496582,0.4339345097541809],"screen_center":[0.6212562918663025,0.5965937376022339],"visualized_dimension":-1}]}
{"camera":{"aperture_size":0.0,"autofocus":false,"autofocus_depth":0.0,"autofocus_target":[0.5,0.5,0.5],"fov_axis":1,"matrix":[[0.8354878425598145,0.0031969177071005106,-0.5494995713233948,0.06258302927017212],[0.0,-0.999983012676239,-0.005817823112010956,0.09580390900373459],[-0.5495089888572693,0.004860684275627136,-0.8354735970497131,1.0180634260177612]],"relative_focal_length":[1.0,1.0],"scale":0.04736240580677986,"screen_center":[0.5008788108825684,0.49828702211380005],"zoom":1.0},"frame":12,"views":[{"camera0":[[0.6441136598587036,-0.19493736326694489,-0.7396735548973083,0.12087854743003845],[-0.07878022640943527,-0.9787458777427673,0.1893412321805954,0.09878574311733246],[-0.7608621716499329,-0.06368564069271088,-0.6457807421684265,1.0708119869232178]],"camera1":[[0.6441136598587036,-0.19493736326694489,-0.7396735548973083,0.12087854743003845],[-0.07878022640943527,-0.9787458777427673,0.1893412321805954,0.09878574311733246],[-0.7608621716499329,-0.06368564069271088,-0.6457807421684265,1.0708119869232178]],"full_resolution":[2064,2272],"relative_focal_length":[0.4356694221496582,0.4339345097541809],"screen_center":[0.3787437081336975,0.5965937376022339],"visualized_dimension":-1},{"camera0":[[0.6441136598587036,-0.19493736326694489,-0.7396735548973083,0.12273155152797699],[-0.07878022640943527,-0.9787458777427673,0.1893412321805954,0.09855910390615463],[-0.7608621716499329,-0.06368564069271088,-0.6457807421684265,1.0686230659484863]],"camera1":[[0.6441136598587036,-0.19493736326694489,-0.7396735548973083,0.12273155152797699],[-0.07878022640943527,-0.9787458777427673,0.1893412321805954,0.09855910390615463],[-0.7608621716499329,-0.06368564069271088,-0.6457807421684265,1.0686230659484863]],"full_resolution":[2064,2272],"relative_focal_length":[0.4356694221496582,0.4339345097541809],"screen_center":[0.6212562918663025,0.5965937376022339],"visualized_dimension":-1}]}
{"camera":{"aperture_size":0.0,"autofocus":false,"autofocus_depth":0.0,"autofocus_target":[0.5,0.5,0.5],"fov_axis":1,"matrix":[[0.8354878425598145,0.0031969177071005106,-0.5494995713233948,0.06258302927017212],[0.0,-0.999983012676239,-0.005817823112010956,0.09580390900373459],[-0.5495089888572693,0.004860684275627136,-0.8354735970497131,1.0180634260177612]],"relative_focal_length":[1.0,1.0],"scale":0.04736240580677986,"screen_center":[0.5008788108825684,0.49828702211380005],"zoom":1.0},"frame":12,"views":[{"camera0":[[0.641677737236023,-0.19744578003883362,-0.7411240935325623,0.12065793573856354],[-0.08019104599952698,-0.978270947933197,0.19119426608085632,0.09879905730485916],[-0.7627707719802856,-0.06325358897447586,-0.6435679197311401,1.0703445672988892]],"camera1":[[0.641677737236023,-0.19744578003883362,-0.7411240935325623,0.12065793573856354],[-0.08019104599952698,-0.978270947933197,0.19119426608085632,0.09879905730485916],[-0.7627707719802856,-0.06325358897447586,-0.6435679197311401,1.0703445672988892]],"full_resolution":[2064,2272],"relative_focal_length":[0.4356694221496582,0.4339345097541809],"screen_center":[0.3787437081336975,0.5965937376022339],"visualized_dimension":-1},{"camera0":[[0.641677737236023,-0.19744578003883362,-0.7411240935325623,0.12250395119190216],[-0.08019104599952698,-0.978270947933197,0.19119426608085632,0.09856835752725601],[-0.7627707719802856,-0.06325358897447586,-0.6435679197311401,1.0681501626968384]],"camera1":[[0.641677737236023,-0.19744578003883362,-0.7411240935325623,0.12250395119190216],[-0.08019104599952698,-0.978270947933197,0.19119426608085632,0.09856835752725601],[-0.7627707719802856,-0.06325358897447586,-0.6435679197311401,1.0681501626968384]],"full_resolution":[2064,2272],"relative_focal_length":[0.4356694221496582,0.4339345097541809],"screen_center":[0.6212562918663025,0.5965937376022339],"visualized_dimension":-1}]}
{"camera":{"aperture_size":0.0,"autofocus":false,"autofocus_depth":0.0,"autofocus_target":[0.5,0.5,0.5],"fov_axis":1,"matrix":[[0.8354878425598145,0.0031969177071005106,-0.5494995713233948,0.06258302927017212],[0.0,-0.999983012676239,-0.005817823112010956,0.09580390900373459],[-0.5495089888572693,0.004860684275627136,-0.8354735970497131,1.0180634260177612]],"relative_focal_length":[1.0,1.0],"scale":0.04736240580677986,"screen_center":[0.5008788108825684,0.49828702211380005],"zoom":1.0},"frame":13,"views":[{"camera0":[[0.6410123109817505,-0.19850262999534607,-0.7414175271987915,0.12044409662485123],[-0.08133990317583084,-0.9781069159507751,0.19154778122901917,0.09881366789340973],[-0.7632083892822266,-0.06247764825820923,-0.6431246399879456,1.0698586702346802]],"camera1":[[0.6410123109817505,-0.19850262999534607,-0.7414175271987915,0.12044409662485123],[-0.08133990317583084,-0.9781069159507751,0.19154778122901917,0.09881366789340973],[-0.7632083892822266,-0.06247764825820923,-0.6431246399879456,1.0698586702346802]],"full_resolution":[2064,2272],"relative_focal_length":[0.4356694221496582,0.4339345097541809],"screen_center":[0.3787437081336975,0.5965937376022339],"visualized_dimension":-1},{"camera0":[[0.6410123109817505,-0.19850262999534607,-0.7414175271987915,0.12228819727897644],[-0.08133990317583084,-0.9781069159507751,0.19154778122901917,0.09857966750860214],[-0.7632083892822266,-0.06247764825820923,-0.6431246399879456,1.0676630735397339]],"camera1":[[0.6410123109817505,-0.19850262999534607,-0.7414175271987915,0.12228819727897644],[-0.08133990317583084,-0.9781069159507751,0.19154778122901917,0.09857966750860214],[-0.7632083892822266,-0.06247764825820923,-0.6431246399879456,1.0676630735397339]],"full_resolution":[2064,2272],"relative_focal_length":[0.4356694221496582,0.4339345097541809],"screen_center":[0.6212562918663025,0.5965937376022339],"visualized_dimension":-1}]}
{"camera":{"aperture_size":0.0,"autofocus":false,"autofocus_depth":0.0,"autofocus_target":[0.5,0.5,0.5],"fov_axis":1,"matrix":[[0.8354878425598145,0.0031969177071005106,-0.5494995713233948,0.06258302927017212],[0.0,-0.999983012676239,-0.005817823112010956,0.09580390900373459],[-0.5495089888572693,0.004860684275627136,-0.8354735970497131,1.0180634260177612]],"relative_focal_length":[1.0,1.0],"scale":0.04736240580677986,"screen_center":[0.5008788108825684,0.49828702211380005],"zoom":1.0},"frame":13,"views":[{"camera0":[[0.6313333511352539,-0.19981491565704346,-0.7493278384208679,0.12019132822751999],[-0.07272954285144806,-0.9772335886955261,0.19931092858314514,0.09883935004472733],[-0.7720937728881836,-0.07133336365222931,-0.6314924359321594,1.069441318511963]],"camera1":[[0.6313333511352539,-0.19981491565704346,-0.7493278384208679,0.12019132822751999],[-0.07272954285144806,-0.9772335886955261,0.19931092858314514,0.09883935004472733],[-0.7720937728881836,-0.07133336365222931,-0.6314924359321594,1.069441318511963]],"full_resolution":[2064,2272],"relative_focal_length":[0.4356694221496582,0.4339345097541809],"screen_center":[0.3787437081336975,0.5965937376022339],"visualized_dimension":-1},{"camera0":[[0.6313333511352539,-0.19981491565704346,-0.7493278384208679,0.1220075786113739],[-0.07272954285144806,-0.9772335886955261,0.19931092858314514,0.09863011538982391],[-0.7720937728881836,-0.07133336365222931,-0.6314924359321594,1.0672200918197632]],"camera1":[[0.6313333511352539,-0.19981491565704346,-0.7493278384208679,0.1220075786113739],[-0.07272954285144806,-0.9772335886955261,0.19931092858314514,0.09863011538982391],[-0.7720937728881836,-0.07133336365222931,-0.6314924359321594,1.0672200918197632]],"full_resolution":[2064,2272],"relative_focal_length":[0.4356694221496582,0.4339345097541809],"screen_center":[0.6212562918663025,0.5965937376022339],"visualized_dimension":-1}]}
{"camera":{"aperture_size":0.0,"autofocus":false,"autofocus_depth":0.0,"autofocus_target":[0.5,0.5,0.5],"fov_axis":1,"matrix":[[0.8354878425598145,0.0031969177071005106,-0.5494995713233948,0.06258302927017212],[0.0,-0.999983012676239,-0.005817823112010956,0.09580390900373459],[-0.5495089888572693,0.004860684275627136,-0.8354735970497131,1.0180634260177612]],"relative_focal_length":[1.0,1.0],"scale":0.04736240580677986,"screen_center":[0.5008788108825684,0.49828702211380005],"zoom":1.0},"frame":13,"views":[{"camera0":[[0.627389669418335,-0.19644784927368164,-0.7535187602043152,0.11995750665664673],[-0.07086359709501266,-0.9780437350273132,0.19598115980625153,0.09880028665065765],[-0.7754744291305542,-0.06955952197313309,-0.6275354027748108,1.0690346956253052]],"camera1":[[0.627389669418335,-0.19644784927368164,-0.7535187602043152,0.11995750665664673],[-0.07086359709501266,-0.9780437350273132,0.19598115980625153,0.09880028665065765],[-0.7754744291305542,-0.06955952197313309,-0.6275354027748108,1.0690346956253052]],"full_resolution":[2064,2272],"relative_focal_length":[0.4356694221496582,0.4339345097541809],"screen_center":[0.3787437081336975,0.5965937376022339],"visualized_dimension":-1},{"camera0":[[0.627389669418335,-0.19644784927368164,-0.7535187602043152,0.12176240980625153],[-0.07086359709501266,-0.9780437350273132,0.19598115980625153,0.09859642386436462],[-0.7754744291305542,-0.06955952197313309,-0.6275354027748108,1.0668038129806519]],"camera1":[[0.627389669418335,-0.19644784927368164,-0.7535187602043152,0.12176240980625153],[-0.07086359709501266,-0.9780437350273132,0.19598115980625153,0.09859642386436462],[-0.7754744291305542,-0.06955952197313309,-0.6275354027748108,1.0668038129806519]],"full_resolution":[2064,2272],"relative_focal_length":[0.4356694221496582,0.4339345097541809],"screen_center":[0.6212562918663025,0.5965937376022339],"visualized_dimension":-1}]}
