{"camera":{"aperture_size":0.0,"autofocus":false,"autofocus_depth":0.0,"autofocus_target":[0.5,0.5,0.5],"fov_axis":1,"matrix":[[0.8354878425598145,0.0031969177071005106,-0.5494995713233948,0.0796300396323204],[0.0,-0.999983012676239,-0.005817823112010956,0.09627433866262436],[-0.5495089888572693,0.004860684275627136,-0.8354735970497131,0.957943856716156]],"relative_focal_length":[1.0,1.0],"scale":0.04736240580677986,"screen_center":[0.5008788108825684,0.49828702211380005],"zoom":1.0},"frame":1,"views":[{"camera0":[[0.5964629054069519,-0.028364397585392,0.8021392226219177,0.17999136447906494],[-0.04989204555749893,-0.9987529516220093,0.0017824284732341766,0.09845413267612457],[0.801088273525238,-0.041083551943302155,-0.5971344113349915,1.0105973482131958]],"camera1":[[0.5964629054069519,-0.028364397585392,0.8021392226219177,0.17999136447906494],[-0.04989204555749893,-0.9987529516220093,0.0017824284732341766,0.09845413267612457],[0.801088273525238,-0.041083551943302155,-0.5971344113349915,1.0105973482131958]],"full_resolution":[2064,2272],"relative_focal_length":[0.4356694221496582,0.4339345097541809],"screen_center":[0.3787437081336975,0.5965937376022339],"visualized_dimension":-1},{"camera0":[[0.5964629054069519,-0.028364397585392,0.8021392226219177,0.18170729279518127],[-0.04989204555749893,-0.9987529516220093,0.0017824284732341766,0.09831059724092484],[0.801088273525238,-0.041083551943302155,-0.5971344113349915,1.012902021408081]],"camera1":[[0.5964629054069519,-0.028364397585392,0.8021392226219177,0.18170729279518127],[-0.04989204555749893,-0.9987529516220093,0.0017824284732341766,0.09831059724092484],[0.801088273525238,-0.041083551943302155,-0.5971344113349915,1.012902021408081]],"full_resolution":[2064,2272],"relative_focal_length":[0.4356694221496582,0.4339345097541809],"screen_center":[0.6212562918663025,0.5965937376022339],"visualized_dimension":-1}]}
{"camera":{"aperture_size":0.0,"autofocus":false,"autofocus_depth":0.0,"autofocus_target":[0.5,0.5,0.5],"fov_axis":1,"matrix":[[0.8354878425598145,0.0031969177071005106,-0.5494995713233948,0.08013922721147537],[0.0,-0.999983012676239,-0.005817823112010956,0.09606792032718658],[-0.5495089888572693,0.004860684275627136,-0.8354735970497131,0.9580212831497192]],"relative_focal_length":[1.0,1.0],"scale":0.04736240580677986,"screen_center":[0.5008788108825684,0.49828702211380005],"zoom":1.0},"frame":2,"views":[{"camera0":[[0.5853810906410217,-0.012355035170912743,0.8106641173362732,0.18026092648506165],[-0.05466148629784584,-0.9982101917266846,0.02425777167081833,0.09869303554296494],[0.8089134097099304,-0.05851218104362488,-0.5850088596343994,1.0109742879867554]],"camera1":[[0.5853810906410217,-0.012355035170912743,0.8106641173362732,0.18026092648506165],[-0.05466148629784584,-0.9982101917266846,0.02425777167081833,0.09869303554296494],[0.8089134097099304,-0.05851218104362488,-0.5850088596343994,1.0109742879867554]],"full_resolution":[2064,2272],"relative_focal_length":[0.4356694221496582,0.4339345097541809],"screen_center":[0.3787437081336975,0.5965937376022339],"visualized_dimension":-1},{"camera0":[[0.5853810906410217,-0.012355035170912743,0.8106641173362732,0.18194496631622314],[-0.05466148629784584,-0.9982101917266846,0.02425777167081833,0.09853578358888626],[0.8089134097099304,-0.05851218104362488,-0.5850088596343994,1.0133013725280762]],"camera1":[[0.5853810906410217,-0.012355035170912743,0.8106641173362732,0.18194496631622314],[-0.05466148629784584,-0.9982101917266846,0.02425777167081833,0.09853578358888626],[0.8089134097099304,-0.05851218104362488,-0.5850088596343994,1.0133013725280762]],"full_resolution":[2064,2272],"relative_focal_length":[0.4356694221496582,0.4339345097541809],"screen_center":[0.6212562918663025,0.5965937376022339],"visualized_dimension":-1}]}
{"camera":{"aperture_size":0.0,"autofocus":false,"autofocus_depth":0.0,"autofocus_target":[0.5,0.5,0.5],"fov_axis":1,"matrix":[[0.8354878425598145,0.0031969177071005106,-0.5494995713233948,0.08107706159353256],[0.0,-0.999983012676239,-0.005817823112010956,0.09560844302177429],[-0.5495089888572693,0.004860684275627136,-0.8354735970497131,0.9579932689666748]],"relative_focal_length":[1.0,1.0],"scale":0.04736240580677986,"screen_center":[0.5008788108825684,0.49828702211380005],"zoom":1.0},"frame":3,"views":[{"camera0":[[0.5879629850387573,0.008100967854261398,0.808847188949585,0.18010461330413818],[-0.04348443076014519,-0.998187243938446,0.041606806218624115,0.09859311580657959],[0.8077179193496704,-0.05963556095957756,-0.5865451097488403,1.0113632678985596]],"camera1":[[0.5879629850387573,0.008100967854261398,0.808847188949585,0.18010461330413818],[-0.04348443076014519,-0.998187243938446,0.041606806218624115,0.09859311580657959],[0.8077179193496704,-0.05963556095957756,-0.5865451097488403,1.0113632678985596]],"full_resolution":[2064,2272],"relative_focal_length":[0.4356694221496582,0.4339345097541809],"screen_center":[0.3787437081336975,0.5965937376022339],"visualized_dimension":-1},{"camera0":[[0.5879629850387573,0.008100967854261398,0.808847188949585,0.1817961037158966],[-0.04348443076014519,-0.998187243938446,0.041606806218624115,0.09846802055835724],[0.8077179193496704,-0.05963556095957756,-0.5865451097488403,1.0136868953704834]],"camera1":[[0.5879629850387573,0.008100967854261398,0.808847188949585,0.1817961037158966],[-0.04348443076014519,-0.998187243938446,0.041606806218624115,0.09846802055835724],[0.8077179193496704,-0.05963556095957756,-0.5865451097488403,1.0136868953704834]],"full_resolution":[2064,2272],"relative_focal_length":[0.4356694221496582,0.4339345097541809],"screen_center":[0.6212562918663025,0.5965937376022339],"visualized_dimension":-1}]}
{"camera":{"aperture_size":0.0,"autofocus":false,"autofocus_depth":0.0,"autofocus_target":[0.5,0.5,0.5],"fov_axis":1,"matrix":[[0.8354878425598145,0.0031969177071005106,-0.5494995713233948,0.08301723748445511],[0.0,-0.999983012676239,-0.005817823112010956,0.09505067765712738],[-0.5495089888572693,0.004860684275627136,-0.8354735970497131,0.9578403830528259]],"relative_focal_length":[1.0,1.0],"scale":0.04736240580677986,"screen_center":[0.5008788108825684,0.49828702211380005],"zoom":1.0},"frame":4,"views":[{"camera0":[[0.594004213809967,0.04609307274222374,0.8031403422355652,0.1792106330394745],[-0.024340379983186722,-0.996870219707489,0.07521367073059082,0.09826953709125519],[0.8040935397148132,-0.06422602385282516,-0.5910232663154602,1.011852502822876]],"camera1":[[0.594004213809967,0.04609307274222374,0.8031403422355652,0.1792106330394745],[-0.024340379983186722,-0.996870219707489,0.07521367073059082,0.09826953709125519],[0.8040935397148132,-0.06422602385282516,-0.5910232663154602,1.011852502822876]],"full_resolution":[2064,2272],"relative_focal_length":[0.4356694221496582,0.4339345097541809],"screen_center":[0.3787437081336975,0.5965937376022339],"visualized_dimension":-1},{"camera0":[[0.594004213809967,0.04609307274222374,0.8031403422355652,0.18091949820518494],[-0.024340379983186722,-0.996870219707489,0.07521367073059082,0.0981995165348053],[0.8040935397148132,-0.06422602385282516,-0.5910232663154602,1.0141657590866089]],"camera1":[[0.594004213809967,0.04609307274222374,0.8031403422355652,0.18091949820518494],[-0.024340379983186722,-0.996870219707489,0.07521367073059082,0.0981995165348053],[0.8040935397148132,-0.06422602385282516,-0.5910232663154602,1.0141657590866089]],"full_resolution":[2064,2272],"relative_focal_length":[0.4356694221496582,0.4339345097541809],"screen_center":[0.6212562918663025,0.5965937376022339],"visualized_dimension":-1}]}
{"camera":{"aperture_size":0.0,"autofocus":false,"autofocus_depth":0.0,"autofocus_target":[0.5,0.5,0.5],"fov_axis":1,"matrix":[[0.8354878425598145,0.0031969177071005106,-0.5494995713233948,0.08711415529251099],[0.0,-0.999983012676239,-0.005817823112010956,0.0949338898062706],[-0.5495089888572693,0.004860684275627136,-0.8354735970497131,0.9575482606887817]],"relative_focal_length":[1.0,1.0],"scale":0.04736240580677986,"screen_center":[0.5008788108825684,0.49828702211380005],"zoom":1.0},"frame":5,"views":[{"camera0":[[0.6060253381729126,0.10986272245645523,0.7878218293190002,0.17645347118377686],[0.01439950242638588,-0.991769015789032,0.12722675502300262,0.0977274551987648],[0.7953147888183594,-0.06575844436883926,-0.6026192307472229,1.0122390985488892]],"camera1":[[0.6060253381729126,0.10986272245645523,0.7878218293190002,0.17645347118377686],[0.01439950242638588,-0.991769015789032,0.12722675502300262,0.0977274551987648],[0.7953147888183594,-0.06575844436883926,-0.6026192307472229,1.0122390985488892]],"full_resolution":[2064,2272],"relative_focal_length":[0.4356694221496582,0.4339345097541809],"screen_center":[0.3787437081336975,0.5965937376022339],"visualized_dimension":-1},{"camera0":[[0.6060253381729126,0.10986272245645523,0.7878218293190002,0.17819690704345703],[0.01439950242638588,-0.991769015789032,0.12722675502300262,0.0977688804268837],[0.7953147888183594,-0.06575844436883926,-0.6026192307472229,1.0145270824432373]],"camera1":[[0.6060253381729126,0.10986272245645523,0.7878218293190002,0.17819690704345703],[0.01439950242638588,-0.991769015789032,0.12722675502300262,0.0977688804268837],[0.7953147888183594,-0.06575844436883926,-0.6026192307472229,1.0145270824432373]],"full_resolution":[2064,2272],"relative_focal_length":[0.4356694221496582,0.4339345097541809],"screen_center":[0.6212562918663025,0.5965937376022339],"visualized_dimension":-1}]}
{"camera":{"aperture_size":0.0,"autofocus":false,"autofocus_depth":0.0,"autofocus_target":[0.5,0.5,0.5],"fov_axis":1,"matrix":[[0.8354878425598145,0.0031969177071005106,-0.5494995713233948,0.08855658769607544],[0.0,-0.999983012676239,-0.005817823112010956,0.09495458006858826],[-0.5495089888572693,0.004860684275627136,-0.8354735970497131,0.9574640393257141]],"relative_focal_length":[1.0,1.0],"scale":0.04736240580677986,"screen_center":[0.5008788108825684,0.49828702211380005],"zoom":1.0},"frame":6,"views":[{"camera0":[[0.6201565861701965,0.13231725990772247,0.7732387185096741,0.17886099219322205],[0.03221018612384796,-0.989136278629303,0.14342853426933289,0.09767799079418182],[0.7838164567947388,-0.06404204666614532,-0.6176815032958984,1.0119115114212036]],"camera1":[[0.6201565861701965,0.13231725990772247,0.7732387185096741,0.17886099219322205],[0.03221018612384796,-0.989136278629303,0.14342853426933289,0.09767799079418182],[0.7838164567947388,-0.06404204666614532,-0.6176815032958984,1.0119115114212036]],"full_resolution":[2064,2272],"relative_focal_length":[0.4356694221496582,0.4339345097541809],"screen_center":[0.3787437081336975,0.5965937376022339],"visualized_dimension":-1},{"camera0":[[0.6201565861701965,0.13231725990772247,0.7732387185096741,0.18064507842063904],[0.03221018612384796,-0.989136278629303,0.14342853426933289,0.09777065366506577],[0.7838164567947388,-0.06404204666614532,-0.6176815032958984,1.0141663551330566]],"camera1":[[0.6201565861701965,0.13231725990772247,0.7732387185096741,0.18064507842063904],[0.03221018612384796,-0.989136278629303,0.14342853426933289,0.09777065366506577],[0.7838164567947388,-0.06404204666614532,-0.6176815032958984,1.0141663551330566]],"full_resolution":[2064,2272],"relative_focal_length":[0.4356694221496582,0.4339345097541809],"screen_center":[0.6212562918663025,0.5965937376022339],"visualized_dimension":-1}]}
{"camera":{"aperture_size":0.0,"autofocus":false,"autofocus_depth":0.0,"autofocus_target":[0.5,0.5,0.5],"fov_axis":1,"matrix":[[0.8354878425598145,0.0031969177071005106,-0.5494995713233948,0.08936100453138351],[0.0,-0.999983012676239,-0.005817823112010956,0.09488209336996078],[-0.5495089888572693,0.004860684275627136,-0.8354735970497131,0.9573680758476257]],"relative_focal_length":[1.0,1.0],"scale":0.04736240580677986,"screen_center":[0.5008788108825684,0.49828702211380005],"zoom":1.0},"frame":7,"views":[{"camera0":[[0.6353821158409119,0.14262184500694275,0.7589126825332642,0.1793733835220337],[0.04040288180112839,-0.9875895977020264,0.15177053213119507,0.09768956899642944],[0.7711399793624878,-0.06577008217573166,-0.6332591772079468,1.0117777585983276]],"camera1":[[0.6353821158409119,0.14262184500694275,0.7589126825332642,0.1793733835220337],[0.04040288180112839,-0.9875895977020264,0.15177053213119507,0.09768956899642944],[0.7711399793624878,-0.06577008217573166,-0.6332591772079468,1.0117777585983276]],"full_resolution":[2064,2272],"relative_focal_length":[0.4356694221496582,0.4339345097541809],"screen_center":[0.3787437081336975,0.5965937376022339],"visualized_dimension":-1},{"camera0":[[0.6353821158409119,0.14262184500694275,0.7589126825332642,0.1812012791633606],[0.04040288180112839,-0.9875895977020264,0.15177053213119507,0.09780580550432205],[0.7711399793624878,-0.06577008217573166,-0.6332591772079468,1.0139962434768677]],"camera1":[[0.6353821158409119,0.14262184500694275,0.7589126825332642,0.1812012791633606],[0.04040288180112839,-0.9875895977020264,0.15177053213119507,0.09780580550432205],[0.7711399793624878,-0.06577008217573166,-0.6332591772079468,1.0139962434768677]],"full_resolution":[2064,2272],"relative_focal_length":[0.4356694221496582,0.4339345097541809],"screen_center":[0.6212562918663025,0.5965937376022339],"visualized_dimension":-1}]}
{"camera":{"aperture_size":0.0,"autofocus":false,"autofocus_depth":0.0,"autofocus_target":[0.5,0.5,0.5],"fov_axis":1,"matrix":[[0.8354878425598145,0.0031969177071005106,-0.5494995713233948,0.09016350656747818],[0.0,-0.999983012676239,-0.005817823112010956,0.09479297697544098],[-0.5495089888572693,0.004860684275627136,-0.8354735970497131,0.9572116136550903]],"relative_focal_length":[1.0,1.0],"scale":0.04736240580677986,"screen_center":[0.5008788108825684,0.49828702211380005],"zoom":1.0},"frame":8,"views":[{"camera0":[[0.6506526470184326,0.1579236090183258,0.7427727580070496,0.17927613854408264],[0.06373586505651474,-0.9860419034957886,0.15381477773189545,0.09749482572078705],[0.7566959261894226,-0.052738793194293976,-0.6516362428665161,1.0116857290267944]],"camera1":[[0.6506526470184326,0.1579236090183258,0.7427727580070496,0.17927613854408264],[0.06373586505651474,-0.9860419034957886,0.15381477773189545,0.09749482572078705],[0.7566959261894226,-0.052738793194293976,-0.6516362428665161,1.0116857290267944]],"full_resolution":[2064,2272],"relative_focal_length":[0.4356694221496582,0.4339345097541809],"screen_center":[0.3787437081336975,0.5965937376022339],"visualized_dimension":-1},{"camera0":[[0.6506526470184326,0.1579236090183258,0.7427727580070496,0.1811479777097702],[0.06373586505651474,-0.9860419034957886,0.15381477773189545,0.09767818450927734],[0.7566959261894226,-0.052738793194293976,-0.6516362428665161,1.0138626098632813]],"camera1":[[0.6506526470184326,0.1579236090183258,0.7427727580070496,0.1811479777097702],[0.06373586505651474,-0.9860419034957886,0.15381477773189545,0.09767818450927734],[0.7566959261894226,-0.052738793194293976,-0.6516362428665161,1.0138626098632813]],"full_resolution":[2064,2272],"relative_focal_length":[0.4356694221496582,0.4339345097541809],"screen_center":[0.6212562918663025,0.5965937376022339],"visualized_dimension":-1}]}
{"camera":{"aperture_size":0.0,"autofocus":false,"autofocus_depth":0.0,"autofocus_target":[0.5,0.5,0.5],"fov_axis":1,"matrix":[[0.8354878425598145,0.0031969177071005106,-0.5494995713233948,0.0916210189461708],[0.0,-0.999983012676239,-0.005817823112010956,0.09476673603057861],[-0.5495089888572693,0.004860684275627136,-0.8354735970497131,0.9569748044013977]],"relative_focal_length":[1.0,1.0],"scale":0.04736240580677986,"screen_center":[0.5008788108825684,0.49828702211380005],"zoom":1.0},"frame":9,"views":[{"camera0":[[0.6716045141220093,0.1853708028793335,0.7173458933830261,0.17833922803401947],[0.08673854917287827,-0.9812095165252686,0.17234870791435242,0.09728480875492096],[0.7358149290084839,-0.05352870374917984,-0.6750636696815491,1.0115609169006348]],"camera1":[[0.6716045141220093,0.1853708028793335,0.7173458933830261,0.17833922803401947],[0.08673854917287827,-0.9812095165252686,0.17234870791435242,0.09728480875492096],[0.7358149290084839,-0.05352870374917984,-0.6750636696815491,1.0115609169006348]],"full_resolution":[2064,2272],"relative_focal_length":[0.4356694221496582,0.4339345097541809],"screen_center":[0.3787437081336975,0.5965937376022339],"visualized_dimension":-1},{"camera0":[[0.6716045141220093,0.1853708028793335,0.7173458933830261,0.18027132749557495],[0.08673854917287827,-0.9812095165252686,0.17234870791435242,0.09753434360027313],[0.7358149290084839,-0.05352870374917984,-0.6750636696815491,1.013677716255188]],"camera1":[[0.6716045141220093,0.1853708028793335,0.7173458933830261,0.18027132749557495],[0.08673854917287827,-0.9812095165252686,0.17234870791435242,0.09753434360027313],[0.7358149290084839,-0.05352870374917984,-0.6750636696815491,1.013677716255188]],"full_resolution":[2064,2272],"relative_focal_length":[0.4356694221496582,0.4339345097541809],"screen_center":[0.6212562918663025,0.5965937376022339],"visualized_dimension":-1}]}
{"camera":{"aperture_size":0.0,"autofocus":false,"autofocus_depth":0.0,"autofocus_target":[0.5,0.5,0.5],"fov_axis":1,"matrix":[[0.8354878425598145,0.0031969177071005106,-0.5494995713233948,0.09234140068292618],[0.0,-0.999983012676239,-0.005817823112010956,0.09482653439044952],[-0.5495089888572693,0.004860684275627136,-0.8354735970497131,0.9568228721618652]],"relative_focal_length":[1.0,1.0],"scale":0.04736240580677986,"screen_center":[0.5008788108825684,0.49828702211380005],"zoom":1.0},"frame":10,"views":[{"camera0":[[0.6821987628936768,0.19663356244564056,0.7042300701141357,0.17895486950874329],[0.09984149038791656,-0.9791896939277649,0.17668917775154114,0.09722165763378143],[0.724317729473114,-0.050225820392370224,-0.6876344084739685,1.0113638639450073]],"camera1":[[0.6821987628936768,0.19663356244564056,0.7042300701141357,0.17895486950874329],[0.09984149038791656,-0.9791896939277649,0.17668917775154114,0.09722165763378143],[0.724317729473114,-0.050225820392370224,-0.6876344084739685,1.0113638639450073]],"full_resolution":[2064,2272],"relative_focal_length":[0.4356694221496582,0.4339345097541809],"screen_center":[0.3787437081336975,0.5965937376022339],"visualized_dimension":-1},{"camera0":[[0.6821987628936768,0.19663356244564056,0.7042300701141357,0.18091744184494019],[0.09984149038791656,-0.9791896939277649,0.17668917775154114,0.09750888496637344],[0.724317729473114,-0.050225820392370224,-0.6876344084739685,1.013447642326355]],"camera1":[[0.6821987628936768,0.19663356244564056,0.7042300701141357,0.18091744184494019],[0.09984149038791656,-0.9791896939277649,0.17668917775154114,0.09750888496637344],[0.724317729473114,-0.050225820392370224,-0.6876344084739685,1.013447642326355]],"full_resolution":[2064,2272],"relative_focal_length":[0.4356694221496582,0.4339345097541809],"screen_center":[0.6212562918663025,0.5965937376022339],"visualized_dimension":-1}]}
{"camera":{"aperture_size":0.0,"autofocus":false,"autofocus_depth":0.0,"autofocus_target":[0.5,0.5,0.5],"fov_axis":1,"matrix":[[0.8354878425598145,0.0031969177071005106,-0.5494995713233948,0.09302185475826263],[0.0,-0.999983012676239,-0.005817823112010956,0.09497087448835373],[-0.5495089888572693,0.004860684275627136,-0.8354735970497131,0.956679105758667]],"relative_focal_length":[1.0,1.0],"scale":0.04736240580677986,"screen_center":[0.5008788108825684,0.49828702211380005],"zoom":1.0},"frame":10,"views":[{"camera0":[[0.6928269863128662,0.20604762434959412,0.6910392045974731,0.17885622382164001],[0.10831552743911743,-0.9771711230278015,0.1827680617570877,0.09734614193439484],[0.7129223346710205,-0.051776450127363205,-0.6993287801742554,1.0112425088882446]],"camera1":[[0.6928269863128662,0.20604762434959412,0.6910392045974731,0.17885622382164001],[0.10831552743911743,-0.9771711230278015,0.1827680617570877,0.09734614193439484],[0.7129223346710205,-0.051776450127363205,-0.6993287801742554,1.0112425088882446]],"full_resolution":[2064,2272],"relative_focal_length":[0.4356694221496582,0.4339345097541809],"screen_center":[0.3787437081336975,0.5965937376022339],"visualized_dimension":-1},{"camera0":[[0.6928269863128662,0.20604762434959412,0.6910392045974731,0.18084938824176788],[0.10831552743911743,-0.9771711230278015,0.1827680617570877,0.09765774756669998],[0.7129223346710205,-0.051776450127363205,-0.6993287801742554,1.0132935047149658]],"camera1":[[0.6928269863128662,0.20604762434959412,0.6910392045974731,0.18084938824176788],[0.10831552743911743,-0.9771711230278015,0.1827680617570877,0.09765774756669998],[0.7129223346710205,-0.051776450127363205,-0.6993287801742554,1.0132935047149658]],"full_resolution":[2064,2272],"relative_focal_length":[0.4356694221496582,0.4339345097541809],"screen_center":[0.6212562918663025,0.5965937376022339],"visualized_dimension":-1}]}
{"camera":{"aperture_size":0.0,"autofocus":false,"autofocus_depth":0.0,"autofocus_target":[0.5,0.5,0.5],"fov_axis":1,"matrix":[[0.8354878425598145,0.0031969177071005106,-0.5494995713233948,0.09366393834352493],[0.0,-0.999983012676239,-0.005817823112010956,0.0952099859714508],[-0.5495089888572693,0.004860684275627136,-0.8354735970497131,0.9565392732620239]],"relative_focal_length":[1.0,1.0],"scale":0.04736240580677986,"screen_center":[0.5008788108825684,0.49828702211380005],"zoom":1.0},"frame":11,"views":[{"camera0":[[0.6990530490875244,0.21567034721374512,0.6817704439163208,0.178791344165802],[0.1082514151930809,-0.9743617177009583,0.19723275303840637,0.09751295298337936],[0.706828236579895,-0.0640736073255539,-0.7044772505760193,1.0112251043319702]],"camera1":[[0.6990530490875244,0.21567034721374512,0.6817704439163208,0.178791344165802],[0.1082514151930809,-0.9743617177009583,0.19723275303840637,0.09751295298337936],[0.706828236579895,-0.0640736073255539,-0.7044772505760193,1.0112251043319702]],"full_resolution":[2064,2272],"relative_focal_length":[0.4356694221496582,0.4339345097541809],"screen_center":[0.3787437081336975,0.5965937376022339],"visualized_dimension":-1},{"camera0":[[0.6990530490875244,0.21567034721374512,0.6817704439163208,0.18080241978168488],[0.1082514151930809,-0.9743617177009583,0.19723275303840637,0.09782437980175018],[0.706828236579895,-0.0640736073255539,-0.7044772505760193,1.013258457183838]],"camera1":[[0.6990530490875244,0.21567034721374512,0.6817704439163208,0.18080241978168488],[0.1082514151930809,-0.9743617177009583,0.19723275303840637,0.09782437980175018],[0.706828236579895,-0.0640736073255539,-0.7044772505760193,1.013258457183838]],"full_resolution":[2064,2272],"relative_focal_length":[0.4356694221496582,0.4339345097541809],"screen_center":[0.6212562918663025,0.5965937376022339],"visualized_dimension":-1}]}
{"camera":{"aperture_size":0.0,"autofocus":false,"autofocus_depth":0.0,"autofocus_target":[0.5,0.5,0.5],"fov_axis":1,"matrix":[[0.8354878425598145,0.0031969177071005106,-0.5494995713233948,0.09500451385974884],[0.0,-0.999983012676239,-0.005817823112010956,0.09537164121866226],[-0.5495089888572693,0.004860684275627136,-0.8354735970497131,0.9561822414398193]],"relative_focal_length":[1.0,1.0],"scale":0.04736240580677986,"screen_center":[0.5008788108825684,0.49828702211380005],"zoom":1.0},"frame":11,"views":[{"camera0":[[0.7103971242904663,0.23000115156173706,0.6651583313941956,0.17796307802200317],[0.12713229656219482,-0.9714831113815308,0.20014464855194092,0.09787270426750183],[0.6922234892845154,-0.05761919170618057,-0.7193795442581177,1.0113255977630615]],"camera1":[[0.7103971242904663,0.23000115156173706,0.6651583313941956,0.17796307802200317],[0.12713229656219482,-0.9714831113815308,0.20014464855194092,0.09787270426750183],[0.6922234892845154,-0.05761919170618057,-0.7193795442581177,1.0113255977630615]],"full_resolution":[2064,2272],"relative_focal_length":[0.4356694221496582,0.4339345097541809],"screen_center":[0.3787437081336975,0.5965937376022339],"visualized_dimension":-1},{"camera0":[[0.7103971242904663,0.23000115156173706,0.6651583313941956,0.18000680208206177],[0.12713229656219482,-0.9714831113815308,0.20014464855194092,0.09823843836784363],[0.6922234892845154,-0.05761919170618057,-0.7193795442581177,1.0133169889450073]],"camera1":[[0.7103971242904663,0.23000115156173706,0.6651583313941956,0.18000680208206177],[0.12713229656219482,-0.9714831113815308,0.20014464855194092,0.09823843836784363],[0.6922234892845154,-0.05761919170618057,-0.7193795442581177,1.0133169889450073]],"full_resolution":[2064,2272],"relative_focal_length":[0.4356694221496582,0.4339345097541809],"screen_center":[0.6212562918663025,0.5965937376022339],"visualized_dimension":-1}]}
{"camera":{"aperture_size":0.0,"autofocus":false,"autofocus_depth":0.0,"autofocus_target":[0.5,0.5,0.5],"fov_axis":1,"matrix":[[0.8354878425598145,0.0031969177071005106,-0.5494995713233948,0.09563067555427551],[0.0,-0.999983012676239,-0.005817823112010956,0.09520339220762253],[-0.5495089888572693,0.004860684275627136,-0.8354735970497131,0.9558926820755005]],"relative_focal_length":[1.0,1.0],"scale":0.04736240580677986,"screen_center":[0.5008788108825684,0.49828702211380005],"zoom":1.0},"frame":11,"views":[{"camera0":[[0.7106066346168518,0.2443321794271469,0.6598029136657715,0.17870870232582092],[0.12875962257385254,-0.9670897126197815,0.2194499522447586,0.09825862944126129],[0.6917072534561157,-0.07098668813705444,-0.7186806201934814,1.0111228227615356]],"camera1":[[0.7106066346168518,0.2443321794271469,0.6598029136657715,0.17870870232582092],[0.12875962257385254,-0.9670897126197815,0.2194499522447586,0.09825862944126129],[0.6917072534561157,-0.07098668813705444,-0.7186806201934814,1.0111228227615356]],"full_resolution":[2064,2272],"relative_focal_length":[0.4356694221496582,0.4339345097541809],"screen_center":[0.3787437081336975,0.5965937376022339],"visualized_dimension":-1},{"camera0":[[0.7106066346168518,0.2443321794271469,0.6598029136657715,0.18075300753116608],[0.12875962257385254,-0.9670897126197815,0.2194499522447586,0.09862904995679855],[0.6917072534561157,-0.07098668813705444,-0.7186806201934814,1.0131127834320068]],"camera1":[[0.7106066346168518,0.2443321794271469,0.6598029136657715,0.18075300753116608],[0.12875962257385254,-0.9670897126197815,0.2194499522447586,0.09862904995679855],[0.6917072534561157,-0.07098668813705444,-0.7186806201934814,1.0131127834320068]],"full_resolution":[2064,2272],"relative_focal_length":[0.4356694221496582,0.4339345097541809],"screen_center":[0.6212562918663025,0.5965937376022339],"visualized_dimension":-1}]}
{"camera":{"aperture_size":0.0,"autofocus":false,"autofocus_depth":0.0,"autofocus_target":[0.5,0.5,0.5],"fov_axis":1,"matrix":[[0.8354878425598145,0.0031969177071005106,-0.5494995713233948,0.09563067555427551],[0.0,-0.999983012676239,-0.005817823112010956,0.09520339220762253],[-0.5495089888572693,0.004860684275627136,-0.8354735970497131,0.9558926820755005]],"relative_focal_length":[1.0,1.0],"scale":0.04736240580677986,"screen_center":[0.5008788108825684,0.49828702211380005],"zoom":1.0},"frame":11,"views":[{"camera0":[[0.7137921452522278,0.2525697648525238,0.653229832649231,0.178780660033226],[0.12133775651454926,-0.963201642036438,0.23983243107795715,0.09829231351613998],[0.6897664666175842,-0.0919291228055954,-0.7181721329689026,1.0110020637512207]],"camera1":[[0.7137921452522278,0.2525697648525238,0.653229832649231,0.178780660033226],[0.12133775651454926,-0.963201642036438,0.23983243107795715,0.09829231351613998],[0.6897664666175842,-0.0919291228055954,-0.7181721329689026,1.0110020637512207]],"full_resolution":[2064,2272],"relative_focal_length":[0.4356694221496582,0.4339345097541809],"screen_center":[0.3787437081336975,0.5965937376022339],"visualized_dimension":-1},{"camera0":[[0.7137921452522278,0.2525697648525238,0.653229832649231,0.18083414435386658],[0.12133775651454926,-0.963201642036438,0.23983243107795715,0.09864138811826706],[0.6897664666175842,-0.0919291228055954,-0.7181721329689026,1.012986421585083]],"camera1":[[0.7137921452522278,0.2525697648525238,0.653229832649231,0.18083414435386658],[0.12133775651454926,-0.963201642036438,0.23983243107795715,0.09864138811826706],[0.6897664666175842,-0.0919291228055954,-0.7181721329689026,1.012986421585083]],"full_resolution":[2064,2272],"relative_focal_length":[0.4356694221496582,0.4339345097541809],"screen_center":[0.6212562918663025,0.5965937376022339],"visualized_dimension":-1}]}
{"camera":{"aperture_size":0.0,"autofocus":false,"autofocus_depth":0.0,"autofocus_target":[0.5,0.5,0.5],"fov_axis":1,"matrix":[[0.8354878425598145,0.0031969177071005106,-0.5494995713233948,0.09563067555427551],[0.0,-0.999983012676239,-0.005817823112010956,0.09520339220762253],[-0.5495089888572693,0.004860684275627136,-0.8354735970497131,0.9558926820755005]],"relative_focal_length":[1.0,1.0],"scale":0.04736240580677986,"screen_center":[0.5008788108825684,0.49828702211380005],"zoom":1.0},"frame":12,"views":[{"camera0":[[0.717318058013916,0.2637714147567749,0.6448870301246643,0.17825442552566528],[0.11359583586454391,-0.9574601650238037,0.2652655243873596,0.09838956594467163],[0.6874231100082397,-0.11702336370944977,-0.7167669534683228,1.0111541748046875]],"camera1":[[0.717318058013916,0.2637714147567749,0.6448870301246643,0.17825442552566528],[0.11359583586454391,-0.9574601650238037,0.2652655243873596,0.09838956594467163],[0.6874231100082397,-0.11702336370944977,-0.7167669534683228,1.0111541748046875]],"full_resolution":[2064,2272],"relative_focal_length":[0.4356694221496582,0.4339345097541809],"screen_center":[0.3787437081336975,0.5965937376022339],"visualized_dimension":-1},{"camera0":[[0.717318058013916,0.2637714147567749,0.6448870301246643,0.18031802773475647],[0.11359583586454391,-0.9574601650238037,0.2652655243873596,0.0987163633108139],[0.6874231100082397,-0.11702336370944977,-0.7167669534683228,1.0131317377090454]],"camera1":[[0.717318058013916,0.2637714147567749,0.6448870301246643,0.18031802773475647],[0.11359583586454391,-0.9574601650238037,0.2652655243873596,0.0987163633108139],[0.6874231100082397,-0.11702336370944977,-0.7167669534683228,1.0131317377090454]],"full_resolution":[2064,2272],"relative_focal_length":[0.4356694221496582,0.4339345097541809],"screen_center":[0.6212562918663025,0.5965937376022339],"visualized_dimension":-1}]}
{"camera":{"aperture_size":0.0,"autofocus":false,"autofocus_depth":0.0,"autofocus_target":[0.5,0.5,0.5],"fov_axis":1,"matrix":[[0.8354878425598145,0.0031969177071005106,-0.5494995713233948,0.09563067555427551],[0.0,-0.999983012676239,-0.005817823112010956,0.09520339220762253],[-0.5495089888572693,0.004860684275627136,-0.8354735970497131,0.9558926820755005]],"relative_focal_length":[1.0,1.0],"scale":0.04736240580677986,"screen_center":[0.5008788108825684,0.49828702211380005],"zoom":1.0},"frame":12,"views":[{"camera0":[[0.7205288410186768,0.26905956864356995,0.6390970945358276,0.17773373425006866],[0.11117595434188843,-0.9545541405677795,0.27652519941329956,0.09840427339076996],[0.6844544410705566,-0.1281922161579132,-0.7176968455314636,1.0113376379013062]],"camera1":[[0.7205288410186768,0.26905956864356995,0.6390970945358276,0.17773373425006866],[0.11117595434188843,-0.9545541405677795,0.27652519941329956,0.09840427339076996],[0.6844544410705566,-0.1281922161579132,-0.7176968455314636,1.0113376379013062]],"full_resolution":[2064,2272],"relative_focal_length":[0.4356694221496582,0.4339345097541809],"screen_center":[0.3787437081336975,0.5965937376022339],"visualized_dimension":-1},{"camera0":[[0.7205288410186768,0.26905956864356995,0.6390970945358276,0.17980659008026123],[0.11117595434188843,-0.9545541405677795,0.27652519941329956,0.0987241119146347],[0.6844544410705566,-0.1281922161579132,-0.7176968455314636,1.013306736946106]],"camera1":[[0.7205288410186768,0.26905956864356995,0.6390970945358276,0.17980659008026123],[0.11117595434188843,-0.9545541405677795,0.27652519941329956,0.0987241119146347],[0.6844544410705566,-0.1281922161579132,-0.7176968455314636,1.013306736946106]],"full_resolution":[2064,2272],"relative_focal_length":[0.4356694221496582,0.4339345097541809],"screen_center":[0.6212562918663025,0.5965937376022339],"visualized_dimension":-1}]}
{"camera":{"aperture_size":0.0,"autofocus":false,"autofocus_depth":0.0,"autofocus_target":[0.5,0.5,0.5],"fov_axis":1,"matrix":[[0.8354878425598145,0.0031969177071005106,-0.5494995713233948,0.09563067555427551],[0.0,-0.999983012676239,-0.005817823112010956,0.09520339220762253],[-0.5495089888572693,0.004860684275627136,-0.8354735970497131,0.9558926820755005]],"relative_focal_length":[1.0,1.0],"scale":0.04736240580677986,"screen_center":[0.5008788108825684,0.49828702211380005],"zoom":1.0},"frame":13,"views":[{"camera0":[[0.7247493267059326,0.2728453576564789,0.6326876878738403,0.1772567331790924],[0.11417878419160843,-0.9531161785125732,0.28023672103881836,0.09837361425161362],[0.6794860363006592,-0.13086198270320892,-0.7219236493110657,1.0115456581115723]],"camera1":[[0.7247493267059326,0.2728453576564789,0.6326876878738403,0.1772567331790924],[0.11417878419160843,-0.9531161785125732,0.28023672103881836,0.09837361425161362],[0.6794860363006592,-0.13086198270320892,-0.7219236493110657,1.0115456581115723]],"full_resolution":[2064,2272],"relative_focal_length":[0.4356694221496582,0.4339345097541809],"screen_center":[0.3787437081336975,0.5965937376022339],"visualized_dimension":-1},{"camera0":[[0.7247493267059326,0.2728453576564789,0.6326876878738403,0.17934171855449677],[0.11417878419160843,-0.9531161785125732,0.28023672103881836,0.0987020879983902],[0.6794860363006592,-0.13086198270320892,-0.7219236493110657,1.013500452041626]],"camera1":[[0.7247493267059326,0.2728453576564789,0.6326876878738403,0.17934171855449677],[0.11417878419160843,-0.9531161785125732,0.28023672103881836,0.0987020879983902],[0.6794860363006592,-0.13086198270320892,-0.7219236493110657,1.013500452041626]],"full_resolution":[2064,2272],"relative_focal_length":[0.4356694221496582,0.4339345097541809],"screen_center":[0.6212562918663025,0.5965937376022339],"visualized_dimension":-1}]}
{"camera":{"aperture_size":0.0,"autofocus":false,"autofocus_depth":0.0,"autofocus_target":[0.5,0.5,0.5],"fov_axis":1,"matrix":[[0.8354878425598145,0.0031969177071005106,-0.5494995713233948,0.09563067555427551],[0.0,-0.999983012676239,-0.005817823112010956,0.09520339220762253],[-0.5495089888572693,0.004860684275627136,-0.8354735970497131,0.9558926820755005]],"relative_focal_length":[1.0,1.0],"scale":0.04736240580677986,"screen_center":[0.5008788108825684,0.49828702211380005],"zoom":1.0},"frame":13,"views":[{"camera0":[[0.7290552854537964,0.2743499279022217,0.6270648241043091,0.176764115691185],[0.11540637165307999,-0.9523082971572876,0.2824716866016388,0.09838274866342545],[0.6746550798416138,-0.13357029855251312,-0.7259472608566284,1.0117483139038086]],"camera1":[[0.7290552854537964,0.2743499279022217,0.6270648241043091,0.176764115691185],[0.11540637165307999,-0.9523082971572876,0.2824716866016388,0.09838274866342545],[0.6746550798416138,-0.13357029855251312,-0.7259472608566284,1.0117483139038086]],"full_resolution":[2064,2272],"relative_focal_length":[0.4356694221496582,0.4339345097541809],"screen_center":[0.3787437081336975,0.5965937376022339],"visualized_dimension":-1},{"camera0":[[0.7290552854537964,0.2743499279022217,0.6270648241043091,0.17886149883270264],[0.11540637165307999,-0.9523082971572876,0.2824716866016388,0.09871475398540497],[0.6746550798416138,-0.13357029855251312,-0.7259472608566284,1.0136892795562744]],"camera1":[[0.7290552854537964,0.2743499279022217,0.6270648241043091,0.17886149883270264],[0.11540637165307999,-0.9523082971572876,0.2824716866016388,0.09871475398540497],[0.6746550798416138,-0.13357029855251312,-0.7259472608566284,1.0136892795562744]],"full_resolution":[2064,2272],"relative_focal_length":[0.4356694221496582,0.4339345097541809],"screen_center":[0.6212562918663025,0.5965937376022339],"visualized_dimension":-1}]}
{"camera":{"aperture_size":0.0,"autofocus":false,"autofocus_depth":0.0,"autofocus_target":[0.5,0.5,0.5],"fov_axis":1,"matrix":[[0.8354878425598145,0.0031969177071005106,-0.5494995713233948,0.09563067555427551],[0.0,-0.999983012676239,-0.005817823112010956,0.09520339220762253],[-0.5495089888572693,0.004860684275627136,-0.8354735970497131,0.9558926820755005]],"relative_focal_length":[1.0,1.0],"scale":0.04736240580677986,"screen_center":[0.5008788108825684,0.49828702211380005],"zoom":1.0},"frame":14,"views":[{"camera0":[[0.7370314002037048,0.27796876430511475,0.6160505414009094,0.17631888389587402],[0.12019919604063034,-0.9508870840072632,0.2852468192577362,0.09845881909132004],[0.6650841236114502,-0.13618721067905426,-0.7342454195022583,1.0119669437408447]],"camera1":[[0.7370314002037048,0.27796876430511475,0.6160505414009094,0.17631888389587402],[0.12019919604063034,-0.9508870840072632,0.2852468192577362,0.09845881909132004],[0.6650841236114502,-0.13618721067905426,-0.7342454195022583,1.0119669437408447]],"full_resolution":[2064,2272],"relative_focal_length":[0.4356694221496582,0.4339345097541809],"screen_center":[0.3787437081336975,0.5965937376022339],"visualized_dimension":-1},{"camera0":[[0.7370314002037048,0.27796876430511475,0.6160505414009094,0.1784392148256302],[0.12019919604063034,-0.9508870840072632,0.2852468192577362,0.09880460798740387],[0.6650841236114502,-0.13618721067905426,-0.7342454195022583,1.0138802528381348]],"camera1":[[0.7370314002037048,0.27796876430511475,0.6160505414009094,0.1784392148256302],[0.12019919604063034,-0.9508870840072632,0.2852468192577362,0.09880460798740387],[0.6650841236114502,-0.13618721067905426,-0.7342454195022583,1.0138802528381348]],"full_resolution":[2064,2272],"relative_focal_length":[0.4356694221496582,0.4339345097541809],"screen_center":[0.6212562918663025,0.5965937376022339],"visualized_dimension":-1}]}
{"camera":{"aperture_size":0.0,"autofocus":false,"autofocus_depth":0.0,"autofocus_target":[0.5,0.5,0.5],"fov_axis":1,"matrix":[[0.8354878425598145,0.0031969177071005106,-0.5494995713233948,0.09563067555427551],[0.0,-0.999983012676239,-0.005817823112010956,0.09520339220762253],[-0.5495089888572693,0.004860684275627136,-0.8354735970497131,0.9558926820755005]],"relative_focal_length":[1.0,1.0],"scale":0.04736240580677986,"screen_center":[0.5008788108825684,0.49828702211380005],"zoom":1.0},"frame":14,"views":[{"camera0":[[0.7485529780387878,0.2861647307872772,0.5981454849243164,0.17590753734111786],[0.12583769857883453,-0.9469936490058899,0.29558032751083374,0.098518006503582],[0.6510246396064758,-0.1459883749485016,-0.7448853254318237,1.0122313499450684]],"camera1":[[0.7485529780387878,0.2861647307872772,0.5981454849243164,0.17590753734111786],[0.12583769857883453,-0.9469936490058899,0.29558032751083374,0.098518006503582],[0.6510246396064758,-0.1459883749485016,-0.7448853254318237,1.0122313499450684]],"full_resolution":[2064,2272],"relative_focal_length":[0.4356694221496582,0.4339345097541809],"screen_center":[0.3787437081336975,0.5965937376022339],"visualized_dimension":-1},{"camera0":[[0.7485529780387878,0.2861647307872772,0.5981454849243164,0.17806100845336914],[0.12583769857883453,-0.9469936490058899,0.29558032751083374,0.09888002276420593],[0.6510246396064758,-0.1459883749485016,-0.7448853254318237,1.0141042470932007]],"camera1":[[0.7485529780387878,0.2861647307872772,0.5981454849243164,0.17806100845336914],[0.12583769857883453,-0.9469936490058899,0.29558032751083374,0.09888002276420593],[0.6510246396064758,-0.1459883749485016,-0.7448853254318237,1.0141042470932007]],"full_resolution":[2064,2272],"relative_focal_length":[0.4356694221496582,0.4339345097541809],"screen_center":[0.6212562918663025,0.5965937376022339],"visualized_dimension":-1}]}
