{"camera":{"aperture_size":0.0,"autofocus":false,"autofocus_depth":0.0,"autofocus_target":[0.5,0.5,0.5],"fov_axis":1,"matrix":[[0.5200160145759583,-0.05958280712366104,-0.8520753383636475,0.6919567584991455],[5.3551048040390015e-09,-0.997563898563385,0.069756418466568,-0.5159972906112671],[-0.8541563749313354,-0.03627448529005051,-0.5187491178512573,1.3871848583221436]],"relative_focal_length":[1.0,1.0],"scale":0.8264462351799011,"screen_center":[0.5007201433181763,0.4983441233634949],"zoom":1.0},"frame":0,"views":[{"camera0":[[0.6928837299346924,-0.0957241803407669,0.714666485786438,0.9069993495941162],[0.030398771166801453,-0.9863892793655396,-0.16159170866012573,0.19590801000595093],[0.7204075455665588,0.1336892992258072,-0.6805437207221985,0.6554774045944214]],"camera1":[[0.6928837299346924,-0.0957241803407669,0.714666485786438,0.9069993495941162],[0.030398771166801453,-0.9863892793655396,-0.16159170866012573,0.19590801000595093],[0.7204075455665588,0.1336892992258072,-0.6805437207221985,0.6554774045944214]],"full_resolution":[2064,2272],"relative_focal_length":[0.4356694221496582,0.4339345097541809],"screen_center":[0.3787437081336975,0.5965937376022339],"visualized_dimension":-1},{"camera0":[[0.6928837299346924,-0.0957241803407669,0.714666485786438,0.9419379830360413],[0.030398771166801453,-0.9863892793655396,-0.16159170866012573,0.19744080305099487],[0.7204075455665588,0.1336892992258072,-0.6805437207221985,0.6918039917945862]],"camera1":[[0.6928837299346924,-0.0957241803407669,0.714666485786438,0.9419379830360413],[0.030398771166801453,-0.9863892793655396,-0.16159170866012573,0.19744080305099487],[0.7204075455665588,0.1336892992258072,-0.6805437207221985,0.6918039917945862]],"full_resolution":[2064,2272],"relative_focal_length":[0.4356694221496582,0.4339345097541809],"screen_center":[0.6212562918663025,0.5965937376022339],"visualized_dimension":-1}]}
{"camera":{"aperture_size":0.0,"autofocus":false,"autofocus_depth":0.0,"autofocus_target":[0.5,0.5,0.5],"fov_axis":1,"matrix":[[0.5200160145759583,-0.05958280712366104,-0.8520753383636475,0.6919567584991455],[5.3551048040390015e-09,-0.997563898563385,0.069756418466568,-0.5159972906112671],[-0.8541563749313354,-0.03627448529005051,-0.5187491178512573,1.3871848583221436]],"relative_focal_length":[1.0,1.0],"scale":0.8264462351799011,"screen_center":[0.5007201433181763,0.4983441233634949],"zoom":1.0},"frame":1,"views":[{"camera0":[[0.7127664089202881,-0.09779147058725357,0.6945505738258362,0.9075328707695007],[0.027875803411006927,-0.9855008721351624,-0.16736383736133575,0.19595229625701904],[0.7008470296859741,0.138652503490448,-0.6997064352035522,0.6543765068054199]],"camera1":[[0.7127664089202881,-0.09779147058725357,0.6945505738258362,0.9075328707695007],[0.027875803411006927,-0.9855008721351624,-0.16736383736133575,0.19595229625701904],[0.7008470296859741,0.138652503490448,-0.6997064352035522,0.6543765068054199]],"full_resolution":[2064,2272],"relative_focal_length":[0.4356694221496582,0.4339345097541809],"screen_center":[0.3787437081336975,0.5965937376022339],"visualized_dimension":-1},{"camera0":[[0.7127664089202881,-0.09779147058725357,0.6945505738258362,0.9434741735458374],[0.027875803411006927,-0.9855008721351624,-0.16736383736133575,0.1973578929901123],[0.7008470296859741,0.138652503490448,-0.6997064352035522,0.689716637134552]],"camera1":[[0.7127664089202881,-0.09779147058725357,0.6945505738258362,0.9434741735458374],[0.027875803411006927,-0.9855008721351624,-0.16736383736133575,0.1973578929901123],[0.7008470296859741,0.138652503490448,-0.6997064352035522,0.689716637134552]],"full_resolution":[2064,2272],"relative_focal_length":[0.4356694221496582,0.4339345097541809],"screen_center":[0.6212562918663025,0.5965937376022339],"visualized_dimension":-1}]}
{"camera":{"aperture_size":0.0,"autofocus":false,"autofocus_depth":0.0,"autofocus_target":[0.5,0.5,0.5],"fov_axis":1,"matrix":[[0.5200160145759583,-0.05958280712366104,-0.8520753383636475,0.6919567584991455],[5.3551048040390015e-09,-0.997563898563385,0.069756418466568,-0.5159972906112671],[-0.8541563749313354,-0.03627448529005051,-0.5187491178512573,1.3871848583221436]],"relative_focal_length":[1.0,1.0],"scale":0.8264462351799011,"screen_center":[0.5007201433181763,0.4983441233634949],"zoom":1.0},"frame":2,"views":[{"camera0":[[0.7438758611679077,-0.09225618839263916,0.6619188785552979,0.9094362258911133],[0.016894668340682983,-0.9875137805938721,-0.15662319958209991,0.19689923524856567],[0.6681034564971924,0.12769116461277008,-0.7330295443534851,0.6503245830535889]],"camera1":[[0.7438758611679077,-0.09225618839263916,0.6619188785552979,0.9094362258911133],[0.016894668340682983,-0.9875137805938721,-0.15662319958209991,0.19689923524856567],[0.6681034564971924,0.12769116461277008,-0.7330295443534851,0.6503245830535889]],"full_resolution":[2064,2272],"relative_focal_length":[0.4356694221496582,0.4339345097541809],"screen_center":[0.3787437081336975,0.5965937376022339],"visualized_dimension":-1},{"camera0":[[0.7438758611679077,-0.09225618839263916,0.6619188785552979,0.9469462633132935],[0.016894668340682983,-0.9875137805938721,-0.15662319958209991,0.19775110483169556],[0.6681034564971924,0.12769116461277008,-0.7330295443534851,0.6840137243270874]],"camera1":[[0.7438758611679077,-0.09225618839263916,0.6619188785552979,0.9469462633132935],[0.016894668340682983,-0.9875137805938721,-0.15662319958209991,0.19775110483169556],[0.6681034564971924,0.12769116461277008,-0.7330295443534851,0.6840137243270874]],"full_resolution":[2064,2272],"relative_focal_length":[0.4356694221496582,0.4339345097541809],"screen_center":[0.6212562918663025,0.5965937376022339],"visualized_dimension":-1}]}
{"camera":{"aperture_size":0.0,"autofocus":false,"autofocus_depth":0.0,"autofocus_target":[0.5,0.5,0.5],"fov_axis":1,"matrix":[[0.5200160145759583,-0.05958280712366104,-0.8520753383636475,0.6919567584991455],[5.3551048040390015e-09,-0.997563898563385,0.069756418466568,-0.5159972906112671],[-0.8541563749313354,-0.03627448529005051,-0.5187491178512573,1.3871848583221436]],"relative_focal_length":[1.0,1.0],"scale":0.8264462351799011,"screen_center":[0.5007201433181763,0.4983441233634949],"zoom":1.0},"frame":3,"views":[{"camera0":[[0.815582275390625,-0.07904770970344543,0.5732159614562988,0.9169872999191284],[0.004959359765052795,-0.9896335005760193,-0.14352907240390778,0.19690799713134766],[0.5786193013191223,0.1199025809764862,-0.8067360520362854,0.6420318484306335]],"camera1":[[0.815582275390625,-0.07904770970344543,0.5732159614562988,0.9169872999191284],[0.004959359765052795,-0.9896335005760193,-0.14352907240390778,0.19690799713134766],[0.5786193013191223,0.1199025809764862,-0.8067360520362854,0.6420318484306335]],"full_resolution":[2064,2272],"relative_focal_length":[0.4356694221496582,0.4339345097541809],"screen_center":[0.3787437081336975,0.5965937376022339],"visualized_dimension":-1},{"camera0":[[0.815582275390625,-0.07904770970344543,0.5732159614562988,0.9581130743026733],[0.004959359765052795,-0.9896335005760193,-0.14352907240390778,0.19715803861618042],[0.5786193013191223,0.1199025809764862,-0.8067360520362854,0.6712087392807007]],"camera1":[[0.815582275390625,-0.07904770970344543,0.5732159614562988,0.9581130743026733],[0.004959359765052795,-0.9896335005760193,-0.14352907240390778,0.19715803861618042],[0.5786193013191223,0.1199025809764862,-0.8067360520362854,0.6712087392807007]],"full_resolution":[2064,2272],"relative_focal_length":[0.4356694221496582,0.4339345097541809],"screen_center":[0.6212562918663025,0.5965937376022339],"visualized_dimension":-1}]}
{"camera":{"aperture_size":0.0,"autofocus":false,"autofocus_depth":0.0,"autofocus_target":[0.5,0.5,0.5],"fov_axis":1,"matrix":[[0.5200160145759583,-0.05958280712366104,-0.8520753383636475,0.6919567584991455],[5.3551048040390015e-09,-0.997563898563385,0.069756418466568,-0.5159972906112671],[-0.8541563749313354,-0.03627448529005051,-0.5187491178512573,1.3871848583221436]],"relative_focal_length":[1.0,1.0],"scale":0.8264462351799011,"screen_center":[0.5007201433181763,0.4983441233634949],"zoom":1.0},"frame":4,"views":[{"camera0":[[0.8351284265518188,-0.07720683515071869,0.5446088910102844,0.9265404343605042],[0.0021162480115890503,-0.9896417260169983,-0.14354248344898224,0.19618439674377441],[0.5500500798225403,0.12102895975112915,-0.8263150453567505,0.6412838101387024]],"camera1":[[0.8351284265518188,-0.07720683515071869,0.5446088910102844,0.9265404343605042],[0.0021162480115890503,-0.9896417260169983,-0.14354248344898224,0.19618439674377441],[0.5500500798225403,0.12102895975112915,-0.8263150453567505,0.6412838101387024]],"full_resolution":[2064,2272],"relative_focal_length":[0.4356694221496582,0.4339345097541809],"screen_center":[0.3787437081336975,0.5965937376022339],"visualized_dimension":-1},{"camera0":[[0.8351284265518188,-0.07720683515071869,0.5446088910102844,0.9686517715454102],[0.0021162480115890503,-0.9896417260169983,-0.14354248344898224,0.19629108905792236],[0.5500500798225403,0.12102895975112915,-0.8263150453567505,0.6690201759338379]],"camera1":[[0.8351284265518188,-0.07720683515071869,0.5446088910102844,0.9686517715454102],[0.0021162480115890503,-0.9896417260169983,-0.14354248344898224,0.19629108905792236],[0.5500500798225403,0.12102895975112915,-0.8263150453567505,0.6690201759338379]],"full_resolution":[2064,2272],"relative_focal_length":[0.4356694221496582,0.4339345097541809],"screen_center":[0.6212562918663025,0.5965937376022339],"visualized_dimension":-1}]}
{"camera":{"aperture_size":0.0,"autofocus":false,"autofocus_depth":0.0,"autofocus_target":[0.5,0.5,0.5],"fov_axis":1,"matrix":[[0.5200160145759583,-0.05958280712366104,-0.8520753383636475,0.6919567584991455],[5.3551048040390015e-09,-0.997563898563385,0.069756418466568,-0.5159972906112671],[-0.8541563749313354,-0.03627448529005051,-0.5187491178512573,1.3871848583221436]],"relative_focal_length":[1.0,1.0],"scale":0.8264462351799011,"screen_center":[0.5007201433181763,0.4983441233634949],"zoom":1.0},"frame":5,"views":[{"camera0":[[0.8968898057937622,-0.04651326686143875,0.4398004412651062,0.9575790762901306],[0.006494440138339996,-0.9929612874984741,-0.11825987696647644,0.19485360383987427],[0.4422053098678589,0.10892236232757568,-0.890275239944458,0.6448837518692017]],"camera1":[[0.8968898057937622,-0.04651326686143875,0.4398004412651062,0.9575790762901306],[0.006494440138339996,-0.9929612874984741,-0.11825987696647644,0.19485360383987427],[0.4422053098678589,0.10892236232757568,-0.890275239944458,0.6448837518692017]],"full_resolution":[2064,2272],"relative_focal_length":[0.4356694221496582,0.4339345097541809],"screen_center":[0.3787437081336975,0.5965937376022339],"visualized_dimension":-1},{"camera0":[[0.8968898057937622,-0.04651326686143875,0.4398004412651062,1.0028047561645508],[0.006494440138339996,-0.9929612874984741,-0.11825987696647644,0.19518113136291504],[0.4422053098678589,0.10892236232757568,-0.890275239944458,0.6671819686889648]],"camera1":[[0.8968898057937622,-0.04651326686143875,0.4398004412651062,1.0028047561645508],[0.006494440138339996,-0.9929612874984741,-0.11825987696647644,0.19518113136291504],[0.4422053098678589,0.10892236232757568,-0.890275239944458,0.6671819686889648]],"full_resolution":[2064,2272],"relative_focal_length":[0.4356694221496582,0.4339345097541809],"screen_center":[0.6212562918663025,0.5965937376022339],"visualized_dimension":-1}]}
{"camera":{"aperture_size":0.0,"autofocus":false,"autofocus_depth":0.0,"autofocus_target":[0.5,0.5,0.5],"fov_axis":1,"matrix":[[0.5200160145759583,-0.05958280712366104,-0.8520753383636475,0.6919567584991455],[5.3551048040390015e-09,-0.997563898563385,0.069756418466568,-0.5159972906112671],[-0.8541563749313354,-0.03627448529005051,-0.5187491178512573,1.3871848583221436]],"relative_focal_length":[1.0,1.0],"scale":0.8264462351799011,"screen_center":[0.5007201433181763,0.4983441233634949],"zoom":1.0},"frame":6,"views":[{"camera0":[[0.9616184830665588,-0.019586488604545593,0.2736891210079193,0.992672324180603],[0.004489831626415253,-0.9961921572685242,-0.08706780523061752,0.19873756170272827],[0.27435213327407837,0.08495482057332993,-0.957869291305542,0.6549426913261414]],"camera1":[[0.9616184830665588,-0.019586488604545593,0.2736891210079193,0.992672324180603],[0.004489831626415253,-0.9961921572685242,-0.08706780523061752,0.19873756170272827],[0.27435213327407837,0.08495482057332993,-0.957869291305542,0.6549426913261414]],"full_resolution":[2064,2272],"relative_focal_length":[0.4356694221496582,0.4339345097541809],"screen_center":[0.3787437081336975,0.5965937376022339],"visualized_dimension":-1},{"camera0":[[0.9616184830665588,-0.019586488604545593,0.2736891210079193,1.0411620140075684],[0.004489831626415253,-0.9961921572685242,-0.08706780523061752,0.19896399974822998],[0.27435213327407837,0.08495482057332993,-0.957869291305542,0.6687768697738647]],"camera1":[[0.9616184830665588,-0.019586488604545593,0.2736891210079193,1.0411620140075684],[0.004489831626415253,-0.9961921572685242,-0.08706780523061752,0.19896399974822998],[0.27435213327407837,0.08495482057332993,-0.957869291305542,0.6687768697738647]],"full_resolution":[2064,2272],"relative_focal_length":[0.4356694221496582,0.4339345097541809],"screen_center":[0.6212562918663025,0.5965937376022339],"visualized_dimension":-1}]}
{"camera":{"aperture_size":0.0,"autofocus":false,"autofocus_depth":0.0,"autofocus_target":[0.5,0.5,0.5],"fov_axis":1,"matrix":[[0.5200160145759583,-0.05958280712366104,-0.8520753383636475,0.6919567584991455],[5.3551048040390015e-09,-0.997563898563385,0.069756418466568,-0.5159972906112671],[-0.8541563749313354,-0.03627448529005051,-0.5187491178512573,1.3871848583221436]],"relative_focal_length":[1.0,1.0],"scale":0.8264462351799011,"screen_center":[0.5007201433181763,0.4983441233634949],"zoom":1.0},"frame":7,"views":[{"camera0":[[0.9892870187759399,-0.0031230226159095764,0.14594733715057373,1.0198606252670288],[0.006931230425834656,-0.9976385235786438,-0.06833069026470184,0.1997719407081604],[0.14581584930419922,0.06861025840044022,-0.9869295954704285,0.6636777520179749]],"camera1":[[0.9892870187759399,-0.0031230226159095764,0.14594733715057373,1.0198606252670288],[0.006931230425834656,-0.9976385235786438,-0.06833069026470184,0.1997719407081604],[0.14581584930419922,0.06861025840044022,-0.9869295954704285,0.6636777520179749]],"full_resolution":[2064,2272],"relative_focal_length":[0.4356694221496582,0.4339345097541809],"screen_center":[0.3787437081336975,0.5965937376022339],"visualized_dimension":-1},{"camera0":[[0.9892870187759399,-0.0031230226159095764,0.14594733715057373,1.069745421409607],[0.006931230425834656,-0.9976385235786438,-0.06833069026470184,0.20012152194976807],[0.14581584930419922,0.06861025840044022,-0.9869295954704285,0.671030580997467]],"camera1":[[0.9892870187759399,-0.0031230226159095764,0.14594733715057373,1.069745421409607],[0.006931230425834656,-0.9976385235786438,-0.06833069026470184,0.20012152194976807],[0.14581584930419922,0.06861025840044022,-0.9869295954704285,0.671030580997467]],"full_resolution":[2064,2272],"relative_focal_length":[0.4356694221496582,0.4339345097541809],"screen_center":[0.6212562918663025,0.5965937376022339],"visualized_dimension":-1}]}
{"camera":{"aperture_size":0.0,"autofocus":false,"autofocus_depth":0.0,"autofocus_target":[0.5,0.5,0.5],"fov_axis":1,"matrix":[[0.5200160145759583,-0.05958280712366104,-0.8520753383636475,0.6919567584991455],[5.3551048040390015e-09,-0.997563898563385,0.069756418466568,-0.5159972906112671],[-0.8541563749313354,-0.03627448529005051,-0.5187491178512573,1.3871848583221436]],"relative_focal_length":[1.0,1.0],"scale":0.8264462351799011,"screen_center":[0.5007201433181763,0.4983441233634949],"zoom":1.0},"frame":8,"views":[{"camera0":[[0.9984022378921509,0.010952115058898926,0.055425941944122314,1.0388596057891846],[0.014235153794288635,-0.9981450438499451,-0.059190165251493454,0.19908803701400757],[0.05467453598976135,0.05988459289073944,-0.9967066049575806,0.6701674461364746]],"camera1":[[0.9984022378921509,0.010952115058898926,0.055425941944122314,1.0388596057891846],[0.014235153794288635,-0.9981450438499451,-0.059190165251493454,0.19908803701400757],[0.05467453598976135,0.05988459289073944,-0.9967066049575806,0.6701674461364746]],"full_resolution":[2064,2272],"relative_focal_length":[0.4356694221496582,0.4339345097541809],"screen_center":[0.3787437081336975,0.5965937376022339],"visualized_dimension":-1},{"camera0":[[0.9984022378921509,0.010952115058898926,0.055425941944122314,1.0892040729522705],[0.014235153794288635,-0.9981450438499451,-0.059190165251493454,0.1998058557510376],[0.05467453598976135,0.05988459289073944,-0.9967066049575806,0.6729244589805603]],"camera1":[[0.9984022378921509,0.010952115058898926,0.055425941944122314,1.0892040729522705],[0.014235153794288635,-0.9981450438499451,-0.059190165251493454,0.1998058557510376],[0.05467453598976135,0.05988459289073944,-0.9967066049575806,0.6729244589805603]],"full_resolution":[2064,2272],"relative_focal_length":[0.4356694221496582,0.4339345097541809],"screen_center":[0.6212562918663025,0.5965937376022339],"visualized_dimension":-1}]}
{"camera":{"aperture_size":0.0,"autofocus":false,"autofocus_depth":0.0,"autofocus_target":[0.5,0.5,0.5],"fov_axis":1,"matrix":[[0.5200160145759583,-0.05958280712366104,-0.8520753383636475,0.6919567584991455],[5.3551048040390015e-09,-0.997563898563385,0.069756418466568,-0.5159972906112671],[-0.8541563749313354,-0.03627448529005051,-0.5187491178512573,1.3871848583221436]],"relative_focal_length":[1.0,1.0],"scale":0.8264462351799011,"screen_center":[0.5007201433181763,0.4983441233634949],"zoom":1.0},"frame":9,"views":[{"camera0":[[0.9999890327453613,0.004487670958042145,0.0008979141712188721,1.0458073616027832],[0.004530336707830429,-0.9984649419784546,-0.05519964545965195,0.1984177827835083],[0.0006485283374786377,0.05520310252904892,-0.9984747171401978,0.6725083589553833]],"camera1":[[0.9999890327453613,0.004487670958042145,0.0008979141712188721,1.0458073616027832],[0.004530336707830429,-0.9984649419784546,-0.05519964545965195,0.1984177827835083],[0.0006485283374786377,0.05520310252904892,-0.9984747171401978,0.6725083589553833]],"full_resolution":[2064,2272],"relative_focal_length":[0.4356694221496582,0.4339345097541809],"screen_center":[0.3787437081336975,0.5965937376022339],"visualized_dimension":-1},{"camera0":[[0.9999890327453613,0.004487670958042145,0.0008979141712188721,1.0962318181991577],[0.004530336707830429,-0.9984649419784546,-0.05519964545965195,0.19864624738693237],[0.0006485283374786377,0.05520310252904892,-0.9984747171401978,0.6725410223007202]],"camera1":[[0.9999890327453613,0.004487670958042145,0.0008979141712188721,1.0962318181991577],[0.004530336707830429,-0.9984649419784546,-0.05519964545965195,0.19864624738693237],[0.0006485283374786377,0.05520310252904892,-0.9984747171401978,0.6725410223007202]],"full_resolution":[2064,2272],"relative_focal_length":[0.4356694221496582,0.4339345097541809],"screen_center":[0.6212562918663025,0.5965937376022339],"visualized_dimension":-1}]}
{"camera":{"aperture_size":0.0,"autofocus":false,"autofocus_depth":0.0,"autofocus_target":[0.5,0.5,0.5],"fov_axis":1,"matrix":[[0.5200160145759583,-0.05958280712366104,-0.8520753383636475,0.6919567584991455],[5.3551048040390015e-09,-0.997563898563385,0.069756418466568,-0.5159972906112671],[-0.8541563749313354,-0.03627448529005051,-0.5187491178512573,1.3871848583221436]],"relative_focal_length":[1.0,1.0],"scale":0.8264462351799011,"screen_center":[0.5007201433181763,0.4983441233634949],"zoom":1.0},"frame":10,"views":[{"camera0":[[0.9994151592254639,-0.002261511981487274,-0.03410765528678894,1.0478944778442383],[-0.0040983110666275024,-0.9985389709472656,-0.05387791991233826,0.19828522205352783],[-0.03393629193305969,0.05398617684841156,-0.99796462059021,0.6745753884315491]],"camera1":[[0.9994151592254639,-0.002261511981487274,-0.03410765528678894,1.0478944778442383],[-0.0040983110666275024,-0.9985389709472656,-0.05387791991233826,0.19828522205352783],[-0.03393629193305969,0.05398617684841156,-0.99796462059021,0.6745753884315491]],"full_resolution":[2064,2272],"relative_focal_length":[0.4356694221496582,0.4339345097541809],"screen_center":[0.3787437081336975,0.5965937376022339],"visualized_dimension":-1},{"camera0":[[0.9994151592254639,-0.002261511981487274,-0.03410765528678894,1.0982900857925415],[-0.0040983110666275024,-0.9985389709472656,-0.05387791991233826,0.19807857275009155],[-0.03393629193305969,0.05398617684841156,-0.99796462059021,0.6728641390800476]],"camera1":[[0.9994151592254639,-0.002261511981487274,-0.03410765528678894,1.0982900857925415],[-0.0040983110666275024,-0.9985389709472656,-0.05387791991233826,0.19807857275009155],[-0.03393629193305969,0.05398617684841156,-0.99796462059021,0.6728641390800476]],"full_resolution":[2064,2272],"relative_focal_length":[0.4356694221496582,0.4339345097541809],"screen_center":[0.6212562918663025,0.5965937376022339],"visualized_dimension":-1}]}
{"camera":{"aperture_size":0.0,"autofocus":false,"autofocus_depth":0.0,"autofocus_target":[0.5,0.5,0.5],"fov_axis":1,"matrix":[[0.5200160145759583,-0.05958280712366104,-0.8520753383636475,0.6919567584991455],[5.3551048040390015e-09,-0.997563898563385,0.069756418466568,-0.5159972906112671],[-0.8541563749313354,-0.03627448529005051,-0.5187491178512573,1.3871848583221436]],"relative_focal_length":[1.0,1.0],"scale":0.8264462351799011,"screen_center":[0.5007201433181763,0.4983441233634949],"zoom":1.0},"frame":11,"views":[{"camera0":[[0.9841794371604919,0.0007284954190254211,-0.1771705150604248,1.0643963813781738],[-0.009414855390787125,-0.9983634948730469,-0.05640418827533722,0.19666671752929688],[-0.17692211270332336,0.05717987194657326,-0.9825623035430908,0.6821814775466919]],"camera1":[[0.9841794371604919,0.0007284954190254211,-0.1771705150604248,1.0643963813781738],[-0.009414855390787125,-0.9983634948730469,-0.05640418827533722,0.19666671752929688],[-0.17692211270332336,0.05717987194657326,-0.9825623035430908,0.6821814775466919]],"full_resolution":[2064,2272],"relative_focal_length":[0.4356694221496582,0.4339345097541809],"screen_center":[0.3787437081336975,0.5965937376022339],"visualized_dimension":-1},{"camera0":[[0.9841794371604919,0.0007284954190254211,-0.1771705150604248,1.1140236854553223],[-0.009414855390787125,-0.9983634948730469,-0.05640418827533722,0.1961919665336609],[-0.17692211270332336,0.05717987194657326,-0.9825623035430908,0.6732601523399353]],"camera1":[[0.9841794371604919,0.0007284954190254211,-0.1771705150604248,1.1140236854553223],[-0.009414855390787125,-0.9983634948730469,-0.05640418827533722,0.1961919665336609],[-0.17692211270332336,0.05717987194657326,-0.9825623035430908,0.6732601523399353]],"full_resolution":[2064,2272],"relative_focal_length":[0.4356694221496582,0.4339345097541809],"screen_center":[0.6212562918663025,0.5965937376022339],"visualized_dimension":-1}]}
{"camera":{"aperture_size":0.0,"autofocus":false,"autofocus_depth":0.0,"autofocus_target":[0.5,0.5,0.5],"fov_axis":1,"matrix":[[0.5200160145759583,-0.05958280712366104,-0.8520753383636475,0.6919567584991455],[5.3551048040390015e-09,-0.997563898563385,0.069756418466568,-0.5159972906112671],[-0.8541563749313354,-0.03627448529005051,-0.5187491178512573,1.3871848583221436]],"relative_focal_length":[1.0,1.0],"scale":0.8264462351799011,"screen_center":[0.5007201433181763,0.4983441233634949],"zoom":1.0},"frame":12,"views":[{"camera0":[[0.9570827484130859,-0.005184575915336609,-0.28976675868034363,1.0742814540863037],[-0.019651196897029877,-0.9986996054649353,-0.04703761637210846,0.19573253393173218],[-0.2891465127468109,0.05071314424276352,-0.9559403657913208,0.6894575953483582]],"camera1":[[0.9570827484130859,-0.005184575915336609,-0.28976675868034363,1.0742814540863037],[-0.019651196897029877,-0.9986996054649353,-0.04703761637210846,0.19573253393173218],[-0.2891465127468109,0.05071314424276352,-0.9559403657913208,0.6894575953483582]],"full_resolution":[2064,2272],"relative_focal_length":[0.4356694221496582,0.4339345097541809],"screen_center":[0.3787437081336975,0.5965937376022339],"visualized_dimension":-1},{"camera0":[[0.9570827484130859,-0.005184575915336609,-0.28976675868034363,1.122542381286621],[-0.019651196897029877,-0.9986996054649353,-0.04703761637210846,0.19474154710769653],[-0.2891465127468109,0.05071314424276352,-0.9559403657913208,0.674877405166626]],"camera1":[[0.9570827484130859,-0.005184575915336609,-0.28976675868034363,1.122542381286621],[-0.019651196897029877,-0.9986996054649353,-0.04703761637210846,0.19474154710769653],[-0.2891465127468109,0.05071314424276352,-0.9559403657913208,0.674877405166626]],"full_resolution":[2064,2272],"relative_focal_length":[0.4356694221496582,0.4339345097541809],"screen_center":[0.6212562918663025,0.5965937376022339],"visualized_dimension":-1}]}
{"camera":{"aperture_size":0.0,"autofocus":false,"autofocus_depth":0.0,"autofocus_target":[0.5,0.5,0.5],"fov_axis":1,"matrix":[[0.5200160145759583,-0.05958280712366104,-0.8520753383636475,0.6919567584991455],[5.3551048040390015e-09,-0.997563898563385,0.069756418466568,-0.5159972906112671],[-0.8541563749313354,-0.03627448529005051,-0.5187491178512573,1.3871848583221436]],"relative_focal_length":[1.0,1.0],"scale":0.8264462351799011,"screen_center":[0.5007201433181763,0.4983441233634949],"zoom":1.0},"frame":13,"views":[{"camera0":[[0.9320564270019531,-0.004880346357822418,-0.3622792959213257,1.0732554197311401],[-0.025129172950983047,-0.998371958732605,-0.05120176076889038,0.19503533840179443],[-0.3614400327205658,0.05682669207453728,-0.9306619167327881,0.6983048915863037]],"camera1":[[0.9320564270019531,-0.004880346357822418,-0.3622792959213257,1.0732554197311401],[-0.025129172950983047,-0.998371958732605,-0.05120176076889038,0.19503533840179443],[-0.3614400327205658,0.05682669207453728,-0.9306619167327881,0.6983048915863037]],"full_resolution":[2064,2272],"relative_focal_length":[0.4356694221496582,0.4339345097541809],"screen_center":[0.3787437081336975,0.5965937376022339],"visualized_dimension":-1},{"camera0":[[0.9320564270019531,-0.004880346357822418,-0.3622792959213257,1.1202542781829834],[-0.025129172950983047,-0.998371958732605,-0.05120176076889038,0.19376814365386963],[-0.3614400327205658,0.05682669207453728,-0.9306619167327881,0.6800793409347534]],"camera1":[[0.9320564270019531,-0.004880346357822418,-0.3622792959213257,1.1202542781829834],[-0.025129172950983047,-0.998371958732605,-0.05120176076889038,0.19376814365386963],[-0.3614400327205658,0.05682669207453728,-0.9306619167327881,0.6800793409347534]],"full_resolution":[2064,2272],"relative_focal_length":[0.4356694221496582,0.4339345097541809],"screen_center":[0.6212562918663025,0.5965937376022339],"visualized_dimension":-1}]}
{"camera":{"aperture_size":0.0,"autofocus":false,"autofocus_depth":0.0,"autofocus_target":[0.5,0.5,0.5],"fov_axis":1,"matrix":[[0.5200160145759583,-0.05958280712366104,-0.8520753383636475,0.6919567584991455],[5.3551048040390015e-09,-0.997563898563385,0.069756418466568,-0.5159972906112671],[-0.8541563749313354,-0.03627448529005051,-0.5187491178512573,1.3871848583221436]],"relative_focal_length":[1.0,1.0],"scale":0.8264462351799011,"screen_center":[0.5007201433181763,0.4983441233634949],"zoom":1.0},"frame":14,"views":[{"camera0":[[0.9123481512069702,-0.006158515810966492,-0.40936797857284546,1.0659644603729248],[-0.02605740912258625,-0.9987329840660095,-0.043048419058322906,0.19344717264175415],[-0.4085846543312073,0.04994219169020653,-0.9113528728485107,0.7075217962265015]],"camera1":[[0.9123481512069702,-0.006158515810966492,-0.40936797857284546,1.0659644603729248],[-0.02605740912258625,-0.9987329840660095,-0.043048419058322906,0.19344717264175415],[-0.4085846543312073,0.04994219169020653,-0.9113528728485107,0.7075217962265015]],"full_resolution":[2064,2272],"relative_focal_length":[0.4356694221496582,0.4339345097541809],"screen_center":[0.3787437081336975,0.5965937376022339],"visualized_dimension":-1},{"camera0":[[0.9123481512069702,-0.006158515810966492,-0.40936797857284546,1.1119697093963623],[-0.02605740912258625,-0.9987329840660095,-0.043048419058322906,0.19213330745697021],[-0.4085846543312073,0.04994219169020653,-0.9113528728485107,0.6869189143180847]],"camera1":[[0.9123481512069702,-0.006158515810966492,-0.40936797857284546,1.1119697093963623],[-0.02605740912258625,-0.9987329840660095,-0.043048419058322906,0.19213330745697021],[-0.4085846543312073,0.04994219169020653,-0.9113528728485107,0.6869189143180847]],"full_resolution":[2064,2272],"relative_focal_length":[0.4356694221496582,0.4339345097541809],"screen_center":[0.6212562918663025,0.5965937376022339],"visualized_dimension":-1}]}
{"camera":{"aperture_size":0.0,"autofocus":false,"autofocus_depth":0.0,"autofocus_target":[0.5,0.5,0.5],"fov_axis":1,"matrix":[[0.5200160145759583,-0.05958280712366104,-0.8520753383636475,0.6919567584991455],[5.3551048040390015e-09,-0.997563898563385,0.069756418466568,-0.5159972906112671],[-0.8541563749313354,-0.03627448529005051,-0.5187491178512573,1.3871848583221436]],"relative_focal_length":[1.0,1.0],"scale":0.8264462351799011,"screen_center":[0.5007201433181763,0.4983441233634949],"zoom":1.0},"frame":15,"views":[{"camera0":[[0.8351916074752808,0.017458058893680573,-0.5496810674667358,1.0369633436203003],[-0.0006102658808231354,-0.999465823173523,-0.032670505344867706,0.19235658645629883],[-0.5499582886695862,0.0276215560734272,-0.8347350358963013,0.746406614780426]],"camera1":[[0.8351916074752808,0.017458058893680573,-0.5496810674667358,1.0369633436203003],[-0.0006102658808231354,-0.999465823173523,-0.032670505344867706,0.19235658645629883],[-0.5499582886695862,0.0276215560734272,-0.8347350358963013,0.746406614780426]],"full_resolution":[2064,2272],"relative_focal_length":[0.4356694221496582,0.4339345097541809],"screen_center":[0.3787437081336975,0.5965937376022339],"visualized_dimension":-1},{"camera0":[[0.8351916074752808,0.017458058893680573,-0.5496810674667358,1.0790778398513794],[-0.0006102658808231354,-0.999465823173523,-0.032670505344867706,0.1923258900642395],[-0.5499582886695862,0.0276215560734272,-0.8347350358963013,0.7186749577522278]],"camera1":[[0.8351916074752808,0.017458058893680573,-0.5496810674667358,1.0790778398513794],[-0.0006102658808231354,-0.999465823173523,-0.032670505344867706,0.1923258900642395],[-0.5499582886695862,0.0276215560734272,-0.8347350358963013,0.7186749577522278]],"full_resolution":[2064,2272],"relative_focal_length":[0.4356694221496582,0.4339345097541809],"screen_center":[0.6212562918663025,0.5965937376022339],"visualized_dimension":-1}]}
{"camera":{"aperture_size":0.0,"autofocus":false,"autofocus_depth":0.0,"autofocus_target":[0.5,0.5,0.5],"fov_axis":1,"matrix":[[0.5200160145759583,-0.05958280712366104,-0.8520753383636475,0.6919567584991455],[5.3551048040390015e-09,-0.997563898563385,0.069756418466568,-0.5159972906112671],[-0.8541563749313354,-0.03627448529005051,-0.5187491178512573,1.3871848583221436]],"relative_focal_length":[1.0,1.0],"scale":0.8264462351799011,"screen_center":[0.5007201433181763,0.4983441233634949],"zoom":1.0},"frame":16,"views":[{"camera0":[[0.8073113560676575,0.018997691571712494,-0.5898191928863525,1.025553584098816],[-0.0026968438178300858,-0.9993523955345154,-0.03587967902421951,0.19032853841781616],[-0.5901193618774414,0.03055668994784355,-0.8067373037338257,0.7620125412940979]],"camera1":[[0.8073113560676575,0.018997691571712494,-0.5898191928863525,1.025553584098816],[-0.0026968438178300858,-0.9993523955345154,-0.03587967902421951,0.19032853841781616],[-0.5901193618774414,0.03055668994784355,-0.8067373037338257,0.7620125412940979]],"full_resolution":[2064,2272],"relative_focal_length":[0.4356694221496582,0.4339345097541809],"screen_center":[0.3787437081336975,0.5965937376022339],"visualized_dimension":-1},{"camera0":[[0.8073113560676575,0.018997691571712494,-0.5898191928863525,1.0662622451782227],[-0.0026968438178300858,-0.9993523955345154,-0.03587967902421951,0.1901925802230835],[-0.5901193618774414,0.03055668994784355,-0.8067373037338257,0.732255756855011]],"camera1":[[0.8073113560676575,0.018997691571712494,-0.5898191928863525,1.0662622451782227],[-0.0026968438178300858,-0.9993523955345154,-0.03587967902421951,0.1901925802230835],[-0.5901193618774414,0.03055668994784355,-0.8067373037338257,0.732255756855011]],"full_resolution":[2064,2272],"relative_focal_length":[0.4356694221496582,0.4339345097541809],"screen_center":[0.6212562918663025,0.5965937376022339],"visualized_dimension":-1}]}
{"camera":{"aperture_size":0.0,"autofocus":false,"autofocus_depth":0.0,"autofocus_target":[0.5,0.5,0.5],"fov_axis":1,"matrix":[[0.5200160145759583,-0.05958280712366104,-0.8520753383636475,0.6919567584991455],[5.3551048040390015e-09,-0.997563898563385,0.069756418466568,-0.5159972906112671],[-0.8541563749313354,-0.03627448529005051,-0.5187491178512573,1.3871848583221436]],"relative_focal_length":[1.0,1.0],"scale":0.8264462351799011,"screen_center":[0.5007201433181763,0.4983441233634949],"zoom":1.0},"frame":17,"views":[{"camera0":[[0.786753237247467,0.042872123420238495,-0.6157764196395874,1.0105348825454712],[0.01640305109322071,-0.9986847639083862,-0.048573657870292664,0.1902865171432495],[-0.6170494556427002,0.02811482548713684,-0.7864217758178711,0.7820046544075012]],"camera1":[[0.786753237247467,0.042872123420238495,-0.6157764196395874,1.0105348825454712],[0.01640305109322071,-0.9986847639083862,-0.048573657870292664,0.1902865171432495],[-0.6170494556427002,0.02811482548713684,-0.7864217758178711,0.7820046544075012]],"full_resolution":[2064,2272],"relative_focal_length":[0.4356694221496582,0.4339345097541809],"screen_center":[0.3787437081336975,0.5965937376022339],"visualized_dimension":-1},{"camera0":[[0.786753237247467,0.042872123420238495,-0.6157764196395874,1.0502068996429443],[0.01640305109322071,-0.9986847639083862,-0.048573657870292664,0.19111371040344238],[-0.6170494556427002,0.02811482548713684,-0.7864217758178711,0.7508898973464966]],"camera1":[[0.786753237247467,0.042872123420238495,-0.6157764196395874,1.0502068996429443],[0.01640305109322071,-0.9986847639083862,-0.048573657870292664,0.19111371040344238],[-0.6170494556427002,0.02811482548713684,-0.7864217758178711,0.7508898973464966]],"full_resolution":[2064,2272],"relative_focal_length":[0.4356694221496582,0.4339345097541809],"screen_center":[0.6212562918663025,0.5965937376022339],"visualized_dimension":-1}]}
{"camera":{"aperture_size":0.0,"autofocus":false,"autofocus_depth":0.0,"autofocus_target":[0.5,0.5,0.5],"fov_axis":1,"matrix":[[0.5200160145759583,-0.05958280712366104,-0.8520753383636475,0.6919567584991455],[5.3551048040390015e-09,-0.997563898563385,0.069756418466568,-0.5159972906112671],[-0.8541563749313354,-0.03627448529005051,-0.5187491178512573,1.3871848583221436]],"relative_focal_length":[1.0,1.0],"scale":0.8264462351799011,"screen_center":[0.5007201433181763,0.4983441233634949],"zoom":1.0},"frame":18,"views":[{"camera0":[[0.7629275321960449,0.04508833587169647,-0.644909143447876,0.9956836700439453],[0.014223325997591019,-0.9984939694404602,-0.05298265814781189,0.19044768810272217],[-0.6463272571563721,0.031249135732650757,-0.7624199986457825,0.8042696118354797]],"camera1":[[0.7629275321960449,0.04508833587169647,-0.644909143447876,0.9956836700439453],[0.014223325997591019,-0.9984939694404602,-0.05298265814781189,0.19044768810272217],[-0.6463272571563721,0.031249135732650757,-0.7624199986457825,0.8042696118354797]],"full_resolution":[2064,2272],"relative_focal_length":[0.4356694221496582,0.4339345097541809],"screen_center":[0.3787437081336975,0.5965937376022339],"visualized_dimension":-1},{"camera0":[[0.7629275321960449,0.04508833587169647,-0.644909143447876,1.0341544151306152],[0.014223325997591019,-0.9984939694404602,-0.05298265814781189,0.19116491079330444],[-0.6463272571563721,0.031249135732650757,-0.7624199986457825,0.7716784477233887]],"camera1":[[0.7629275321960449,0.04508833587169647,-0.644909143447876,1.0341544151306152],[0.014223325997591019,-0.9984939694404602,-0.05298265814781189,0.19116491079330444],[-0.6463272571563721,0.031249135732650757,-0.7624199986457825,0.7716784477233887]],"full_resolution":[2064,2272],"relative_focal_length":[0.4356694221496582,0.4339345097541809],"screen_center":[0.6212562918663025,0.5965937376022339],"visualized_dimension":-1}]}
{"camera":{"aperture_size":0.0,"autofocus":false,"autofocus_depth":0.0,"autofocus_target":[0.5,0.5,0.5],"fov_axis":1,"matrix":[[0.5200160145759583,-0.05958280712366104,-0.8520753383636475,0.6919567584991455],[5.3551048040390015e-09,-0.997563898563385,0.069756418466568,-0.5159972906112671],[-0.8541563749313354,-0.03627448529005051,-0.5187491178512573,1.3871848583221436]],"relative_focal_length":[1.0,1.0],"scale":0.8264462351799011,"screen_center":[0.5007201433181763,0.4983441233634949],"zoom":1.0},"frame":19,"views":[{"camera0":[[0.7430242896080017,0.06668969988822937,-0.6659328937530518,0.9792875051498413],[0.03432062640786171,-0.9975103735923767,-0.06160163879394531,0.18923676013946533],[-0.6683836579322815,0.022916235029697418,-0.743463397026062,0.8311597108840942]],"camera1":[[0.7430242896080017,0.06668969988822937,-0.6659328937530518,0.9792875051498413],[0.03432062640786171,-0.9975103735923767,-0.06160163879394531,0.18923676013946533],[-0.6683836579322815,0.022916235029697418,-0.743463397026062,0.8311597108840942]],"full_resolution":[2064,2272],"relative_focal_length":[0.4356694221496582,0.4339345097541809],"screen_center":[0.3787437081336975,0.5965937376022339],"visualized_dimension":-1},{"camera0":[[0.7430242896080017,0.06668969988822937,-0.6659328937530518,1.0167545080184937],[0.03432062640786171,-0.9975103735923767,-0.06160163879394531,0.1909673810005188],[-0.6683836579322815,0.022916235029697418,-0.743463397026062,0.7974565625190735]],"camera1":[[0.7430242896080017,0.06668969988822937,-0.6659328937530518,1.0167545080184937],[0.03432062640786171,-0.9975103735923767,-0.06160163879394531,0.1909673810005188],[-0.6683836579322815,0.022916235029697418,-0.743463397026062,0.7974565625190735]],"full_resolution":[2064,2272],"relative_focal_length":[0.4356694221496582,0.4339345097541809],"screen_center":[0.6212562918663025,0.5965937376022339],"visualized_dimension":-1}]}
