{"camera":{"aperture_size":0.0,"autofocus":false,"autofocus_depth":0.0,"autofocus_target":[0.5,0.5,0.5],"fov_axis":1,"matrix":[[0.5200160145759583,-0.05958280712366104,-0.8520753383636475,0.8520753383636475],[5.3551048040390015e-09,-0.997563898563385,0.069756418466568,-0.069756418466568],[-0.8541563749313354,-0.03627448529005051,-0.5187491178512573,1.5187489986419678]],"relative_focal_length":[1.0,1.0],"scale":1.0,"screen_center":[0.5007201433181763,0.4983441233634949],"zoom":1.0},"frame":1,"views":[{"camera0":[[0.9689617156982422,-0.05980397388339043,-0.23986628651618958,1.0240036249160767],[-0.031191328540444374,-0.9921185374259949,0.12135717272758484,0.7983548641204834],[-0.24523386359214783,-0.11010874807834625,-0.9631905555725098,1.1555789709091187]],"camera1":[[0.9689617156982422,-0.05980397388339043,-0.23986628651618958,1.0240036249160767],[-0.031191328540444374,-0.9921185374259949,0.12135717272758484,0.7983548641204834],[-0.24523386359214783,-0.11010874807834625,-0.9631905555725098,1.1555789709091187]],"full_resolution":[2064,2272],"relative_focal_length":[0.4356694221496582,0.4339345097541809],"screen_center":[0.3787437081336975,0.5965937376022339],"visualized_dimension":-1},{"camera0":[[0.9689617156982422,-0.05980397388339043,-0.23986628651618958,1.0831241607666016],[-0.031191328540444374,-0.9921185374259949,0.12135717272758484,0.7964516878128052],[-0.24523386359214783,-0.11010874807834625,-0.9631905555725098,1.1406161785125732]],"camera1":[[0.9689617156982422,-0.05980397388339043,-0.23986628651618958,1.0831241607666016],[-0.031191328540444374,-0.9921185374259949,0.12135717272758484,0.7964516878128052],[-0.24523386359214783,-0.11010874807834625,-0.9631905555725098,1.1406161785125732]],"full_resolution":[2064,2272],"relative_focal_length":[0.4356694221496582,0.4339345097541809],"screen_center":[0.6212562918663025,0.5965937376022339],"visualized_dimension":-1}]}
{"camera":{"aperture_size":0.0,"autofocus":false,"autofocus_depth":0.0,"autofocus_target":[0.5,0.5,0.5],"fov_axis":1,"matrix":[[0.5200160145759583,-0.05958280712366104,-0.8520753383636475,0.8520753383636475],[5.3551048040390015e-09,-0.997563898563385,0.069756418466568,-0.069756418466568],[-0.8541563749313354,-0.03627448529005051,-0.5187491178512573,1.5187489986419678]],"relative_focal_length":[1.0,1.0],"scale":1.0,"screen_center":[0.5007201433181763,0.4983441233634949],"zoom":1.0},"frame":2,"views":[{"camera0":[[0.9744830131530762,-0.06091860309243202,-0.21603450179100037,1.0268216133117676],[-0.03218679130077362,-0.9904442429542542,0.134103924036026,0.7995768785476685],[-0.2221398949623108,-0.12372858822345734,-0.9671322107315063,1.157438039779663]],"camera1":[[0.9744830131530762,-0.06091860309243202,-0.21603450179100037,1.0268216133117676],[-0.03218679130077362,-0.9904442429542542,0.134103924036026,0.7995768785476685],[-0.2221398949623108,-0.12372858822345734,-0.9671322107315063,1.157438039779663]],"full_resolution":[2064,2272],"relative_focal_length":[0.4356694221496582,0.4339345097541809],"screen_center":[0.3787437081336975,0.5965937376022339],"visualized_dimension":-1},{"camera0":[[0.9744830131530762,-0.06091860309243202,-0.21603450179100037,1.086279034614563],[-0.03218679130077362,-0.9904442429542542,0.134103924036026,0.7976130247116089],[-0.2221398949623108,-0.12372858822345734,-0.9671322107315063,1.1438844203948975]],"camera1":[[0.9744830131530762,-0.06091860309243202,-0.21603450179100037,1.086279034614563],[-0.03218679130077362,-0.9904442429542542,0.134103924036026,0.7976130247116089],[-0.2221398949623108,-0.12372858822345734,-0.9671322107315063,1.1438844203948975]],"full_resolution":[2064,2272],"relative_focal_length":[0.4356694221496582,0.4339345097541809],"screen_center":[0.6212562918663025,0.5965937376022339],"visualized_dimension":-1}]}
{"camera":{"aperture_size":0.0,"autofocus":false,"autofocus_depth":0.0,"autofocus_target":[0.5,0.5,0.5],"fov_axis":1,"matrix":[[0.5200160145759583,-0.05958280712366104,-0.8520753383636475,0.8520753383636475],[5.3551048040390015e-09,-0.997563898563385,0.069756418466568,-0.069756418466568],[-0.8541563749313354,-0.03627448529005051,-0.5187491178512573,1.5187489986419678]],"relative_focal_length":[1.0,1.0],"scale":1.0,"screen_center":[0.5007201433181763,0.4983441233634949],"zoom":1.0},"frame":3,"views":[{"camera0":[[0.9794111847877502,-0.062022604048252106,-0.19211000204086304,1.0291171073913574],[-0.032994914799928665,-0.9880183935165405,0.1507674604654312,0.8013181686401367],[-0.19915956258773804,-0.1413247436285019,-0.9697229862213135,1.1604560613632202]],"camera1":[[0.9794111847877502,-0.062022604048252106,-0.19211000204086304,1.0291171073913574],[-0.032994914799928665,-0.9880183935165405,0.1507674604654312,0.8013181686401367],[-0.19915956258773804,-0.1413247436285019,-0.9697229862213135,1.1604560613632202]],"full_resolution":[2064,2272],"relative_focal_length":[0.4356694221496582,0.4339345097541809],"screen_center":[0.3787437081336975,0.5965937376022339],"visualized_dimension":-1},{"camera0":[[0.9794111847877502,-0.062022604048252106,-0.19211000204086304,1.0888751745224],[-0.032994914799928665,-0.9880183935165405,0.1507674604654312,0.7993049621582031],[-0.19915956258773804,-0.1413247436285019,-0.9697229862213135,1.1483044624328613]],"camera1":[[0.9794111847877502,-0.062022604048252106,-0.19211000204086304,1.0888751745224],[-0.032994914799928665,-0.9880183935165405,0.1507674604654312,0.7993049621582031],[-0.19915956258773804,-0.1413247436285019,-0.9697229862213135,1.1483044624328613]],"full_resolution":[2064,2272],"relative_focal_length":[0.4356694221496582,0.4339345097541809],"screen_center":[0.6212562918663025,0.5965937376022339],"visualized_dimension":-1}]}
{"camera":{"aperture_size":0.0,"autofocus":false,"autofocus_depth":0.0,"autofocus_target":[0.5,0.5,0.5],"fov_axis":1,"matrix":[[0.5200160145759583,-0.05958280712366104,-0.8520753383636475,0.8520753383636475],[5.3551048040390015e-09,-0.997563898563385,0.069756418466568,-0.069756418466568],[-0.8541563749313354,-0.03627448529005051,-0.5187491178512573,1.5187489986419678]],"relative_focal_length":[1.0,1.0],"scale":1.0,"screen_center":[0.5007201433181763,0.4983441233634949],"zoom":1.0},"frame":4,"views":[{"camera0":[[0.9816911220550537,-0.06034235656261444,-0.18066683411598206,1.0300931930541992],[-0.03221360594034195,-0.9874267578125,0.1547594666481018,0.8016889095306396],[-0.1877342164516449,-0.14610612392425537,-0.9712921977043152,1.1624155044555664]],"camera1":[[0.9816911220550537,-0.06034235656261444,-0.18066683411598206,1.0300931930541992],[-0.03221360594034195,-0.9874267578125,0.1547594666481018,0.8016889095306396],[-0.1877342164516449,-0.14610612392425537,-0.9712921977043152,1.1624155044555664]],"full_resolution":[2064,2272],"relative_focal_length":[0.4356694221496582,0.4339345097541809],"screen_center":[0.3787437081336975,0.5965937376022339],"visualized_dimension":-1},{"camera0":[[0.9816911220550537,-0.06034235656261444,-0.18066683411598206,1.0899903774261475],[-0.03221360594034195,-0.9874267578125,0.1547594666481018,0.7997233867645264],[-0.1877342164516449,-0.14610612392425537,-0.9712921977043152,1.150960922241211]],"camera1":[[0.9816911220550537,-0.06034235656261444,-0.18066683411598206,1.0899903774261475],[-0.03221360594034195,-0.9874267578125,0.1547594666481018,0.7997233867645264],[-0.1877342164516449,-0.14610612392425537,-0.9712921977043152,1.150960922241211]],"full_resolution":[2064,2272],"relative_focal_length":[0.4356694221496582,0.4339345097541809],"screen_center":[0.6212562918663025,0.5965937376022339],"visualized_dimension":-1}]}
{"camera":{"aperture_size":0.0,"autofocus":false,"autofocus_depth":0.0,"autofocus_target":[0.5,0.5,0.5],"fov_axis":1,"matrix":[[0.5200160145759583,-0.05958280712366104,-0.8520753383636475,0.8520753383636475],[5.3551048040390015e-09,-0.997563898563385,0.069756418466568,-0.069756418466568],[-0.8541563749313354,-0.03627448529005051,-0.5187491178512573,1.5187489986419678]],"relative_focal_length":[1.0,1.0],"scale":1.0,"screen_center":[0.5007201433181763,0.4983441233634949],"zoom":1.0},"frame":5,"views":[{"camera0":[[0.9829922914505005,-0.059303272515535355,-0.17380574345588684,1.030601978302002],[-0.03242364525794983,-0.9876013994216919,0.1535959541797638,0.8015774488449097],[-0.18075993657112122,-0.14534828066825867,-0.9727277755737305,1.1656579971313477]],"camera1":[[0.9829922914505005,-0.059303272515535355,-0.17380574345588684,1.030601978302002],[-0.03242364525794983,-0.9876013994216919,0.1535959541797638,0.8015774488449097],[-0.18075993657112122,-0.14534828066825867,-0.9727277755737305,1.1656579971313477]],"full_resolution":[2064,2272],"relative_focal_length":[0.4356694221496582,0.4339345097541809],"screen_center":[0.3787437081336975,0.5965937376022339],"visualized_dimension":-1},{"camera0":[[0.9829922914505005,-0.059303272515535355,-0.17380574345588684,1.090578556060791],[-0.03242364525794983,-0.9876013994216919,0.1535959541797638,0.7995991706848145],[-0.18075993657112122,-0.14534828066825867,-0.9727277755737305,1.154629111289978]],"camera1":[[0.9829922914505005,-0.059303272515535355,-0.17380574345588684,1.090578556060791],[-0.03242364525794983,-0.9876013994216919,0.1535959541797638,0.7995991706848145],[-0.18075993657112122,-0.14534828066825867,-0.9727277755737305,1.154629111289978]],"full_resolution":[2064,2272],"relative_focal_length":[0.4356694221496582,0.4339345097541809],"screen_center":[0.6212562918663025,0.5965937376022339],"visualized_dimension":-1}]}
{"camera":{"aperture_size":0.0,"autofocus":false,"autofocus_depth":0.0,"autofocus_target":[0.5,0.5,0.5],"fov_axis":1,"matrix":[[0.5200160145759583,-0.05958280712366104,-0.8520753383636475,0.8520753383636475],[5.3551048040390015e-09,-0.997563898563385,0.069756418466568,-0.069756418466568],[-0.8541563749313354,-0.03627448529005051,-0.5187491178512573,1.5187489986419678]],"relative_focal_length":[1.0,1.0],"scale":1.0,"screen_center":[0.5007201433181763,0.4983441233634949],"zoom":1.0},"frame":6,"views":[{"camera0":[[0.9824010133743286,-0.06131308153271675,-0.17643186450004578,1.0304234027862549],[-0.032881297171115875,-0.9866056442260742,0.15977424383163452,0.8023487329483032],[-0.1838652491569519,-0.15116113424301147,-0.971258819103241,1.169072151184082]],"camera1":[[0.9824010133743286,-0.06131308153271675,-0.17643186450004578,1.0304234027862549],[-0.032881297171115875,-0.9866056442260742,0.15977424383163452,0.8023487329483032],[-0.1838652491569519,-0.15116113424301147,-0.971258819103241,1.169072151184082]],"full_resolution":[2064,2272],"relative_focal_length":[0.4356694221496582,0.4339345097541809],"screen_center":[0.3787437081336975,0.5965937376022339],"visualized_dimension":-1},{"camera0":[[0.9824010133743286,-0.06131308153271675,-0.17643186450004578,1.09036386013031],[-0.032881297171115875,-0.9866056442260742,0.15977424383163452,0.8003424406051636],[-0.1838652491569519,-0.15116113424301147,-0.971258819103241,1.157853603363037]],"camera1":[[0.9824010133743286,-0.06131308153271675,-0.17643186450004578,1.09036386013031],[-0.032881297171115875,-0.9866056442260742,0.15977424383163452,0.8003424406051636],[-0.1838652491569519,-0.15116113424301147,-0.971258819103241,1.157853603363037]],"full_resolution":[2064,2272],"relative_focal_length":[0.4356694221496582,0.4339345097541809],"screen_center":[0.6212562918663025,0.5965937376022339],"visualized_dimension":-1}]}
{"camera":{"aperture_size":0.0,"autofocus":false,"autofocus_depth":0.0,"autofocus_target":[0.5,0.5,0.5],"fov_axis":1,"matrix":[[0.5200160145759583,-0.05958280712366104,-0.8520753383636475,0.8520753383636475],[5.3551048040390015e-09,-0.997563898563385,0.069756418466568,-0.069756418466568],[-0.8541563749313354,-0.03627448529005051,-0.5187491178512573,1.5187489986419678]],"relative_focal_length":[1.0,1.0],"scale":1.0,"screen_center":[0.5007201433181763,0.4983441233634949],"zoom":1.0},"frame":7,"views":[{"camera0":[[0.98253333568573,-0.06131093576550484,-0.17569351196289063,1.0303823947906494],[-0.03359811007976532,-0.9870949387550354,0.15657107532024384,0.802091121673584],[-0.1830260157585144,-0.14793340861797333,-0.9719139337539673,1.1717398166656494]],"camera1":[[0.98253333568573,-0.06131093576550484,-0.17569351196289063,1.0303823947906494],[-0.03359811007976532,-0.9870949387550354,0.15657107532024384,0.802091121673584],[-0.1830260157585144,-0.14793340861797333,-0.9719139337539673,1.1717398166656494]],"full_resolution":[2064,2272],"relative_focal_length":[0.4356694221496582,0.4339345097541809],"screen_center":[0.3787437081336975,0.5965937376022339],"visualized_dimension":-1},{"camera0":[[0.98253333568573,-0.06131093576550484,-0.17569351196289063,1.090330958366394],[-0.03359811007976532,-0.9870949387550354,0.15657107532024384,0.8000411987304688],[-0.1830260157585144,-0.14793340861797333,-0.9719139337539673,1.1605725288391113]],"camera1":[[0.98253333568573,-0.06131093576550484,-0.17569351196289063,1.090330958366394],[-0.03359811007976532,-0.9870949387550354,0.15657107532024384,0.8000411987304688],[-0.1830260157585144,-0.14793340861797333,-0.9719139337539673,1.1605725288391113]],"full_resolution":[2064,2272],"relative_focal_length":[0.4356694221496582,0.4339345097541809],"screen_center":[0.6212562918663025,0.5965937376022339],"visualized_dimension":-1}]}
{"camera":{"aperture_size":0.0,"autofocus":false,"autofocus_depth":0.0,"autofocus_target":[0.5,0.5,0.5],"fov_axis":1,"matrix":[[0.5200160145759583,-0.05958280712366104,-0.8520753383636475,0.8520753383636475],[5.3551048040390015e-09,-0.997563898563385,0.069756418466568,-0.069756418466568],[-0.8541563749313354,-0.03627448529005051,-0.5187491178512573,1.5187489986419678]],"relative_focal_length":[1.0,1.0],"scale":1.0,"screen_center":[0.5007201433181763,0.4983441233634949],"zoom":1.0},"frame":8,"views":[{"camera0":[[0.9814453125,-0.05741623044013977,-0.18294188380241394,1.029250144958496],[-0.03133104741573334,-0.9893115162849426,0.1424107551574707,0.8008583784103394],[-0.18916359543800354,-0.13403664529323578,-0.9727543592453003,1.173801302909851]],"camera1":[[0.9814453125,-0.05741623044013977,-0.18294188380241394,1.029250144958496],[-0.03133104741573334,-0.9893115162849426,0.1424107551574707,0.8008583784103394],[-0.18916359543800354,-0.13403664529323578,-0.9727543592453003,1.173801302909851]],"full_resolution":[2064,2272],"relative_focal_length":[0.4356694221496582,0.4339345097541809],"screen_center":[0.3787437081336975,0.5965937376022339],"visualized_dimension":-1},{"camera0":[[0.9814453125,-0.05741623044013977,-0.18294188380241394,1.089132308959961],[-0.03133104741573334,-0.9893115162849426,0.1424107551574707,0.798946738243103],[-0.18916359543800354,-0.13403664529323578,-0.9727543592453003,1.162259578704834]],"camera1":[[0.9814453125,-0.05741623044013977,-0.18294188380241394,1.089132308959961],[-0.03133104741573334,-0.9893115162849426,0.1424107551574707,0.798946738243103],[-0.18916359543800354,-0.13403664529323578,-0.9727543592453003,1.162259578704834]],"full_resolution":[2064,2272],"relative_focal_length":[0.4356694221496582,0.4339345097541809],"screen_center":[0.6212562918663025,0.5965937376022339],"visualized_dimension":-1}]}
{"camera":{"aperture_size":0.0,"autofocus":false,"autofocus_depth":0.0,"autofocus_target":[0.5,0.5,0.5],"fov_axis":1,"matrix":[[0.5200160145759583,-0.05958280712366104,-0.8520753383636475,0.8520753383636475],[5.3551048040390015e-09,-0.997563898563385,0.069756418466568,-0.069756418466568],[-0.8541563749313354,-0.03627448529005051,-0.5187491178512573,1.5187489986419678]],"relative_focal_length":[1.0,1.0],"scale":1.0,"screen_center":[0.5007201433181763,0.4983441233634949],"zoom":1.0},"frame":9,"views":[{"camera0":[[0.9809649586677551,-0.05653461813926697,-0.18577063083648682,1.029162049293518],[-0.0312572717666626,-0.990176796913147,0.13628119230270386,0.8000329732894897],[-0.1916506588459015,-0.12788045406341553,-0.9730962514877319,1.173991084098816]],"camera1":[[0.9809649586677551,-0.05653461813926697,-0.18577063083648682,1.029162049293518],[-0.0312572717666626,-0.990176796913147,0.13628119230270386,0.8000329732894897],[-0.1916506588459015,-0.12788045406341553,-0.9730962514877319,1.173991084098816]],"full_resolution":[2064,2272],"relative_focal_length":[0.4356694221496582,0.4339345097541809],"screen_center":[0.3787437081336975,0.5965937376022339],"visualized_dimension":-1},{"camera0":[[0.9809649586677551,-0.05653461813926697,-0.18577063083648682,1.0890148878097534],[-0.0312572717666626,-0.990176796913147,0.13628119230270386,0.7981258630752563],[-0.1916506588459015,-0.12788045406341553,-0.9730962514877319,1.1622976064682007]],"camera1":[[0.9809649586677551,-0.05653461813926697,-0.18577063083648682,1.0890148878097534],[-0.0312572717666626,-0.990176796913147,0.13628119230270386,0.7981258630752563],[-0.1916506588459015,-0.12788045406341553,-0.9730962514877319,1.1622976064682007]],"full_resolution":[2064,2272],"relative_focal_length":[0.4356694221496582,0.4339345097541809],"screen_center":[0.6212562918663025,0.5965937376022339],"visualized_dimension":-1}]}
{"camera":{"aperture_size":0.0,"autofocus":false,"autofocus_depth":0.0,"autofocus_target":[0.5,0.5,0.5],"fov_axis":1,"matrix":[[0.5200160145759583,-0.05958280712366104,-0.8520753383636475,0.8520753383636475],[5.3551048040390015e-09,-0.997563898563385,0.069756418466568,-0.069756418466568],[-0.8541563749313354,-0.03627448529005051,-0.5187491178512573,1.5187489986419678]],"relative_focal_length":[1.0,1.0],"scale":1.0,"screen_center":[0.5007201433181763,0.4983441233634949],"zoom":1.0},"frame":10,"views":[{"camera0":[[0.9791405200958252,-0.05644891783595085,-0.19518375396728516,1.0283241271972656],[-0.03094569407403469,-0.9908559918403625,0.1313256025314331,0.7991806268692017],[-0.20081254839897156,-0.12254615128040314,-0.9719343185424805,1.1751835346221924]],"camera1":[[0.9791405200958252,-0.05644891783595085,-0.19518375396728516,1.0283241271972656],[-0.03094569407403469,-0.9908559918403625,0.1313256025314331,0.7991806268692017],[-0.20081254839897156,-0.12254615128040314,-0.9719343185424805,1.1751835346221924]],"full_resolution":[2064,2272],"relative_focal_length":[0.4356694221496582,0.4339345097541809],"screen_center":[0.3787437081336975,0.5965937376022339],"visualized_dimension":-1},{"camera0":[[0.9791405200958252,-0.05644891783595085,-0.19518375396728516,1.08806574344635],[-0.03094569407403469,-0.9908559918403625,0.1313256025314331,0.7972924709320068],[-0.20081254839897156,-0.12254615128040314,-0.9719343185424805,1.162930965423584]],"camera1":[[0.9791405200958252,-0.05644891783595085,-0.19518375396728516,1.08806574344635],[-0.03094569407403469,-0.9908559918403625,0.1313256025314331,0.7972924709320068],[-0.20081254839897156,-0.12254615128040314,-0.9719343185424805,1.162930965423584]],"full_resolution":[2064,2272],"relative_focal_length":[0.4356694221496582,0.4339345097541809],"screen_center":[0.6212562918663025,0.5965937376022339],"visualized_dimension":-1}]}
{"camera":{"aperture_size":0.0,"autofocus":false,"autofocus_depth":0.0,"autofocus_target":[0.5,0.5,0.5],"fov_axis":1,"matrix":[[0.5200160145759583,-0.05958280712366104,-0.8520753383636475,0.8520753383636475],[5.3551048040390015e-09,-0.997563898563385,0.069756418466568,-0.069756418466568],[-0.8541563749313354,-0.03627448529005051,-0.5187491178512573,1.5187489986419678]],"relative_focal_length":[1.0,1.0],"scale":1.0,"screen_center":[0.5007201433181763,0.4983441233634949],"zoom":1.0},"frame":11,"views":[{"camera0":[[0.9736329317092896,-0.04411105066537857,-0.22381284832954407,1.0254993438720703],[-0.026087040081620216,-0.9962194561958313,0.082860067486763,0.7934062480926514],[-0.22662219405174255,-0.07483672350645065,-0.9711031913757324,1.1775202751159668]],"camera1":[[0.9736329317092896,-0.04411105066537857,-0.22381284832954407,1.0254993438720703],[-0.026087040081620216,-0.9962194561958313,0.082860067486763,0.7934062480926514],[-0.22662219405174255,-0.07483672350645065,-0.9711031913757324,1.1775202751159668]],"full_resolution":[2064,2272],"relative_focal_length":[0.4356694221496582,0.4339345097541809],"screen_center":[0.3787437081336975,0.5965937376022339],"visualized_dimension":-1},{"camera0":[[0.9736329317092896,-0.04411105066537857,-0.22381284832954407,1.0849049091339111],[-0.026087040081620216,-0.9962194561958313,0.082860067486763,0.7918146848678589],[-0.22662219405174255,-0.07483672350645065,-0.9711031913757324,1.1636929512023926]],"camera1":[[0.9736329317092896,-0.04411105066537857,-0.22381284832954407,1.0849049091339111],[-0.026087040081620216,-0.9962194561958313,0.082860067486763,0.7918146848678589],[-0.22662219405174255,-0.07483672350645065,-0.9711031913757324,1.1636929512023926]],"full_resolution":[2064,2272],"relative_focal_length":[0.4356694221496582,0.4339345097541809],"screen_center":[0.6212562918663025,0.5965937376022339],"visualized_dimension":-1}]}
{"camera":{"aperture_size":0.0,"autofocus":false,"autofocus_depth":0.0,"autofocus_target":[0.5,0.5,0.5],"fov_axis":1,"matrix":[[0.5200160145759583,-0.05958280712366104,-0.8520753383636475,0.8520753383636475],[5.3551048040390015e-09,-0.997563898563385,0.069756418466568,-0.069756418466568],[-0.8541563749313354,-0.03627448529005051,-0.5187491178512573,1.5187489986419678]],"relative_focal_length":[1.0,1.0],"scale":1.0,"screen_center":[0.5007201433181763,0.4983441233634949],"zoom":1.0},"frame":12,"views":[{"camera0":[[0.9622681140899658,-0.0005109831690788269,-0.27210110425949097,1.0194637775421143],[-0.013175886124372482,-0.9989125728607178,-0.04471954330801964,0.7772886753082275],[-0.2717828154563904,0.04661734402179718,-0.9612287282943726,1.1760140657424927]],"camera1":[[0.9622681140899658,-0.0005109831690788269,-0.27210110425949097,1.0194637775421143],[-0.013175886124372482,-0.9989125728607178,-0.04471954330801964,0.7772886753082275],[-0.2717828154563904,0.04661734402179718,-0.9612287282943726,1.1760140657424927]],"full_resolution":[2064,2272],"relative_focal_length":[0.4356694221496582,0.4339345097541809],"screen_center":[0.3787437081336975,0.5965937376022339],"visualized_dimension":-1},{"camera0":[[0.9622681140899658,-0.0005109831690788269,-0.27210110425949097,1.0781757831573486],[-0.013175886124372482,-0.9989125728607178,-0.04471954330801964,0.7764848470687866],[-0.2717828154563904,0.04661734402179718,-0.9612287282943726,1.1594314575195313]],"camera1":[[0.9622681140899658,-0.0005109831690788269,-0.27210110425949097,1.0781757831573486],[-0.013175886124372482,-0.9989125728607178,-0.04471954330801964,0.7764848470687866],[-0.2717828154563904,0.04661734402179718,-0.9612287282943726,1.1594314575195313]],"full_resolution":[2064,2272],"relative_focal_length":[0.4356694221496582,0.4339345097541809],"screen_center":[0.6212562918663025,0.5965937376022339],"visualized_dimension":-1}]}
{"camera":{"aperture_size":0.0,"autofocus":false,"autofocus_depth":0.0,"autofocus_target":[0.5,0.5,0.5],"fov_axis":1,"matrix":[[0.5200160145759583,-0.05958280712366104,-0.8520753383636475,0.8520753383636475],[5.3551048040390015e-09,-0.997563898563385,0.069756418466568,-0.069756418466568],[-0.8541563749313354,-0.03627448529005051,-0.5187491178512573,1.5187489986419678]],"relative_focal_length":[1.0,1.0],"scale":1.0,"screen_center":[0.5007201433181763,0.4983441233634949],"zoom":1.0},"frame":13,"views":[{"camera0":[[0.9487165212631226,0.005396343767642975,-0.31608080863952637,1.0150504112243652],[-0.017909176647663116,-0.997330904006958,-0.07078127562999725,0.7764095067977905],[-0.31561946868896484,0.07281211018562317,-0.9460879564285278,1.1780719757080078]],"camera1":[[0.9487165212631226,0.005396343767642975,-0.31608080863952637,1.0150504112243652],[-0.017909176647663116,-0.997330904006958,-0.07078127562999725,0.7764095067977905],[-0.31561946868896484,0.07281211018562317,-0.9460879564285278,1.1780719757080078]],"full_resolution":[2064,2272],"relative_focal_length":[0.4356694221496582,0.4339345097541809],"screen_center":[0.3787437081336975,0.5965937376022339],"visualized_dimension":-1},{"camera0":[[0.9487165212631226,0.005396343767642975,-0.31608080863952637,1.072935700416565],[-0.017909176647663116,-0.997330904006958,-0.07078127562999725,0.7753167152404785],[-0.31561946868896484,0.07281211018562317,-0.9460879564285278,1.1588146686553955]],"camera1":[[0.9487165212631226,0.005396343767642975,-0.31608080863952637,1.072935700416565],[-0.017909176647663116,-0.997330904006958,-0.07078127562999725,0.7753167152404785],[-0.31561946868896484,0.07281211018562317,-0.9460879564285278,1.1588146686553955]],"full_resolution":[2064,2272],"relative_focal_length":[0.4356694221496582,0.4339345097541809],"screen_center":[0.6212562918663025,0.5965937376022339],"visualized_dimension":-1}]}
{"camera":{"aperture_size":0.0,"autofocus":false,"autofocus_depth":0.0,"autofocus_target":[0.5,0.5,0.5],"fov_axis":1,"matrix":[[0.5200160145759583,-0.05958280712366104,-0.8520753383636475,0.8520753383636475],[5.3551048040390015e-09,-0.997563898563385,0.069756418466568,-0.069756418466568],[-0.8541563749313354,-0.03627448529005051,-0.5187491178512573,1.5187489986419678]],"relative_focal_length":[1.0,1.0],"scale":1.0,"screen_center":[0.5007201433181763,0.4983441233634949],"zoom":1.0},"frame":14,"views":[{"camera0":[[0.9385322332382202,0.007444113492965698,-0.345110148191452,1.009952425956726],[-0.024779221042990685,-0.9957351684570313,-0.08886553347110748,0.7723879814147949],[-0.34430038928985596,0.09195471554994583,-0.9343453645706177,1.1788856983184814]],"camera1":[[0.9385322332382202,0.007444113492965698,-0.345110148191452,1.009952425956726],[-0.024779221042990685,-0.9957351684570313,-0.08886553347110748,0.7723879814147949],[-0.34430038928985596,0.09195471554994583,-0.9343453645706177,1.1788856983184814]],"full_resolution":[2064,2272],"relative_focal_length":[0.4356694221496582,0.4339345097541809],"screen_center":[0.3787437081336975,0.5965937376022339],"visualized_dimension":-1},{"camera0":[[0.9385322332382202,0.007444113492965698,-0.345110148191452,1.0672162771224976],[-0.024779221042990685,-0.9957351684570313,-0.08886553347110748,0.7708760499954224],[-0.34430038928985596,0.09195471554994583,-0.9343453645706177,1.1578783988952637]],"camera1":[[0.9385322332382202,0.007444113492965698,-0.345110148191452,1.0672162771224976],[-0.024779221042990685,-0.9957351684570313,-0.08886553347110748,0.7708760499954224],[-0.34430038928985596,0.09195471554994583,-0.9343453645706177,1.1578783988952637]],"full_resolution":[2064,2272],"relative_focal_length":[0.4356694221496582,0.4339345097541809],"screen_center":[0.6212562918663025,0.5965937376022339],"visualized_dimension":-1}]}
{"camera":{"aperture_size":0.0,"autofocus":false,"autofocus_depth":0.0,"autofocus_target":[0.5,0.5,0.5],"fov_axis":1,"matrix":[[0.5200160145759583,-0.05958280712366104,-0.8520753383636475,0.8520753383636475],[5.3551048040390015e-09,-0.997563898563385,0.069756418466568,-0.069756418466568],[-0.8541563749313354,-0.03627448529005051,-0.5187491178512573,1.5187489986419678]],"relative_focal_length":[1.0,1.0],"scale":1.0,"screen_center":[0.5007201433181763,0.4983441233634949],"zoom":1.0},"frame":15,"views":[{"camera0":[[0.9388414621353149,0.012748360633850098,-0.3441121280193329,1.0036118030548096],[-0.033190518617630005,-0.9913113117218018,-0.12727877497673035,0.7678114175796509],[-0.342745304107666,0.13091586530208588,-0.9302614331245422,1.1773720979690552]],"camera1":[[0.9388414621353149,0.012748360633850098,-0.3441121280193329,1.0036118030548096],[-0.033190518617630005,-0.9913113117218018,-0.12727877497673035,0.7678114175796509],[-0.342745304107666,0.13091586530208588,-0.9302614331245422,1.1773720979690552]],"full_resolution":[2064,2272],"relative_focal_length":[0.4356694221496582,0.4339345097541809],"screen_center":[0.3787437081336975,0.5965937376022339],"visualized_dimension":-1},{"camera0":[[0.9388414621353149,0.012748360633850098,-0.3441121280193329,1.06089448928833],[-0.033190518617630005,-0.9913113117218018,-0.12727877497673035,0.7657862901687622],[-0.342745304107666,0.13091586530208588,-0.9302614331245422,1.1564596891403198]],"camera1":[[0.9388414621353149,0.012748360633850098,-0.3441121280193329,1.06089448928833],[-0.033190518617630005,-0.9913113117218018,-0.12727877497673035,0.7657862901687622],[-0.342745304107666,0.13091586530208588,-0.9302614331245422,1.1564596891403198]],"full_resolution":[2064,2272],"relative_focal_length":[0.4356694221496582,0.4339345097541809],"screen_center":[0.6212562918663025,0.5965937376022339],"visualized_dimension":-1}]}
{"camera":{"aperture_size":0.0,"autofocus":false,"autofocus_depth":0.0,"autofocus_target":[0.5,0.5,0.5],"fov_axis":1,"matrix":[[0.5200160145759583,-0.05958280712366104,-0.8520753383636475,0.8520753383636475],[5.3551048040390015e-09,-0.997563898563385,0.069756418466568,-0.069756418466568],[-0.8541563749313354,-0.03627448529005051,-0.5187491178512573,1.5187489986419678]],"relative_focal_length":[1.0,1.0],"scale":1.0,"screen_center":[0.5007201433181763,0.4983441233634949],"zoom":1.0},"frame":16,"views":[{"camera0":[[0.9393919706344604,0.009305991232395172,-0.3427172899246216,1.0004297494888306],[-0.03230878338217735,-0.9927798509597778,-0.11551600694656372,0.7695449590682983],[-0.341318279504776,0.11958760023117065,-0.932309091091156,1.1791633367538452]],"camera1":[[0.9393919706344604,0.009305991232395172,-0.3427172899246216,1.0004297494888306],[-0.03230878338217735,-0.9927798509597778,-0.11551600694656372,0.7695449590682983],[-0.341318279504776,0.11958760023117065,-0.932309091091156,1.1791633367538452]],"full_resolution":[2064,2272],"relative_focal_length":[0.4356694221496582,0.4339345097541809],"screen_center":[0.3787437081336975,0.5965937376022339],"visualized_dimension":-1},{"camera0":[[0.9393919706344604,0.009305991232395172,-0.3427172899246216,1.0577460527420044],[-0.03230878338217735,-0.9927798509597778,-0.11551600694656372,0.7675737142562866],[-0.341318279504776,0.11958760023117065,-0.932309091091156,1.1583380699157715]],"camera1":[[0.9393919706344604,0.009305991232395172,-0.3427172899246216,1.0577460527420044],[-0.03230878338217735,-0.9927798509597778,-0.11551600694656372,0.7675737142562866],[-0.341318279504776,0.11958760023117065,-0.932309091091156,1.1583380699157715]],"full_resolution":[2064,2272],"relative_focal_length":[0.4356694221496582,0.4339345097541809],"screen_center":[0.6212562918663025,0.5965937376022339],"visualized_dimension":-1}]}
{"camera":{"aperture_size":0.0,"autofocus":false,"autofocus_depth":0.0,"autofocus_target":[0.5,0.5,0.5],"fov_axis":1,"matrix":[[0.5200160145759583,-0.05958280712366104,-0.8520753383636475,0.8520753383636475],[5.3551048040390015e-09,-0.997563898563385,0.069756418466568,-0.069756418466568],[-0.8541563749313354,-0.03627448529005051,-0.5187491178512573,1.5187489986419678]],"relative_focal_length":[1.0,1.0],"scale":1.0,"screen_center":[0.5007201433181763,0.4983441233634949],"zoom":1.0},"frame":17,"views":[{"camera0":[[0.9375497102737427,0.011531881988048553,-0.34765881299972534,0.9958875179290771],[-0.032350942492485046,-0.9922277927398682,-0.12015457451343536,0.7692179679870605],[-0.34634271264076233,0.1238979920744896,-0.9298900365829468,1.1819846630096436]],"camera1":[[0.9375497102737427,0.011531881988048553,-0.34765881299972534,0.9958875179290771],[-0.032350942492485046,-0.9922277927398682,-0.12015457451343536,0.7692179679870605],[-0.34634271264076233,0.1238979920744896,-0.9298900365829468,1.1819846630096436]],"full_resolution":[2064,2272],"relative_focal_length":[0.4356694221496582,0.4339345097541809],"screen_center":[0.3787437081336975,0.5965937376022339],"visualized_dimension":-1},{"camera0":[[0.9375497102737427,0.011531881988048553,-0.34765881299972534,1.0530914068222046],[-0.032350942492485046,-0.9922277927398682,-0.12015457451343536,0.7672442197799683],[-0.34634271264076233,0.1238979920744896,-0.9298900365829468,1.1608529090881348]],"camera1":[[0.9375497102737427,0.011531881988048553,-0.34765881299972534,1.0530914068222046],[-0.032350942492485046,-0.9922277927398682,-0.12015457451343536,0.7672442197799683],[-0.34634271264076233,0.1238979920744896,-0.9298900365829468,1.1608529090881348]],"full_resolution":[2064,2272],"relative_focal_length":[0.4356694221496582,0.4339345097541809],"screen_center":[0.6212562918663025,0.5965937376022339],"visualized_dimension":-1}]}
{"camera":{"aperture_size":0.0,"autofocus":false,"autofocus_depth":0.0,"autofocus_target":[0.5,0.5,0.5],"fov_axis":1,"matrix":[[0.5200160145759583,-0.05958280712366104,-0.8520753383636475,0.8520753383636475],[5.3551048040390015e-09,-0.997563898563385,0.069756418466568,-0.069756418466568],[-0.8541563749313354,-0.03627448529005051,-0.5187491178512573,1.5187489986419678]],"relative_focal_length":[1.0,1.0],"scale":1.0,"screen_center":[0.5007201433181763,0.4983441233634949],"zoom":1.0},"frame":18,"views":[{"camera0":[[0.9390040636062622,0.013002566993236542,-0.343658983707428,0.9921247363090515],[-0.030094996094703674,-0.9923444390296936,-0.11977644264698029,0.7696993350982666],[-0.342585951089859,0.12281298637390137,-0.9314244389533997,1.1851038932800293]],"camera1":[[0.9390040636062622,0.013002566993236542,-0.343658983707428,0.9921247363090515],[-0.030094996094703674,-0.9923444390296936,-0.11977644264698029,0.7696993350982666],[-0.342585951089859,0.12281298637390137,-0.9314244389533997,1.1851038932800293]],"full_resolution":[2064,2272],"relative_focal_length":[0.4356694221496582,0.4339345097541809],"screen_center":[0.3787437081336975,0.5965937376022339],"visualized_dimension":-1},{"camera0":[[0.9390040636062622,0.013002566993236542,-0.343658983707428,1.0494173765182495],[-0.030094996094703674,-0.9923444390296936,-0.11977644264698029,0.7678631544113159],[-0.342585951089859,0.12281298637390137,-0.9314244389533997,1.164201259613037]],"camera1":[[0.9390040636062622,0.013002566993236542,-0.343658983707428,1.0494173765182495],[-0.030094996094703674,-0.9923444390296936,-0.11977644264698029,0.7678631544113159],[-0.342585951089859,0.12281298637390137,-0.9314244389533997,1.164201259613037]],"full_resolution":[2064,2272],"relative_focal_length":[0.4356694221496582,0.4339345097541809],"screen_center":[0.6212562918663025,0.5965937376022339],"visualized_dimension":-1}]}
{"camera":{"aperture_size":0.0,"autofocus":false,"autofocus_depth":0.0,"autofocus_target":[0.5,0.5,0.5],"fov_axis":1,"matrix":[[0.5200160145759583,-0.05958280712366104,-0.8520753383636475,0.8520753383636475],[5.3551048040390015e-09,-0.997563898563385,0.069756418466568,-0.069756418466568],[-0.8541563749313354,-0.03627448529005051,-0.5187491178512573,1.5187489986419678]],"relative_focal_length":[1.0,1.0],"scale":1.0,"screen_center":[0.5007201433181763,0.4983441233634949],"zoom":1.0},"frame":19,"views":[{"camera0":[[0.9380548000335693,0.011968985199928284,-0.3462790846824646,0.9881477952003479],[-0.030662616714835167,-0.9926143288612366,-0.11737266927957535,0.770014762878418],[-0.3451268970966339,0.12071983516216278,-0.930759847164154,1.189598560333252]],"camera1":[[0.9380548000335693,0.011968985199928284,-0.3462790846824646,0.9881477952003479],[-0.030662616714835167,-0.9926143288612366,-0.11737266927957535,0.770014762878418],[-0.3451268970966339,0.12071983516216278,-0.930759847164154,1.189598560333252]],"full_resolution":[2064,2272],"relative_focal_length":[0.4356694221496582,0.4339345097541809],"screen_center":[0.3787437081336975,0.5965937376022339],"visualized_dimension":-1},{"camera0":[[0.9380548000335693,0.011968985199928284,-0.3462790846824646,1.0453824996948242],[-0.030662616714835167,-0.9926143288612366,-0.11737266927957535,0.768143892288208],[-0.3451268970966339,0.12071983516216278,-0.930759847164154,1.1685409545898438]],"camera1":[[0.9380548000335693,0.011968985199928284,-0.3462790846824646,1.0453824996948242],[-0.030662616714835167,-0.9926143288612366,-0.11737266927957535,0.768143892288208],[-0.3451268970966339,0.12071983516216278,-0.930759847164154,1.1685409545898438]],"full_resolution":[2064,2272],"relative_focal_length":[0.4356694221496582,0.4339345097541809],"screen_center":[0.6212562918663025,0.5965937376022339],"visualized_dimension":-1}]}
{"camera":{"aperture_size":0.0,"autofocus":false,"autofocus_depth":0.0,"autofocus_target":[0.5,0.5,0.5],"fov_axis":1,"matrix":[[0.5200160145759583,-0.05958280712366104,-0.8520753383636475,0.8520753383636475],[5.3551048040390015e-09,-0.997563898563385,0.069756418466568,-0.069756418466568],[-0.8541563749313354,-0.03627448529005051,-0.5187491178512573,1.5187489986419678]],"relative_focal_length":[1.0,1.0],"scale":1.0,"screen_center":[0.5007201433181763,0.4983441233634949],"zoom":1.0},"frame":20,"views":[{"camera0":[[0.9350814819335938,0.011531315743923187,-0.3542441129684448,0.9842841625213623],[-0.03135501220822334,-0.9928604960441589,-0.11508563160896301,0.7707569599151611],[-0.35304251313209534,0.11872176826000214,-0.9280439615249634,1.1944133043289185]],"camera1":[[0.9350814819335938,0.011531315743923187,-0.3542441129684448,0.9842841625213623],[-0.03135501220822334,-0.9928604960441589,-0.11508563160896301,0.7707569599151611],[-0.35304251313209534,0.11872176826000214,-0.9280439615249634,1.1944133043289185]],"full_resolution":[2064,2272],"relative_focal_length":[0.4356694221496582,0.4339345097541809],"screen_center":[0.3787437081336975,0.5965937376022339],"visualized_dimension":-1},{"camera0":[[0.9350814819335938,0.011531315743923187,-0.3542441129684448,1.041337490081787],[-0.03135501220822334,-0.9928604960441589,-0.11508563160896301,0.7688437700271606],[-0.35304251313209534,0.11872176826000214,-0.9280439615249634,1.1728726625442505]],"camera1":[[0.9350814819335938,0.011531315743923187,-0.3542441129684448,1.041337490081787],[-0.03135501220822334,-0.9928604960441589,-0.11508563160896301,0.7688437700271606],[-0.35304251313209534,0.11872176826000214,-0.9280439615249634,1.1728726625442505]],"full_resolution":[2064,2272],"relative_focal_length":[0.4356694221496582,0.4339345097541809],"screen_center":[0.6212562918663025,0.5965937376022339],"visualized_dimension":-1}]}
{"camera":{"aperture_size":0.0,"autofocus":false,"autofocus_depth":0.0,"autofocus_target":[0.5,0.5,0.5],"fov_axis":1,"matrix":[[0.5200160145759583,-0.05958280712366104,-0.8520753383636475,0.8520753383636475],[5.3551048040390015e-09,-0.997563898563385,0.069756418466568,-0.069756418466568],[-0.8541563749313354,-0.03627448529005051,-0.5187491178512573,1.5187489986419678]],"relative_focal_length":[1.0,1.0],"scale":1.0,"screen_center":[0.5007201433181763,0.4983441233634949],"zoom":1.0},"frame":21,"views":[{"camera0":[[0.9332007765769958,0.005461744964122772,-0.35931286215782166,0.9809830784797668],[-0.03836388140916824,-0.992655873298645,-0.1147267073392868,0.7712465524673462],[-0.35730108618736267,0.120847687125206,-0.9261379241943359,1.1976580619812012]],"camera1":[[0.9332007765769958,0.005461744964122772,-0.35931286215782166,0.9809830784797668],[-0.03836388140916824,-0.992655873298645,-0.1147267073392868,0.7712465524673462],[-0.35730108618736267,0.120847687125206,-0.9261379241943359,1.1976580619812012]],"full_resolution":[2064,2272],"relative_focal_length":[0.4356694221496582,0.4339345097541809],"screen_center":[0.3787437081336975,0.5965937376022339],"visualized_dimension":-1},{"camera0":[[0.9332007765769958,0.005461744964122772,-0.35931286215782166,1.037921667098999],[-0.03836388140916824,-0.992655873298645,-0.1147267073392868,0.768905758857727],[-0.35730108618736267,0.120847687125206,-0.9261379241943359,1.1758575439453125]],"camera1":[[0.9332007765769958,0.005461744964122772,-0.35931286215782166,1.037921667098999],[-0.03836388140916824,-0.992655873298645,-0.1147267073392868,0.768905758857727],[-0.35730108618736267,0.120847687125206,-0.9261379241943359,1.1758575439453125]],"full_resolution":[2064,2272],"relative_focal_length":[0.4356694221496582,0.4339345097541809],"screen_center":[0.6212562918663025,0.5965937376022339],"visualized_dimension":-1}]}
