{"camera":{"aperture_size":0.0,"autofocus":false,"autofocus_depth":0.0,"autofocus_target":[0.5,0.5,0.5],"fov_axis":1,"matrix":[[0.5200160145759583,-0.05958280712366104,-0.8520753383636475,0.6919567584991455],[5.3551048040390015e-09,-0.997563898563385,0.069756418466568,-0.5159972906112671],[-0.8541563749313354,-0.03627448529005051,-0.5187491178512573,1.3871848583221436]],"relative_focal_length":[1.0,1.0],"scale":0.8264462351799011,"screen_center":[0.5007201433181763,0.4983441233634949],"zoom":1.0},"frame":1,"views":[{"camera0":[[0.5370833873748779,-0.07615568488836288,-0.8400838971138,0.5565546751022339],[0.009474842809140682,-0.9953085780143738,0.09628473222255707,0.22663897275924683],[-0.8434758186340332,-0.05967262387275696,-0.5338420867919922,0.8108833432197571]],"camera1":[[0.5370833873748779,-0.07615568488836288,-0.8400838971138,0.5565546751022339],[0.009474842809140682,-0.9953085780143738,0.09628473222255707,0.22663897275924683],[-0.8434758186340332,-0.05967262387275696,-0.5338420867919922,0.8108833432197571]],"full_resolution":[2064,2272],"relative_focal_length":[0.4356694221496582,0.4339345097541809],"screen_center":[0.3787437081336975,0.5965937376022339],"visualized_dimension":-1},{"camera0":[[0.5370833873748779,-0.07615568488836288,-0.8400838971138,0.5836371183395386],[0.009474842809140682,-0.9953085780143738,0.09628473222255707,0.22711670398712158],[-0.8434758186340332,-0.05967262387275696,-0.5338420867919922,0.7683510184288025]],"camera1":[[0.5370833873748779,-0.07615568488836288,-0.8400838971138,0.5836371183395386],[0.009474842809140682,-0.9953085780143738,0.09628473222255707,0.22711670398712158],[-0.8434758186340332,-0.05967262387275696,-0.5338420867919922,0.7683510184288025]],"full_resolution":[2064,2272],"relative_focal_length":[0.4356694221496582,0.4339345097541809],"screen_center":[0.6212562918663025,0.5965937376022339],"visualized_dimension":-1}]}
{"camera":{"aperture_size":0.0,"autofocus":false,"autofocus_depth":0.0,"autofocus_target":[0.5,0.5,0.5],"fov_axis":1,"matrix":[[0.5200160145759583,-0.05958280712366104,-0.8520753383636475,0.6919567584991455],[5.3551048040390015e-09,-0.997563898563385,0.069756418466568,-0.5159972906112671],[-0.8541563749313354,-0.03627448529005051,-0.5187491178512573,1.3871848583221436]],"relative_focal_length":[1.0,1.0],"scale":0.8264462351799011,"screen_center":[0.5007201433181763,0.4983441233634949],"zoom":1.0},"frame":2,"views":[{"camera0":[[0.5352683663368225,-0.08079485595226288,-0.8408085703849792,0.5461947917938232],[0.006687639281153679,-0.9949781894683838,0.09986679255962372,0.22615259885787964],[-0.844655454158783,-0.05907859280705452,-0.5320398807525635,0.8101725578308105]],"camera1":[[0.5352683663368225,-0.08079485595226288,-0.8408085703849792,0.5461947917938232],[0.006687639281153679,-0.9949781894683838,0.09986679255962372,0.22615259885787964],[-0.844655454158783,-0.05907859280705452,-0.5320398807525635,0.8101725578308105]],"full_resolution":[2064,2272],"relative_focal_length":[0.4356694221496582,0.4339345097541809],"screen_center":[0.3787437081336975,0.5965937376022339],"visualized_dimension":-1},{"camera0":[[0.5352683663368225,-0.08079485595226288,-0.8408085703849792,0.5731858015060425],[0.006687639281153679,-0.9949781894683838,0.09986679255962372,0.2264898419380188],[-0.844655454158783,-0.05907859280705452,-0.5320398807525635,0.7675808072090149]],"camera1":[[0.5352683663368225,-0.08079485595226288,-0.8408085703849792,0.5731858015060425],[0.006687639281153679,-0.9949781894683838,0.09986679255962372,0.2264898419380188],[-0.844655454158783,-0.05907859280705452,-0.5320398807525635,0.7675808072090149]],"full_resolution":[2064,2272],"relative_focal_length":[0.4356694221496582,0.4339345097541809],"screen_center":[0.6212562918663025,0.5965937376022339],"visualized_dimension":-1}]}
{"camera":{"aperture_size":0.0,"autofocus":false,"autofocus_depth":0.0,"autofocus_target":[0.5,0.5,0.5],"fov_axis":1,"matrix":[[0.5200160145759583,-0.05958280712366104,-0.8520753383636475,0.6919567584991455],[5.3551048040390015e-09,-0.997563898563385,0.069756418466568,-0.5159972906112671],[-0.8541563749313354,-0.03627448529005051,-0.5187491178512573,1.3871848583221436]],"relative_focal_length":[1.0,1.0],"scale":0.8264462351799011,"screen_center":[0.5007201433181763,0.4983441233634949],"zoom":1.0},"frame":3,"views":[{"camera0":[[0.5422889590263367,-0.07974942028522491,-0.8363981246948242,0.5173622369766235],[4.8421905376017094e-05,-0.9954819679260254,0.09494931995868683,0.22551220655441284],[-0.8401919007301331,-0.051530495285987854,-0.5398349761962891,0.809434711933136]],"camera1":[[0.5422889590263367,-0.07974942028522491,-0.8363981246948242,0.5173622369766235],[4.8421905376017094e-05,-0.9954819679260254,0.09494931995868683,0.22551220655441284],[-0.8401919007301331,-0.051530495285987854,-0.5398349761962891,0.809434711933136]],"full_resolution":[2064,2272],"relative_focal_length":[0.4356694221496582,0.4339345097541809],"screen_center":[0.3787437081336975,0.5965937376022339],"visualized_dimension":-1},{"camera0":[[0.5422889590263367,-0.07974942028522491,-0.8363981246948242,0.5447072386741638],[4.8421905376017094e-05,-0.9954819679260254,0.09494931995868683,0.22551459074020386],[-0.8401919007301331,-0.051530495285987854,-0.5398349761962891,0.7670680284500122]],"camera1":[[0.5422889590263367,-0.07974942028522491,-0.8363981246948242,0.5447072386741638],[4.8421905376017094e-05,-0.9954819679260254,0.09494931995868683,0.22551459074020386],[-0.8401919007301331,-0.051530495285987854,-0.5398349761962891,0.7670680284500122]],"full_resolution":[2064,2272],"relative_focal_length":[0.4356694221496582,0.4339345097541809],"screen_center":[0.6212562918663025,0.5965937376022339],"visualized_dimension":-1}]}
{"camera":{"aperture_size":0.0,"autofocus":false,"autofocus_depth":0.0,"autofocus_target":[0.5,0.5,0.5],"fov_axis":1,"matrix":[[0.5200160145759583,-0.05958280712366104,-0.8520753383636475,0.6919567584991455],[5.3551048040390015e-09,-0.997563898563385,0.069756418466568,-0.5159972906112671],[-0.8541563749313354,-0.03627448529005051,-0.5187491178512573,1.3871848583221436]],"relative_focal_length":[1.0,1.0],"scale":0.8264462351799011,"screen_center":[0.5007201433181763,0.4983441233634949],"zoom":1.0},"frame":4,"views":[{"camera0":[[0.5674256086349487,-0.07570923119783401,-0.819936215877533,0.5026196241378784],[0.0045153009705245495,-0.9954628944396973,0.09504140168428421,0.22591429948806763],[-0.8234121203422546,-0.05763121694326401,-0.5645092725753784,0.8108230233192444]],"camera1":[[0.5674256086349487,-0.07570923119783401,-0.819936215877533,0.5026196241378784],[0.0045153009705245495,-0.9954628944396973,0.09504140168428421,0.22591429948806763],[-0.8234121203422546,-0.05763121694326401,-0.5645092725753784,0.8108230233192444]],"full_resolution":[2064,2272],"relative_focal_length":[0.4356694221496582,0.4339345097541809],"screen_center":[0.3787437081336975,0.5965937376022339],"visualized_dimension":-1},{"camera0":[[0.5674256086349487,-0.07570923119783401,-0.819936215877533,0.5312321186065674],[0.0045153009705245495,-0.9954628944396973,0.09504140168428421,0.22614198923110962],[-0.8234121203422546,-0.05763121694326401,-0.5645092725753784,0.7693024277687073]],"camera1":[[0.5674256086349487,-0.07570923119783401,-0.819936215877533,0.5312321186065674],[0.0045153009705245495,-0.9954628944396973,0.09504140168428421,0.22614198923110962],[-0.8234121203422546,-0.05763121694326401,-0.5645092725753784,0.7693024277687073]],"full_resolution":[2064,2272],"relative_focal_length":[0.4356694221496582,0.4339345097541809],"screen_center":[0.6212562918663025,0.5965937376022339],"visualized_dimension":-1}]}
{"camera":{"aperture_size":0.0,"autofocus":false,"autofocus_depth":0.0,"autofocus_target":[0.5,0.5,0.5],"fov_axis":1,"matrix":[[0.5200160145759583,-0.05958280712366104,-0.8520753383636475,0.6919567584991455],[5.3551048040390015e-09,-0.997563898563385,0.069756418466568,-0.5159972906112671],[-0.8541563749313354,-0.03627448529005051,-0.5187491178512573,1.3871848583221436]],"relative_focal_length":[1.0,1.0],"scale":0.8264462351799011,"screen_center":[0.5007201433181763,0.4983441233634949],"zoom":1.0},"frame":5,"views":[{"camera0":[[0.6188540458679199,-0.08269955217838287,-0.7811399698257446,0.4442340135574341],[0.0031204037368297577,-0.9941755533218384,0.10772590339183807,0.23291856050491333],[-0.785499632358551,-0.06910412013530731,-0.6149914860725403,0.8257914781570435]],"camera1":[[0.6188540458679199,-0.08269955217838287,-0.7811399698257446,0.4442340135574341],[0.0031204037368297577,-0.9941755533218384,0.10772590339183807,0.23291856050491333],[-0.785499632358551,-0.06910412013530731,-0.6149914860725403,0.8257914781570435]],"full_resolution":[2064,2272],"relative_focal_length":[0.4356694221496582,0.4339345097541809],"screen_center":[0.3787437081336975,0.5965937376022339],"visualized_dimension":-1},{"camera0":[[0.6188540458679199,-0.08269955217838287,-0.7811399698257446,0.47543972730636597],[0.0031204037368297577,-0.9941755533218384,0.10772590339183807,0.23307597637176514],[-0.785499632358551,-0.06910412013530731,-0.6149914860725403,0.786182701587677]],"camera1":[[0.6188540458679199,-0.08269955217838287,-0.7811399698257446,0.47543972730636597],[0.0031204037368297577,-0.9941755533218384,0.10772590339183807,0.23307597637176514],[-0.785499632358551,-0.06910412013530731,-0.6149914860725403,0.786182701587677]],"full_resolution":[2064,2272],"relative_focal_length":[0.4356694221496582,0.4339345097541809],"screen_center":[0.6212562918663025,0.5965937376022339],"visualized_dimension":-1}]}
{"camera":{"aperture_size":0.0,"autofocus":false,"autofocus_depth":0.0,"autofocus_target":[0.5,0.5,0.5],"fov_axis":1,"matrix":[[0.5200160145759583,-0.05958280712366104,-0.8520753383636475,0.6919567584991455],[5.3551048040390015e-09,-0.997563898563385,0.069756418466568,-0.5159972906112671],[-0.8541563749313354,-0.03627448529005051,-0.5187491178512573,1.3871848583221436]],"relative_focal_length":[1.0,1.0],"scale":0.8264462351799011,"screen_center":[0.5007201433181763,0.4983441233634949],"zoom":1.0},"frame":6,"views":[{"camera0":[[0.6170487403869629,-0.08097756654024124,-0.7827468514442444,0.3923727869987488],[0.01382417231798172,-0.9934222102165222,0.11367042362689972,0.23611044883728027],[-0.7868033051490784,-0.08096106350421906,-0.6118704080581665,0.8421420454978943]],"camera1":[[0.6170487403869629,-0.08097756654024124,-0.7827468514442444,0.3923727869987488],[0.01382417231798172,-0.9934222102165222,0.11367042362689972,0.23611044883728027],[-0.7868033051490784,-0.08096106350421906,-0.6118704080581665,0.8421420454978943]],"full_resolution":[2064,2272],"relative_focal_length":[0.4356694221496582,0.4339345097541809],"screen_center":[0.3787437081336975,0.5965937376022339],"visualized_dimension":-1},{"camera0":[[0.6170487403869629,-0.08097756654024124,-0.7827468514442444,0.4234875440597534],[0.01382417231798172,-0.9934222102165222,0.11367042362689972,0.23680758476257324],[-0.7868033051490784,-0.08096106350421906,-0.6118704080581665,0.8024674654006958]],"camera1":[[0.6170487403869629,-0.08097756654024124,-0.7827468514442444,0.4234875440597534],[0.01382417231798172,-0.9934222102165222,0.11367042362689972,0.23680758476257324],[-0.7868033051490784,-0.08096106350421906,-0.6118704080581665,0.8024674654006958]],"full_resolution":[2064,2272],"relative_focal_length":[0.4356694221496582,0.4339345097541809],"screen_center":[0.6212562918663025,0.5965937376022339],"visualized_dimension":-1}]}
{"camera":{"aperture_size":0.0,"autofocus":false,"autofocus_depth":0.0,"autofocus_target":[0.5,0.5,0.5],"fov_axis":1,"matrix":[[0.5200160145759583,-0.05958280712366104,-0.8520753383636475,0.6919567584991455],[5.3551048040390015e-09,-0.997563898563385,0.069756418466568,-0.5159972906112671],[-0.8541563749313354,-0.03627448529005051,-0.5187491178512573,1.3871848583221436]],"relative_focal_length":[1.0,1.0],"scale":0.8264462351799011,"screen_center":[0.5007201433181763,0.4983441233634949],"zoom":1.0},"frame":7,"views":[{"camera0":[[0.611576497554779,-0.07528605312108994,-0.787594735622406,0.34737536311149597],[0.006006913725286722,-0.994991660118103,0.09977561235427856,0.2386389970779419],[-0.791162371635437,-0.06575146317481995,-0.6080611944198608,0.8532793521881104]],"camera1":[[0.611576497554779,-0.07528605312108994,-0.787594735622406,0.34737536311149597],[0.006006913725286722,-0.994991660118103,0.09977561235427856,0.2386389970779419],[-0.791162371635437,-0.06575146317481995,-0.6080611944198608,0.8532793521881104]],"full_resolution":[2064,2272],"relative_focal_length":[0.4356694221496582,0.4339345097541809],"screen_center":[0.3787437081336975,0.5965937376022339],"visualized_dimension":-1},{"camera0":[[0.611576497554779,-0.07528605312108994,-0.787594735622406,0.37821412086486816],[0.006006913725286722,-0.994991660118103,0.09977561235427856,0.23894190788269043],[-0.791162371635437,-0.06575146317481995,-0.6080611944198608,0.8133849501609802]],"camera1":[[0.611576497554779,-0.07528605312108994,-0.787594735622406,0.37821412086486816],[0.006006913725286722,-0.994991660118103,0.09977561235427856,0.23894190788269043],[-0.791162371635437,-0.06575146317481995,-0.6080611944198608,0.8133849501609802]],"full_resolution":[2064,2272],"relative_focal_length":[0.4356694221496582,0.4339345097541809],"screen_center":[0.6212562918663025,0.5965937376022339],"visualized_dimension":-1}]}
{"camera":{"aperture_size":0.0,"autofocus":false,"autofocus_depth":0.0,"autofocus_target":[0.5,0.5,0.5],"fov_axis":1,"matrix":[[0.5200160145759583,-0.05958280712366104,-0.8520753383636475,0.6919567584991455],[5.3551048040390015e-09,-0.997563898563385,0.069756418466568,-0.5159972906112671],[-0.8541563749313354,-0.03627448529005051,-0.5187491178512573,1.3871848583221436]],"relative_focal_length":[1.0,1.0],"scale":0.8264462351799011,"screen_center":[0.5007201433181763,0.4983441233634949],"zoom":1.0},"frame":8,"views":[{"camera0":[[0.6475390195846558,-0.05059589073061943,-0.760350227355957,0.31760236620903015],[0.016669435426592827,-0.9966139197349548,0.08051387965679169,0.24038678407669067],[-0.7618498206138611,-0.06481052190065384,-0.6445029973983765,0.854397177696228]],"camera1":[[0.6475390195846558,-0.05059589073061943,-0.760350227355957,0.31760236620903015],[0.016669435426592827,-0.9966139197349548,0.08051387965679169,0.24038678407669067],[-0.7618498206138611,-0.06481052190065384,-0.6445029973983765,0.854397177696228]],"full_resolution":[2064,2272],"relative_focal_length":[0.4356694221496582,0.4339345097541809],"screen_center":[0.3787437081336975,0.5965937376022339],"visualized_dimension":-1},{"camera0":[[0.6475390195846558,-0.05059589073061943,-0.760350227355957,0.3502545654773712],[0.016669435426592827,-0.9966139197349548,0.08051387965679169,0.24122732877731323],[-0.7618498206138611,-0.06481052190065384,-0.6445029973983765,0.8159809112548828]],"camera1":[[0.6475390195846558,-0.05059589073061943,-0.760350227355957,0.3502545654773712],[0.016669435426592827,-0.9966139197349548,0.08051387965679169,0.24122732877731323],[-0.7618498206138611,-0.06481052190065384,-0.6445029973983765,0.8159809112548828]],"full_resolution":[2064,2272],"relative_focal_length":[0.4356694221496582,0.4339345097541809],"screen_center":[0.6212562918663025,0.5965937376022339],"visualized_dimension":-1}]}
{"camera":{"aperture_size":0.0,"autofocus":false,"autofocus_depth":0.0,"autofocus_target":[0.5,0.5,0.5],"fov_axis":1,"matrix":[[0.5200160145759583,-0.05958280712366104,-0.8520753383636475,0.6919567584991455],[5.3551048040390015e-09,-0.997563898563385,0.069756418466568,-0.5159972906112671],[-0.8541563749313354,-0.03627448529005051,-0.5187491178512573,1.3871848583221436]],"relative_focal_length":[1.0,1.0],"scale":0.8264462351799011,"screen_center":[0.5007201433181763,0.4983441233634949],"zoom":1.0},"frame":9,"views":[{"camera0":[[0.6669001579284668,-0.06230299547314644,-0.7425372004508972,0.30272090435028076],[0.014921422116458416,-0.9951817989349365,0.09690284729003906,0.24002701044082642],[-0.7449974417686462,-0.07570428401231766,-0.6627573370933533,0.8528409004211426]],"camera1":[[0.6669001579284668,-0.06230299547314644,-0.7425372004508972,0.30272090435028076],[0.014921422116458416,-0.9951817989349365,0.09690284729003906,0.24002701044082642],[-0.7449974417686462,-0.07570428401231766,-0.6627573370933533,0.8528409004211426]],"full_resolution":[2064,2272],"relative_focal_length":[0.4356694221496582,0.4339345097541809],"screen_center":[0.3787437081336975,0.5965937376022339],"visualized_dimension":-1},{"camera0":[[0.6669001579284668,-0.06230299547314644,-0.7425372004508972,0.33634939789772034],[0.014921422116458416,-0.9951817989349365,0.09690284729003906,0.24077945947647095],[-0.7449974417686462,-0.07570428401231766,-0.6627573370933533,0.8152743577957153]],"camera1":[[0.6669001579284668,-0.06230299547314644,-0.7425372004508972,0.33634939789772034],[0.014921422116458416,-0.9951817989349365,0.09690284729003906,0.24077945947647095],[-0.7449974417686462,-0.07570428401231766,-0.6627573370933533,0.8152743577957153]],"full_resolution":[2064,2272],"relative_focal_length":[0.4356694221496582,0.4339345097541809],"screen_center":[0.6212562918663025,0.5965937376022339],"visualized_dimension":-1}]}
{"camera":{"aperture_size":0.0,"autofocus":false,"autofocus_depth":0.0,"autofocus_target":[0.5,0.5,0.5],"fov_axis":1,"matrix":[[0.5200160145759583,-0.05958280712366104,-0.8520753383636475,0.6919567584991455],[5.3551048040390015e-09,-0.997563898563385,0.069756418466568,-0.5159972906112671],[-0.8541563749313354,-0.03627448529005051,-0.5187491178512573,1.3871848583221436]],"relative_focal_length":[1.0,1.0],"scale":0.8264462351799011,"screen_center":[0.5007201433181763,0.4983441233634949],"zoom":1.0},"frame":10,"views":[{"camera0":[[0.705135703086853,-0.03315163776278496,-0.7082963585853577,0.29753074049949646],[0.0168844535946846,-0.997838020324707,0.06351277232170105,0.23604965209960938],[-0.708871066570282,-0.05674436688423157,-0.7030515670776367,0.8444042801856995]],"camera1":[[0.705135703086853,-0.03315163776278496,-0.7082963585853577,0.29753074049949646],[0.0168844535946846,-0.997838020324707,0.06351277232170105,0.23604965209960938],[-0.708871066570282,-0.05674436688423157,-0.7030515670776367,0.8444042801856995]],"full_resolution":[2064,2272],"relative_focal_length":[0.4356694221496582,0.4339345097541809],"screen_center":[0.3787437081336975,0.5965937376022339],"visualized_dimension":-1},{"camera0":[[0.705135703086853,-0.03315163776278496,-0.7082963585853577,0.3330872654914856],[0.0168844535946846,-0.997838020324707,0.06351277232170105,0.23690104484558105],[-0.708871066570282,-0.05674436688423157,-0.7030515670776367,0.8086594343185425]],"camera1":[[0.705135703086853,-0.03315163776278496,-0.7082963585853577,0.3330872654914856],[0.0168844535946846,-0.997838020324707,0.06351277232170105,0.23690104484558105],[-0.708871066570282,-0.05674436688423157,-0.7030515670776367,0.8086594343185425]],"full_resolution":[2064,2272],"relative_focal_length":[0.4356694221496582,0.4339345097541809],"screen_center":[0.6212562918663025,0.5965937376022339],"visualized_dimension":-1}]}
{"camera":{"aperture_size":0.0,"autofocus":false,"autofocus_depth":0.0,"autofocus_target":[0.5,0.5,0.5],"fov_axis":1,"matrix":[[0.5200160145759583,-0.05958280712366104,-0.8520753383636475,0.6919567584991455],[5.3551048040390015e-09,-0.997563898563385,0.069756418466568,-0.5159972906112671],[-0.8541563749313354,-0.03627448529005051,-0.5187491178512573,1.3871848583221436]],"relative_focal_length":[1.0,1.0],"scale":0.8264462351799011,"screen_center":[0.5007201433181763,0.4983441233634949],"zoom":1.0},"frame":11,"views":[{"camera0":[[0.8010601997375488,-0.03709329664707184,-0.5974327325820923,0.30156707763671875],[0.011617328971624374,-0.9969265460968018,0.07747405767440796,0.24009358882904053],[-0.5984707474708557,-0.06900200992822647,-0.79816734790802,0.8254073858261108]],"camera1":[[0.8010601997375488,-0.03709329664707184,-0.5974327325820923,0.30156707763671875],[0.011617328971624374,-0.9969265460968018,0.07747405767440796,0.24009358882904053],[-0.5984707474708557,-0.06900200992822647,-0.79816734790802,0.8254073858261108]],"full_resolution":[2064,2272],"relative_focal_length":[0.4356694221496582,0.4339345097541809],"screen_center":[0.3787437081336975,0.5965937376022339],"visualized_dimension":-1},{"camera0":[[0.8010601997375488,-0.03709329664707184,-0.5974327325820923,0.3419605791568756],[0.011617328971624374,-0.9969265460968018,0.07747405767440796,0.2406793236732483],[-0.5984707474708557,-0.06900200992822647,-0.79816734790802,0.7952294945716858]],"camera1":[[0.8010601997375488,-0.03709329664707184,-0.5974327325820923,0.3419605791568756],[0.011617328971624374,-0.9969265460968018,0.07747405767440796,0.2406793236732483],[-0.5984707474708557,-0.06900200992822647,-0.79816734790802,0.7952294945716858]],"full_resolution":[2064,2272],"relative_focal_length":[0.4356694221496582,0.4339345097541809],"screen_center":[0.6212562918663025,0.5965937376022339],"visualized_dimension":-1}]}
{"camera":{"aperture_size":0.0,"autofocus":false,"autofocus_depth":0.0,"autofocus_target":[0.5,0.5,0.5],"fov_axis":1,"matrix":[[0.5200160145759583,-0.05958280712366104,-0.8520753383636475,0.6919567584991455],[5.3551048040390015e-09,-0.997563898563385,0.069756418466568,-0.5159972906112671],[-0.8541563749313354,-0.03627448529005051,-0.5187491178512573,1.3871848583221436]],"relative_focal_length":[1.0,1.0],"scale":0.8264462351799011,"screen_center":[0.5007201433181763,0.4983441233634949],"zoom":1.0},"frame":12,"views":[{"camera0":[[0.8275020122528076,-0.03467712551355362,-0.5603901147842407,0.30962011218070984],[0.012851845473051071,-0.9966593384742737,0.08065144717693329,0.24089789390563965],[-0.5613152980804443,-0.07394132763147354,-0.8242920637130737,0.8167667984962463]],"camera1":[[0.8275020122528076,-0.03467712551355362,-0.5603901147842407,0.30962011218070984],[0.012851845473051071,-0.9966593384742737,0.08065144717693329,0.24089789390563965],[-0.5613152980804443,-0.07394132763147354,-0.8242920637130737,0.8167667984962463]],"full_resolution":[2064,2272],"relative_focal_length":[0.4356694221496582,0.4339345097541809],"screen_center":[0.3787437081336975,0.5965937376022339],"visualized_dimension":-1},{"camera0":[[0.8275020122528076,-0.03467712551355362,-0.5603901147842407,0.3513469099998474],[0.012851845473051071,-0.9966593384742737,0.08065144717693329,0.24154585599899292],[-0.5613152980804443,-0.07394132763147354,-0.8242920637130737,0.7884624600410461]],"camera1":[[0.8275020122528076,-0.03467712551355362,-0.5603901147842407,0.3513469099998474],[0.012851845473051071,-0.9966593384742737,0.08065144717693329,0.24154585599899292],[-0.5613152980804443,-0.07394132763147354,-0.8242920637130737,0.7884624600410461]],"full_resolution":[2064,2272],"relative_focal_length":[0.4356694221496582,0.4339345097541809],"screen_center":[0.6212562918663025,0.5965937376022339],"visualized_dimension":-1}]}
{"camera":{"aperture_size":0.0,"autofocus":false,"autofocus_depth":0.0,"autofocus_target":[0.5,0.5,0.5],"fov_axis":1,"matrix":[[0.5200160145759583,-0.05958280712366104,-0.8520753383636475,0.6919567584991455],[5.3551048040390015e-09,-0.997563898563385,0.069756418466568,-0.5159972906112671],[-0.8541563749313354,-0.03627448529005051,-0.5187491178512573,1.3871848583221436]],"relative_focal_length":[1.0,1.0],"scale":0.8264462351799011,"screen_center":[0.5007201433181763,0.4983441233634949],"zoom":1.0},"frame":13,"views":[{"camera0":[[0.8559737801551819,-0.037318818271160126,-0.5156697034835815,0.3218800723552704],[-0.00032476335763931274,-0.9974300265312195,0.07164466381072998,0.24094146490097046],[-0.5170186161994934,-0.06115852668881416,-0.8537862300872803,0.804926335811615]],"camera1":[[0.8559737801551819,-0.037318818271160126,-0.5156697034835815,0.3218800723552704],[-0.00032476335763931274,-0.9974300265312195,0.07164466381072998,0.24094146490097046],[-0.5170186161994934,-0.06115852668881416,-0.8537862300872803,0.804926335811615]],"full_resolution":[2064,2272],"relative_focal_length":[0.4356694221496582,0.4339345097541809],"screen_center":[0.3787437081336975,0.5965937376022339],"visualized_dimension":-1},{"camera0":[[0.8559737801551819,-0.037318818271160126,-0.5156697034835815,0.3650425970554352],[-0.00032476335763931274,-0.9974300265312195,0.07164466381072998,0.24092507362365723],[-0.5170186161994934,-0.06115852668881416,-0.8537862300872803,0.7788556218147278]],"camera1":[[0.8559737801551819,-0.037318818271160126,-0.5156697034835815,0.3650425970554352],[-0.00032476335763931274,-0.9974300265312195,0.07164466381072998,0.24092507362365723],[-0.5170186161994934,-0.06115852668881416,-0.8537862300872803,0.7788556218147278]],"full_resolution":[2064,2272],"relative_focal_length":[0.4356694221496582,0.4339345097541809],"screen_center":[0.6212562918663025,0.5965937376022339],"visualized_dimension":-1}]}
{"camera":{"aperture_size":0.0,"autofocus":false,"autofocus_depth":0.0,"autofocus_target":[0.5,0.5,0.5],"fov_axis":1,"matrix":[[0.5200160145759583,-0.05958280712366104,-0.8520753383636475,0.6919567584991455],[5.3551048040390015e-09,-0.997563898563385,0.069756418466568,-0.5159972906112671],[-0.8541563749313354,-0.03627448529005051,-0.5187491178512573,1.3871848583221436]],"relative_focal_length":[1.0,1.0],"scale":0.8264462351799011,"screen_center":[0.5007201433181763,0.4983441233634949],"zoom":1.0},"frame":14,"views":[{"camera0":[[0.8748223781585693,-0.0219301525503397,-0.48394638299942017,0.3353836238384247],[0.01120808720588684,-0.9977909922599792,0.0654759630560875,0.24053066968917847],[-0.4843137562274933,-0.06270398944616318,-0.8726442456245422,0.7966030836105347]],"camera1":[[0.8748223781585693,-0.0219301525503397,-0.48394638299942017,0.3353836238384247],[0.01120808720588684,-0.9977909922599792,0.0654759630560875,0.24053066968917847],[-0.4843137562274933,-0.06270398944616318,-0.8726442456245422,0.7966030836105347]],"full_resolution":[2064,2272],"relative_focal_length":[0.4356694221496582,0.4339345097541809],"screen_center":[0.3787437081336975,0.5965937376022339],"visualized_dimension":-1},{"camera0":[[0.8748223781585693,-0.0219301525503397,-0.48394638299942017,0.37949657440185547],[0.01120808720588684,-0.9977909922599792,0.0654759630560875,0.24109584093093872],[-0.4843137562274933,-0.06270398944616318,-0.8726442456245422,0.7721815705299377]],"camera1":[[0.8748223781585693,-0.0219301525503397,-0.48394638299942017,0.37949657440185547],[0.01120808720588684,-0.9977909922599792,0.0654759630560875,0.24109584093093872],[-0.4843137562274933,-0.06270398944616318,-0.8726442456245422,0.7721815705299377]],"full_resolution":[2064,2272],"relative_focal_length":[0.4356694221496582,0.4339345097541809],"screen_center":[0.6212562918663025,0.5965937376022339],"visualized_dimension":-1}]}
{"camera":{"aperture_size":0.0,"autofocus":false,"autofocus_depth":0.0,"autofocus_target":[0.5,0.5,0.5],"fov_axis":1,"matrix":[[0.5200160145759583,-0.05958280712366104,-0.8520753383636475,0.6919567584991455],[5.3551048040390015e-09,-0.997563898563385,0.069756418466568,-0.5159972906112671],[-0.8541563749313354,-0.03627448529005051,-0.5187491178512573,1.3871848583221436]],"relative_focal_length":[1.0,1.0],"scale":0.8264462351799011,"screen_center":[0.5007201433181763,0.4983441233634949],"zoom":1.0},"frame":15,"views":[{"camera0":[[0.9049332141876221,-0.028817912563681602,-0.4245757460594177,0.3769886791706085],[0.004599291831254959,-0.9969837069511414,0.07747289538383484,0.2418631911277771],[-0.4255281984806061,-0.07206059247255325,-0.9020712971687317,0.777390718460083]],"camera1":[[0.9049332141876221,-0.028817912563681602,-0.4245757460594177,0.3769886791706085],[0.004599291831254959,-0.9969837069511414,0.07747289538383484,0.2418631911277771],[-0.4255281984806061,-0.07206059247255325,-0.9020712971687317,0.777390718460083]],"full_resolution":[2064,2272],"relative_focal_length":[0.4356694221496582,0.4339345097541809],"screen_center":[0.3787437081336975,0.5965937376022339],"visualized_dimension":-1},{"camera0":[[0.9049332141876221,-0.028817912563681602,-0.4245757460594177,0.42261993885040283],[0.004599291831254959,-0.9969837069511414,0.07747289538383484,0.24209517240524292],[-0.4255281984806061,-0.07206059247255325,-0.9020712971687317,0.755933403968811]],"camera1":[[0.9049332141876221,-0.028817912563681602,-0.4245757460594177,0.42261993885040283],[0.004599291831254959,-0.9969837069511414,0.07747289538383484,0.24209517240524292],[-0.4255281984806061,-0.07206059247255325,-0.9020712971687317,0.755933403968811]],"full_resolution":[2064,2272],"relative_focal_length":[0.4356694221496582,0.4339345097541809],"screen_center":[0.6212562918663025,0.5965937376022339],"visualized_dimension":-1}]}
{"camera":{"aperture_size":0.0,"autofocus":false,"autofocus_depth":0.0,"autofocus_target":[0.5,0.5,0.5],"fov_axis":1,"matrix":[[0.5200160145759583,-0.05958280712366104,-0.8520753383636475,0.6919567584991455],[5.3551048040390015e-09,-0.997563898563385,0.069756418466568,-0.5159972906112671],[-0.8541563749313354,-0.03627448529005051,-0.5187491178512573,1.3871848583221436]],"relative_focal_length":[1.0,1.0],"scale":0.8264462351799011,"screen_center":[0.5007201433181763,0.4983441233634949],"zoom":1.0},"frame":16,"views":[{"camera0":[[0.914898157119751,-0.03413140028715134,-0.402238130569458,0.3984615206718445],[-0.007531333714723587,-0.9976888298988342,0.06752759218215942,0.24080020189285278],[-0.40361371636390686,-0.05875152349472046,-0.9130409359931946,0.7697820067405701]],"camera1":[[0.914898157119751,-0.03413140028715134,-0.402238130569458,0.3984615206718445],[-0.007531333714723587,-0.9976888298988342,0.06752759218215942,0.24080020189285278],[-0.40361371636390686,-0.05875152349472046,-0.9130409359931946,0.7697820067405701]],"full_resolution":[2064,2272],"relative_focal_length":[0.4356694221496582,0.4339345097541809],"screen_center":[0.3787437081336975,0.5965937376022339],"visualized_dimension":-1},{"camera0":[[0.914898157119751,-0.03413140028715134,-0.402238130569458,0.4445953965187073],[-0.007531333714723587,-0.9976888298988342,0.06752759218215942,0.24042046070098877],[-0.40361371636390686,-0.05875152349472046,-0.9130409359931946,0.7494297623634338]],"camera1":[[0.914898157119751,-0.03413140028715134,-0.402238130569458,0.4445953965187073],[-0.007531333714723587,-0.9976888298988342,0.06752759218215942,0.24042046070098877],[-0.40361371636390686,-0.05875152349472046,-0.9130409359931946,0.7494297623634338]],"full_resolution":[2064,2272],"relative_focal_length":[0.4356694221496582,0.4339345097541809],"screen_center":[0.6212562918663025,0.5965937376022339],"visualized_dimension":-1}]}
{"camera":{"aperture_size":0.0,"autofocus":false,"autofocus_depth":0.0,"autofocus_target":[0.5,0.5,0.5],"fov_axis":1,"matrix":[[0.5200160145759583,-0.05958280712366104,-0.8520753383636475,0.6919567584991455],[5.3551048040390015e-09,-0.997563898563385,0.069756418466568,-0.5159972906112671],[-0.8541563749313354,-0.03627448529005051,-0.5187491178512573,1.3871848583221436]],"relative_focal_length":[1.0,1.0],"scale":0.8264462351799011,"screen_center":[0.5007201433181763,0.4983441233634949],"zoom":1.0},"frame":17,"views":[{"camera0":[[0.9210466146469116,-0.0438121072947979,-0.38697895407676697,0.41912031173706055],[-0.01800462044775486,-0.9973796606063843,0.07006651908159256,0.24058783054351807],[-0.38903525471687317,-0.057567156851291656,-0.9194222092628479,0.764660656452179]],"camera1":[[0.9210466146469116,-0.0438121072947979,-0.38697895407676697,0.41912031173706055],[-0.01800462044775486,-0.9973796606063843,0.07006651908159256,0.24058783054351807],[-0.38903525471687317,-0.057567156851291656,-0.9194222092628479,0.764660656452179]],"full_resolution":[2064,2272],"relative_focal_length":[0.4356694221496582,0.4339345097541809],"screen_center":[0.3787437081336975,0.5965937376022339],"visualized_dimension":-1},{"camera0":[[0.9210466146469116,-0.0438121072947979,-0.38697895407676697,0.46556413173675537],[-0.01800462044775486,-0.9973796606063843,0.07006651908159256,0.23967993259429932],[-0.38903525471687317,-0.057567156851291656,-0.9194222092628479,0.7450435161590576]],"camera1":[[0.9210466146469116,-0.0438121072947979,-0.38697895407676697,0.46556413173675537],[-0.01800462044775486,-0.9973796606063843,0.07006651908159256,0.23967993259429932],[-0.38903525471687317,-0.057567156851291656,-0.9194222092628479,0.7450435161590576]],"full_resolution":[2064,2272],"relative_focal_length":[0.4356694221496582,0.4339345097541809],"screen_center":[0.6212562918663025,0.5965937376022339],"visualized_dimension":-1}]}
{"camera":{"aperture_size":0.0,"autofocus":false,"autofocus_depth":0.0,"autofocus_target":[0.5,0.5,0.5],"fov_axis":1,"matrix":[[0.5200160145759583,-0.05958280712366104,-0.8520753383636475,0.6919567584991455],[5.3551048040390015e-09,-0.997563898563385,0.069756418466568,-0.5159972906112671],[-0.8541563749313354,-0.03627448529005051,-0.5187491178512573,1.3871848583221436]],"relative_focal_length":[1.0,1.0],"scale":0.8264462351799011,"screen_center":[0.5007201433181763,0.4983441233634949],"zoom":1.0},"frame":18,"views":[{"camera0":[[0.9184679985046387,-0.0506226010620594,-0.3922412097454071,0.43824294209480286],[-0.018277226015925407,-0.9961475729942322,0.08576509356498718,0.24152499437332153],[-0.39507219195365906,-0.0716034471988678,-0.9158550500869751,0.7599153518676758]],"camera1":[[0.9184679985046387,-0.0506226010620594,-0.3922412097454071,0.43824294209480286],[-0.018277226015925407,-0.9961475729942322,0.08576509356498718,0.24152499437332153],[-0.39507219195365906,-0.0716034471988678,-0.9158550500869751,0.7599153518676758]],"full_resolution":[2064,2272],"relative_focal_length":[0.4356694221496582,0.4339345097541809],"screen_center":[0.3787437081336975,0.5965937376022339],"visualized_dimension":-1},{"camera0":[[0.9184679985046387,-0.0506226010620594,-0.3922412097454071,0.4845566749572754],[-0.018277226015925407,-0.9961475729942322,0.08576509356498718,0.24060338735580444],[-0.39507219195365906,-0.0716034471988678,-0.9158550500869751,0.7399939298629761]],"camera1":[[0.9184679985046387,-0.0506226010620594,-0.3922412097454071,0.4845566749572754],[-0.018277226015925407,-0.9961475729942322,0.08576509356498718,0.24060338735580444],[-0.39507219195365906,-0.0716034471988678,-0.9158550500869751,0.7399939298629761]],"full_resolution":[2064,2272],"relative_focal_length":[0.4356694221496582,0.4339345097541809],"screen_center":[0.6212562918663025,0.5965937376022339],"visualized_dimension":-1}]}
{"camera":{"aperture_size":0.0,"autofocus":false,"autofocus_depth":0.0,"autofocus_target":[0.5,0.5,0.5],"fov_axis":1,"matrix":[[0.5200160145759583,-0.05958280712366104,-0.8520753383636475,0.6919567584991455],[5.3551048040390015e-09,-0.997563898563385,0.069756418466568,-0.5159972906112671],[-0.8541563749313354,-0.03627448529005051,-0.5187491178512573,1.3871848583221436]],"relative_focal_length":[1.0,1.0],"scale":0.8264462351799011,"screen_center":[0.5007201433181763,0.4983441233634949],"zoom":1.0},"frame":19,"views":[{"camera0":[[0.9250537157058716,-0.049108270555734634,-0.37664729356765747,0.46374648809432983],[-0.019146179780364037,-0.9963749051094055,0.0828867256641388,0.23774278163909912],[-0.3793528378009796,-0.06946335732936859,-0.9226407408714294,0.7487220168113708]],"camera1":[[0.9250537157058716,-0.049108270555734634,-0.37664729356765747,0.46374648809432983],[-0.019146179780364037,-0.9963749051094055,0.0828867256641388,0.23774278163909912],[-0.3793528378009796,-0.06946335732936859,-0.9226407408714294,0.7487220168113708]],"full_resolution":[2064,2272],"relative_focal_length":[0.4356694221496582,0.4339345097541809],"screen_center":[0.3787437081336975,0.5965937376022339],"visualized_dimension":-1},{"camera0":[[0.9250537157058716,-0.049108270555734634,-0.37664729356765747,0.5103923678398132],[-0.019146179780364037,-0.9963749051094055,0.0828867256641388,0.23677748441696167],[-0.3793528378009796,-0.06946335732936859,-0.9226407408714294,0.7295931577682495]],"camera1":[[0.9250537157058716,-0.049108270555734634,-0.37664729356765747,0.5103923678398132],[-0.019146179780364037,-0.9963749051094055,0.0828867256641388,0.23677748441696167],[-0.3793528378009796,-0.06946335732936859,-0.9226407408714294,0.7295931577682495]],"full_resolution":[2064,2272],"relative_focal_length":[0.4356694221496582,0.4339345097541809],"screen_center":[0.6212562918663025,0.5965937376022339],"visualized_dimension":-1}]}
{"camera":{"aperture_size":0.0,"autofocus":false,"autofocus_depth":0.0,"autofocus_target":[0.5,0.5,0.5],"fov_axis":1,"matrix":[[0.5200160145759583,-0.05958280712366104,-0.8520753383636475,0.6919567584991455],[5.3551048040390015e-09,-0.997563898563385,0.069756418466568,-0.5159972906112671],[-0.8541563749313354,-0.03627448529005051,-0.5187491178512573,1.3871848583221436]],"relative_focal_length":[1.0,1.0],"scale":0.8264462351799011,"screen_center":[0.5007201433181763,0.4983441233634949],"zoom":1.0},"frame":20,"views":[{"camera0":[[0.9448794722557068,-0.03827567398548126,-0.3251722753047943,0.4870898425579071],[-0.022182581946253777,-0.998344898223877,0.053056586533784866,0.23354530334472656],[-0.32666531205177307,-0.04291895404458046,-0.9441649913787842,0.7398115992546082]],"camera1":[[0.9448794722557068,-0.03827567398548126,-0.3251722753047943,0.4870898425579071],[-0.022182581946253777,-0.998344898223877,0.053056586533784866,0.23354530334472656],[-0.32666531205177307,-0.04291895404458046,-0.9441649913787842,0.7398115992546082]],"full_resolution":[2064,2272],"relative_focal_length":[0.4356694221496582,0.4339345097541809],"screen_center":[0.3787437081336975,0.5965937376022339],"visualized_dimension":-1},{"camera0":[[0.9448794722557068,-0.03827567398548126,-0.3251722753047943,0.5347354412078857],[-0.022182581946253777,-0.998344898223877,0.053056586533784866,0.23242676258087158],[-0.32666531205177307,-0.04291895404458046,-0.9441649913787842,0.7233394980430603]],"camera1":[[0.9448794722557068,-0.03827567398548126,-0.3251722753047943,0.5347354412078857],[-0.022182581946253777,-0.998344898223877,0.053056586533784866,0.23242676258087158],[-0.32666531205177307,-0.04291895404458046,-0.9441649913787842,0.7233394980430603]],"full_resolution":[2064,2272],"relative_focal_length":[0.4356694221496582,0.4339345097541809],"screen_center":[0.6212562918663025,0.5965937376022339],"visualized_dimension":-1}]}
