{"camera":{"aperture_size":0.0,"autofocus":false,"autofocus_depth":0.0,"autofocus_target":[0.5,0.5,0.5],"fov_axis":1,"matrix":[[0.5200160145759583,-0.05958280712366104,-0.8520753383636475,0.7041944265365601],[5.3551048040390015e-09,-0.997563898563385,0.069756418466568,-0.05764992907643318],[-0.8541563749313354,-0.03627448529005051,-0.5187491178512573,1.4287182092666626]],"relative_focal_length":[1.0,1.0],"scale":0.8264462351799011,"screen_center":[0.5007201433181763,0.4983441233634949],"zoom":1.0},"frame":1,"views":[{"camera0":[[0.9552145004272461,-0.012650184333324432,-0.29564225673675537,0.6343117952346802],[-0.05209948122501373,-0.9906683564186096,-0.12594273686408997,0.6454765796661377],[-0.2912905216217041,0.1357051432132721,-0.9469602108001709,1.1081933975219727]],"camera1":[[0.9552145004272461,-0.012650184333324432,-0.29564225673675537,0.6343117952346802],[-0.05209948122501373,-0.9906683564186096,-0.12594273686408997,0.6454765796661377],[-0.2912905216217041,0.1357051432132721,-0.9469602108001709,1.1081933975219727]],"full_resolution":[2064,2272],"relative_focal_length":[0.4356694221496582,0.4339345097541809],"screen_center":[0.3787437081336975,0.5965937376022339],"visualized_dimension":-1},{"camera0":[[0.9552145004272461,-0.012650184333324432,-0.29564225673675537,0.6824784874916077],[-0.05209948122501373,-0.9906683564186096,-0.12594273686408997,0.6428494453430176],[-0.2912905216217041,0.1357051432132721,-0.9469602108001709,1.0935050249099731]],"camera1":[[0.9552145004272461,-0.012650184333324432,-0.29564225673675537,0.6824784874916077],[-0.05209948122501373,-0.9906683564186096,-0.12594273686408997,0.6428494453430176],[-0.2912905216217041,0.1357051432132721,-0.9469602108001709,1.0935050249099731]],"full_resolution":[2064,2272],"relative_focal_length":[0.4356694221496582,0.4339345097541809],"screen_center":[0.6212562918663025,0.5965937376022339],"visualized_dimension":-1}]}
{"camera":{"aperture_size":0.0,"autofocus":false,"autofocus_depth":0.0,"autofocus_target":[0.5,0.5,0.5],"fov_axis":1,"matrix":[[0.5200160145759583,-0.05958280712366104,-0.8520753383636475,0.7041944265365601],[5.3551048040390015e-09,-0.997563898563385,0.069756418466568,-0.05764992907643318],[-0.8541563749313354,-0.03627448529005051,-0.5187491178512573,1.4287182092666626]],"relative_focal_length":[1.0,1.0],"scale":0.8264462351799011,"screen_center":[0.5007201433181763,0.4983441233634949],"zoom":1.0},"frame":2,"views":[{"camera0":[[0.951882004737854,-0.01403692364692688,-0.3061419129371643,0.6275802850723267],[-0.0558943897485733,-0.9901469349861145,-0.12839199602603912,0.6450574994087219],[-0.30132368206977844,0.13932564854621887,-0.9432878494262695,1.1100202798843384]],"camera1":[[0.951882004737854,-0.01403692364692688,-0.3061419129371643,0.6275802850723267],[-0.0558943897485733,-0.9901469349861145,-0.12839199602603912,0.6450574994087219],[-0.30132368206977844,0.13932564854621887,-0.9432878494262695,1.1100202798843384]],"full_resolution":[2064,2272],"relative_focal_length":[0.4356694221496582,0.4339345097541809],"screen_center":[0.3787437081336975,0.5965937376022339],"visualized_dimension":-1},{"camera0":[[0.951882004737854,-0.01403692364692688,-0.3061419129371643,0.6755789518356323],[-0.0558943897485733,-0.9901469349861145,-0.12839199602603912,0.6422390937805176],[-0.30132368206977844,0.13932564854621887,-0.9432878494262695,1.094826102256775]],"camera1":[[0.951882004737854,-0.01403692364692688,-0.3061419129371643,0.6755789518356323],[-0.0558943897485733,-0.9901469349861145,-0.12839199602603912,0.6422390937805176],[-0.30132368206977844,0.13932564854621887,-0.9432878494262695,1.094826102256775]],"full_resolution":[2064,2272],"relative_focal_length":[0.4356694221496582,0.4339345097541809],"screen_center":[0.6212562918663025,0.5965937376022339],"visualized_dimension":-1}]}
{"camera":{"aperture_size":0.0,"autofocus":false,"autofocus_depth":0.0,"autofocus_target":[0.5,0.5,0.5],"fov_axis":1,"matrix":[[0.5200160145759583,-0.05958280712366104,-0.8520753383636475,0.7041944265365601],[5.3551048040390015e-09,-0.997563898563385,0.069756418466568,-0.05764992907643318],[-0.8541563749313354,-0.03627448529005051,-0.5187491178512573,1.4287182092666626]],"relative_focal_length":[1.0,1.0],"scale":0.8264462351799011,"screen_center":[0.5007201433181763,0.4983441233634949],"zoom":1.0},"frame":3,"views":[{"camera0":[[0.9458030462265015,-0.010687939822673798,-0.32456374168395996,0.6107267141342163],[-0.05711451917886734,-0.9893534183502197,-0.13385620713233948,0.6445963978767395],[-0.31967800855636597,0.1451389193534851,-0.9363441467285156,1.1149065494537354]],"camera1":[[0.9458030462265015,-0.010687939822673798,-0.32456374168395996,0.6107267141342163],[-0.05711451917886734,-0.9893534183502197,-0.13385620713233948,0.6445963978767395],[-0.31967800855636597,0.1451389193534851,-0.9363441467285156,1.1149065494537354]],"full_resolution":[2064,2272],"relative_focal_length":[0.4356694221496582,0.4339345097541809],"screen_center":[0.3787437081336975,0.5965937376022339],"visualized_dimension":-1},{"camera0":[[0.9458030462265015,-0.010687939822673798,-0.32456374168395996,0.6584188342094421],[-0.05711451917886734,-0.9893534183502197,-0.13385620713233948,0.641716480255127],[-0.31967800855636597,0.1451389193534851,-0.9363441467285156,1.0987868309020996]],"camera1":[[0.9458030462265015,-0.010687939822673798,-0.32456374168395996,0.6584188342094421],[-0.05711451917886734,-0.9893534183502197,-0.13385620713233948,0.641716480255127],[-0.31967800855636597,0.1451389193534851,-0.9363441467285156,1.0987868309020996]],"full_resolution":[2064,2272],"relative_focal_length":[0.4356694221496582,0.4339345097541809],"screen_center":[0.6212562918663025,0.5965937376022339],"visualized_dimension":-1}]}
{"camera":{"aperture_size":0.0,"autofocus":false,"autofocus_depth":0.0,"autofocus_target":[0.5,0.5,0.5],"fov_axis":1,"matrix":[[0.5200160145759583,-0.05958280712366104,-0.8520753383636475,0.6909275054931641],[5.3551048040390015e-09,-0.997563898563385,0.069756418466568,-0.11446985602378845],[-0.8541563749313354,-0.03627448529005051,-0.5187491178512573,1.4428693056106567]],"relative_focal_length":[1.0,1.0],"scale":0.8264462351799011,"screen_center":[0.5007201433181763,0.4983441233634949],"zoom":1.0},"frame":4,"views":[{"camera0":[[0.9414698481559753,-0.0012374594807624817,-0.3370935320854187,0.5843530893325806],[-0.04917101189494133,-0.9898015856742859,-0.13369621336460114,0.5884630680084229],[-0.3334907293319702,0.14244619011878967,-0.9319294691085815,1.1343677043914795]],"camera1":[[0.9414698481559753,-0.0012374594807624817,-0.3370935320854187,0.5843530893325806],[-0.04917101189494133,-0.9898015856742859,-0.13369621336460114,0.5884630680084229],[-0.3334907293319702,0.14244619011878967,-0.9319294691085815,1.1343677043914795]],"full_resolution":[2064,2272],"relative_focal_length":[0.4356694221496582,0.4339345097541809],"screen_center":[0.3787437081336975,0.5965937376022339],"visualized_dimension":-1},{"camera0":[[0.9414698481559753,-0.0012374594807624817,-0.3370935320854187,0.6318267583847046],[-0.04917101189494133,-0.9898015856742859,-0.13369621336460114,0.5859837532043457],[-0.3334907293319702,0.14244619011878967,-0.9319294691085815,1.1175514459609985]],"camera1":[[0.9414698481559753,-0.0012374594807624817,-0.3370935320854187,0.6318267583847046],[-0.04917101189494133,-0.9898015856742859,-0.13369621336460114,0.5859837532043457],[-0.3334907293319702,0.14244619011878967,-0.9319294691085815,1.1175514459609985]],"full_resolution":[2064,2272],"relative_focal_length":[0.4356694221496582,0.4339345097541809],"screen_center":[0.6212562918663025,0.5965937376022339],"visualized_dimension":-1}]}
{"camera":{"aperture_size":0.0,"autofocus":false,"autofocus_depth":0.0,"autofocus_target":[0.5,0.5,0.5],"fov_axis":1,"matrix":[[0.5200160145759583,-0.05958280712366104,-0.8520753383636475,0.6858813166618347],[5.3551048040390015e-09,-0.997563898563385,0.069756418466568,-0.15487512946128845],[-0.8541563749313354,-0.03627448529005051,-0.5187491178512573,1.445724606513977]],"relative_focal_length":[1.0,1.0],"scale":0.8264462351799011,"screen_center":[0.5007201433181763,0.4983441233634949],"zoom":1.0},"frame":5,"views":[{"camera0":[[0.8782384991645813,0.05176498740911484,-0.47541218996047974,0.5500515699386597],[-0.018184879794716835,-0.9897902607917786,-0.14136585593223572,0.5471382141113281],[-0.4778766334056854,0.13279825448989868,-0.868330717086792,1.1601860523223877]],"camera1":[[0.8782384991645813,0.05176498740911484,-0.47541218996047974,0.5500515699386597],[-0.018184879794716835,-0.9897902607917786,-0.14136585593223572,0.5471382141113281],[-0.4778766334056854,0.13279825448989868,-0.868330717086792,1.1601860523223877]],"full_resolution":[2064,2272],"relative_focal_length":[0.4356694221496582,0.4339345097541809],"screen_center":[0.3787437081336975,0.5965937376022339],"visualized_dimension":-1},{"camera0":[[0.8782384991645813,0.05176498740911484,-0.47541218996047974,0.5943368077278137],[-0.018184879794716835,-0.9897902607917786,-0.14136585593223572,0.5462212562561035],[-0.4778766334056854,0.13279825448989868,-0.868330717086792,1.1360890865325928]],"camera1":[[0.8782384991645813,0.05176498740911484,-0.47541218996047974,0.5943368077278137],[-0.018184879794716835,-0.9897902607917786,-0.14136585593223572,0.5462212562561035],[-0.4778766334056854,0.13279825448989868,-0.868330717086792,1.1360890865325928]],"full_resolution":[2064,2272],"relative_focal_length":[0.4356694221496582,0.4339345097541809],"screen_center":[0.6212562918663025,0.5965937376022339],"visualized_dimension":-1}]}
{"camera":{"aperture_size":0.0,"autofocus":false,"autofocus_depth":0.0,"autofocus_target":[0.5,0.5,0.5],"fov_axis":1,"matrix":[[0.5200160145759583,-0.05958280712366104,-0.8520753383636475,0.6802318096160889],[5.3551048040390015e-09,-0.997563898563385,0.069756418466568,-0.20538172125816345],[-0.8541563749313354,-0.03627448529005051,-0.5187491178512573,1.4482126235961914]],"relative_focal_length":[1.0,1.0],"scale":0.8264462351799011,"screen_center":[0.5007201433181763,0.4983441233634949],"zoom":1.0},"frame":6,"views":[{"camera0":[[0.8211400508880615,0.0775333046913147,-0.5654348731040955,0.5445963740348816],[-0.0023650657385587692,-0.9902584552764893,-0.1392202377319336,0.4945048987865448],[-0.570721447467804,0.11565661430358887,-0.8129576444625854,1.1775223016738892]],"camera1":[[0.8211400508880615,0.0775333046913147,-0.5654348731040955,0.5445963740348816],[-0.0023650657385587692,-0.9902584552764893,-0.1392202377319336,0.4945048987865448],[-0.570721447467804,0.11565661430358887,-0.8129576444625854,1.1775223016738892]],"full_resolution":[2064,2272],"relative_focal_length":[0.4356694221496582,0.4339345097541809],"screen_center":[0.3787437081336975,0.5965937376022339],"visualized_dimension":-1},{"camera0":[[0.8211400508880615,0.0775333046913147,-0.5654348731040955,0.5860024094581604],[-0.0023650657385587692,-0.9902584552764893,-0.1392202377319336,0.494385689496994],[-0.570721447467804,0.11565661430358887,-0.8129576444625854,1.1487436294555664]],"camera1":[[0.8211400508880615,0.0775333046913147,-0.5654348731040955,0.5860024094581604],[-0.0023650657385587692,-0.9902584552764893,-0.1392202377319336,0.494385689496994],[-0.570721447467804,0.11565661430358887,-0.8129576444625854,1.1487436294555664]],"full_resolution":[2064,2272],"relative_focal_length":[0.4356694221496582,0.4339345097541809],"screen_center":[0.6212562918663025,0.5965937376022339],"visualized_dimension":-1}]}
{"camera":{"aperture_size":0.0,"autofocus":false,"autofocus_depth":0.0,"autofocus_target":[0.5,0.5,0.5],"fov_axis":1,"matrix":[[0.5200160145759583,-0.05958280712366104,-0.8520753383636475,0.6774619221687317],[5.3551048040390015e-09,-0.997563898563385,0.069756418466568,-0.24073633551597595],[-0.8541563749313354,-0.03627448529005051,-0.5187491178512573,1.4480081796646118]],"relative_focal_length":[1.0,1.0],"scale":0.8264462351799011,"screen_center":[0.5007201433181763,0.4983441233634949],"zoom":1.0},"frame":7,"views":[{"camera0":[[0.7998775243759155,0.06363935023546219,-0.5967789888381958,0.5527820587158203],[-0.019839107990264893,-0.9910148978233337,-0.13227063417434692,0.46573349833488464],[-0.5998350381851196,0.11763986200094223,-0.7914280891418457,1.1800832748413086]],"camera1":[[0.7998775243759155,0.06363935023546219,-0.5967789888381958,0.5527820587158203],[-0.019839107990264893,-0.9910148978233337,-0.13227063417434692,0.46573349833488464],[-0.5998350381851196,0.11763986200094223,-0.7914280891418457,1.1800832748413086]],"full_resolution":[2064,2272],"relative_focal_length":[0.4356694221496582,0.4339345097541809],"screen_center":[0.3787437081336975,0.5965937376022339],"visualized_dimension":-1},{"camera0":[[0.7998775243759155,0.06363935023546219,-0.5967789888381958,0.5931159257888794],[-0.019839107990264893,-0.9910148978233337,-0.13227063417434692,0.4647330939769745],[-0.5998350381851196,0.11763986200094223,-0.7914280891418457,1.1498366594314575]],"camera1":[[0.7998775243759155,0.06363935023546219,-0.5967789888381958,0.5931159257888794],[-0.019839107990264893,-0.9910148978233337,-0.13227063417434692,0.4647330939769745],[-0.5998350381851196,0.11763986200094223,-0.7914280891418457,1.1498366594314575]],"full_resolution":[2064,2272],"relative_focal_length":[0.4356694221496582,0.4339345097541809],"screen_center":[0.6212562918663025,0.5965937376022339],"visualized_dimension":-1}]}
{"camera":{"aperture_size":0.0,"autofocus":false,"autofocus_depth":0.0,"autofocus_target":[0.5,0.5,0.5],"fov_axis":1,"matrix":[[0.5200160145759583,-0.05958280712366104,-0.8520753383636475,0.6775922179222107],[5.3551048040390015e-09,-0.997563898563385,0.069756418466568,-0.24957498908042908],[-0.8541563749313354,-0.03627448529005051,-0.5187491178512573,1.4466056823730469]],"relative_focal_length":[1.0,1.0],"scale":0.8264462351799011,"screen_center":[0.5007201433181763,0.4983441233634949],"zoom":1.0},"frame":8,"views":[{"camera0":[[0.7740153074264526,0.062012478709220886,-0.6301221251487732,0.566714882850647],[-0.021822763606905937,-0.9919880628585815,-0.12443102896213531,0.4564884603023529],[-0.6327903866767883,0.11006250977516174,-0.7664607763290405,1.180924654006958]],"camera1":[[0.7740153074264526,0.062012478709220886,-0.6301221251487732,0.566714882850647],[-0.021822763606905937,-0.9919880628585815,-0.12443102896213531,0.4564884603023529],[-0.6327903866767883,0.11006250977516174,-0.7664607763290405,1.180924654006958]],"full_resolution":[2064,2272],"relative_focal_length":[0.4356694221496582,0.4339345097541809],"screen_center":[0.3787437081336975,0.5965937376022339],"visualized_dimension":-1},{"camera0":[[0.7740153074264526,0.062012478709220886,-0.6301221251487732,0.6057446599006653],[-0.021822763606905937,-0.9919880628585815,-0.12443102896213531,0.4553880989551544],[-0.6327903866767883,0.11006250977516174,-0.7664607763290405,1.1490161418914795]],"camera1":[[0.7740153074264526,0.062012478709220886,-0.6301221251487732,0.6057446599006653],[-0.021822763606905937,-0.9919880628585815,-0.12443102896213531,0.4553880989551544],[-0.6327903866767883,0.11006250977516174,-0.7664607763290405,1.1490161418914795]],"full_resolution":[2064,2272],"relative_focal_length":[0.4356694221496582,0.4339345097541809],"screen_center":[0.6212562918663025,0.5965937376022339],"visualized_dimension":-1}]}
{"camera":{"aperture_size":0.0,"autofocus":false,"autofocus_depth":0.0,"autofocus_target":[0.5,0.5,0.5],"fov_axis":1,"matrix":[[0.5200160145759583,-0.05958280712366104,-0.8520753383636475,0.679751992225647],[5.3551048040390015e-09,-0.997563898563385,0.069756418466568,-0.2685149610042572],[-0.8541563749313354,-0.03627448529005051,-0.5187491178512573,1.4405112266540527]],"relative_focal_length":[1.0,1.0],"scale":0.8264462351799011,"screen_center":[0.5007201433181763,0.4983441233634949],"zoom":1.0},"frame":9,"views":[{"camera0":[[0.7672232389450073,0.07466469705104828,-0.6370187401771545,0.5715146064758301],[-0.009757311083376408,-0.9917271137237549,-0.1279914826154709,0.4359607398509979],[-0.6413057446479797,0.10441361367702484,-0.7601476907730103,1.174603819847107]],"camera1":[[0.7672232389450073,0.07466469705104828,-0.6370187401771545,0.5715146064758301],[-0.009757311083376408,-0.9917271137237549,-0.1279914826154709,0.4359607398509979],[-0.6413057446479797,0.10441361367702484,-0.7601476907730103,1.174603819847107]],"full_resolution":[2064,2272],"relative_focal_length":[0.4356694221496582,0.4339345097541809],"screen_center":[0.3787437081336975,0.5965937376022339],"visualized_dimension":-1},{"camera0":[[0.7672232389450073,0.07466469705104828,-0.6370187401771545,0.6102018356323242],[-0.009757311083376408,-0.9917271137237549,-0.1279914826154709,0.43546876311302185],[-0.6413057446479797,0.10441361367702484,-0.7601476907730103,1.1422659158706665]],"camera1":[[0.7672232389450073,0.07466469705104828,-0.6370187401771545,0.6102018356323242],[-0.009757311083376408,-0.9917271137237549,-0.1279914826154709,0.43546876311302185],[-0.6413057446479797,0.10441361367702484,-0.7601476907730103,1.1422659158706665]],"full_resolution":[2064,2272],"relative_focal_length":[0.4356694221496582,0.4339345097541809],"screen_center":[0.6212562918663025,0.5965937376022339],"visualized_dimension":-1}]}
{"camera":{"aperture_size":0.0,"autofocus":false,"autofocus_depth":0.0,"autofocus_target":[0.5,0.5,0.5],"fov_axis":1,"matrix":[[0.5200160145759583,-0.05958280712366104,-0.8520753383636475,0.6843183636665344],[5.3551048040390015e-09,-0.997563898563385,0.069756418466568,-0.29124292731285095],[-0.8541563749313354,-0.03627448529005051,-0.5187491178512573,1.4299544095993042]],"relative_focal_length":[1.0,1.0],"scale":0.8264462351799011,"screen_center":[0.5007201433181763,0.4983441233634949],"zoom":1.0},"frame":10,"views":[{"camera0":[[0.7459598183631897,0.06766148656606674,-0.6625444293022156,0.582589328289032],[-0.031773634254932404,-0.9900771975517273,-0.13688424229621887,0.4113728702068329],[-0.6652324199676514,0.12316156923770905,-0.736407995223999,1.1645925045013428]],"camera1":[[0.7459598183631897,0.06766148656606674,-0.6625444293022156,0.582589328289032],[-0.031773634254932404,-0.9900771975517273,-0.13688424229621887,0.4113728702068329],[-0.6652324199676514,0.12316156923770905,-0.736407995223999,1.1645925045013428]],"full_resolution":[2064,2272],"relative_focal_length":[0.4356694221496582,0.4339345097541809],"screen_center":[0.3787437081336975,0.5965937376022339],"visualized_dimension":-1},{"camera0":[[0.7459598183631897,0.06766148656606674,-0.6625444293022156,0.6202043890953064],[-0.031773634254932404,-0.9900771975517273,-0.13688424229621887,0.4097706377506256],[-0.6652324199676514,0.12316156923770905,-0.736407995223999,1.1310482025146484]],"camera1":[[0.7459598183631897,0.06766148656606674,-0.6625444293022156,0.6202043890953064],[-0.031773634254932404,-0.9900771975517273,-0.13688424229621887,0.4097706377506256],[-0.6652324199676514,0.12316156923770905,-0.736407995223999,1.1310482025146484]],"full_resolution":[2064,2272],"relative_focal_length":[0.4356694221496582,0.4339345097541809],"screen_center":[0.6212562918663025,0.5965937376022339],"visualized_dimension":-1}]}
{"camera":{"aperture_size":0.0,"autofocus":false,"autofocus_depth":0.0,"autofocus_target":[0.5,0.5,0.5],"fov_axis":1,"matrix":[[0.5200160145759583,-0.05958280712366104,-0.8520753383636475,0.6845583915710449],[5.3551048040390015e-09,-0.997563898563385,0.069756418466568,-0.3202842175960541],[-0.8541563749313354,-0.03627448529005051,-0.5187491178512573,1.4256548881530762]],"relative_focal_length":[1.0,1.0],"scale":0.8264462351799011,"screen_center":[0.5007201433181763,0.4983441233634949],"zoom":1.0},"frame":11,"views":[{"camera0":[[0.6987584829330444,0.05466538667678833,-0.7132652997970581,0.6025592088699341],[-0.05801708996295929,-0.9894605875015259,-0.1326702982187271,0.3771631419658661],[-0.713001012802124,0.13408605754375458,-0.6882224678993225,1.157029628753662]],"camera1":[[0.6987584829330444,0.05466538667678833,-0.7132652997970581,0.6025592088699341],[-0.05801708996295929,-0.9894605875015259,-0.1326702982187271,0.3771631419658661],[-0.713001012802124,0.13408605754375458,-0.6882224678993225,1.157029628753662]],"full_resolution":[2064,2272],"relative_focal_length":[0.4356694221496582,0.4339345097541809],"screen_center":[0.3787437081336975,0.5965937376022339],"visualized_dimension":-1},{"camera0":[[0.6987584829330444,0.05466538667678833,-0.7132652997970581,0.6377941370010376],[-0.05801708996295929,-0.9894605875015259,-0.1326702982187271,0.3742375671863556],[-0.713001012802124,0.13408605754375458,-0.6882224678993225,1.1210764646530151]],"camera1":[[0.6987584829330444,0.05466538667678833,-0.7132652997970581,0.6377941370010376],[-0.05801708996295929,-0.9894605875015259,-0.1326702982187271,0.3742375671863556],[-0.713001012802124,0.13408605754375458,-0.6882224678993225,1.1210764646530151]],"full_resolution":[2064,2272],"relative_focal_length":[0.4356694221496582,0.4339345097541809],"screen_center":[0.6212562918663025,0.5965937376022339],"visualized_dimension":-1}]}
{"camera":{"aperture_size":0.0,"autofocus":false,"autofocus_depth":0.0,"autofocus_target":[0.5,0.5,0.5],"fov_axis":1,"matrix":[[0.5200160145759583,-0.05958280712366104,-0.8520753383636475,0.6843870282173157],[5.3551048040390015e-09,-0.997563898563385,0.069756418466568,-0.3341735303401947],[-0.8541563749313354,-0.03627448529005051,-0.5187491178512573,1.4240686893463135]],"relative_focal_length":[1.0,1.0],"scale":0.8264462351799011,"screen_center":[0.5007201433181763,0.4983441233634949],"zoom":1.0},"frame":12,"views":[{"camera0":[[0.7019587755203247,0.054402321577072144,-0.7101361751556396,0.6087841391563416],[-0.06494531035423279,-0.9880348443984985,-0.13988904654979706,0.3636743128299713],[-0.7092500925064087,0.14431634545326233,-0.6900266408920288,1.1533070802688599]],"camera1":[[0.7019587755203247,0.054402321577072144,-0.7101361751556396,0.6087841391563416],[-0.06494531035423279,-0.9880348443984985,-0.13988904654979706,0.3636743128299713],[-0.7092500925064087,0.14431634545326233,-0.6900266408920288,1.1533070802688599]],"full_resolution":[2064,2272],"relative_focal_length":[0.4356694221496582,0.4339345097541809],"screen_center":[0.3787437081336975,0.5965937376022339],"visualized_dimension":-1},{"camera0":[[0.7019587755203247,0.054402321577072144,-0.7101361751556396,0.644180417060852],[-0.06494531035423279,-0.9880348443984985,-0.13988904654979706,0.360399454832077],[-0.7092500925064087,0.14431634545326233,-0.6900266408920288,1.1175432205200195]],"camera1":[[0.7019587755203247,0.054402321577072144,-0.7101361751556396,0.644180417060852],[-0.06494531035423279,-0.9880348443984985,-0.13988904654979706,0.360399454832077],[-0.7092500925064087,0.14431634545326233,-0.6900266408920288,1.1175432205200195]],"full_resolution":[2064,2272],"relative_focal_length":[0.4356694221496582,0.4339345097541809],"screen_center":[0.6212562918663025,0.5965937376022339],"visualized_dimension":-1}]}
{"camera":{"aperture_size":0.0,"autofocus":false,"autofocus_depth":0.0,"autofocus_target":[0.5,0.5,0.5],"fov_axis":1,"matrix":[[0.5200160145759583,-0.05958280712366104,-0.8520753383636475,0.6845927238464355],[5.3551048040390015e-09,-0.997563898563385,0.069756418466568,-0.34174951910972595],[-0.8541563749313354,-0.03627448529005051,-0.5187491178512573,1.4227120876312256]],"relative_focal_length":[1.0,1.0],"scale":0.8264462351799011,"screen_center":[0.5007201433181763,0.4983441233634949],"zoom":1.0},"frame":13,"views":[{"camera0":[[0.7148971557617188,0.035236820578575134,-0.6983405947685242,0.6127336621284485],[-0.06313315778970718,-0.9913972020149231,-0.11465367674827576,0.35876980423927307],[-0.696373462677002,0.12605403363704681,-0.7065224647521973,1.150056004524231]],"camera1":[[0.7148971557617188,0.035236820578575134,-0.6983405947685242,0.6127336621284485],[-0.06313315778970718,-0.9913972020149231,-0.11465367674827576,0.35876980423927307],[-0.696373462677002,0.12605403363704681,-0.7065224647521973,1.150056004524231]],"full_resolution":[2064,2272],"relative_focal_length":[0.4356694221496582,0.4339345097541809],"screen_center":[0.3787437081336975,0.5965937376022339],"visualized_dimension":-1},{"camera0":[[0.7148971557617188,0.035236820578575134,-0.6983405947685242,0.6487823724746704],[-0.06313315778970718,-0.9913972020149231,-0.11465367674827576,0.3555862605571747],[-0.696373462677002,0.12605403363704681,-0.7065224647521973,1.1149413585662842]],"camera1":[[0.7148971557617188,0.035236820578575134,-0.6983405947685242,0.6487823724746704],[-0.06313315778970718,-0.9913972020149231,-0.11465367674827576,0.3555862605571747],[-0.696373462677002,0.12605403363704681,-0.7065224647521973,1.1149413585662842]],"full_resolution":[2064,2272],"relative_focal_length":[0.4356694221496582,0.4339345097541809],"screen_center":[0.6212562918663025,0.5965937376022339],"visualized_dimension":-1}]}
{"camera":{"aperture_size":0.0,"autofocus":false,"autofocus_depth":0.0,"autofocus_target":[0.5,0.5,0.5],"fov_axis":1,"matrix":[[0.5200160145759583,-0.05958280712366104,-0.8520753383636475,0.6879318952560425],[5.3551048040390015e-09,-0.997563898563385,0.069756418466568,-0.3960441052913666],[-0.8541563749313354,-0.03627448529005051,-0.5187491178512573,1.4099262952804565]],"relative_focal_length":[1.0,1.0],"scale":0.8264462351799011,"screen_center":[0.5007201433181763,0.4983441233634949],"zoom":1.0},"frame":14,"views":[{"camera0":[[0.7196775078773499,0.039833247661590576,-0.6931642293930054,0.6113618016242981],[-0.051538385450839996,-0.9925336241722107,-0.11054635047912598,0.3055401146411896],[-0.6923927068710327,0.11528228968381882,-0.7122512459754944,1.1348202228546143]],"camera1":[[0.7196775078773499,0.039833247661590576,-0.6931642293930054,0.6113618016242981],[-0.051538385450839996,-0.9925336241722107,-0.11054635047912598,0.3055401146411896],[-0.6923927068710327,0.11528228968381882,-0.7122512459754944,1.1348202228546143]],"full_resolution":[2064,2272],"relative_focal_length":[0.4356694221496582,0.4339345097541809],"screen_center":[0.3787437081336975,0.5965937376022339],"visualized_dimension":-1},{"camera0":[[0.7196775078773499,0.039833247661590576,-0.6931642293930054,0.6476515531539917],[-0.051538385450839996,-0.9925336241722107,-0.11054635047912598,0.302941232919693],[-0.6923927068710327,0.11528228968381882,-0.7122512459754944,1.099906325340271]],"camera1":[[0.7196775078773499,0.039833247661590576,-0.6931642293930054,0.6476515531539917],[-0.051538385450839996,-0.9925336241722107,-0.11054635047912598,0.302941232919693],[-0.6923927068710327,0.11528228968381882,-0.7122512459754944,1.099906325340271]],"full_resolution":[2064,2272],"relative_focal_length":[0.4356694221496582,0.4339345097541809],"screen_center":[0.6212562918663025,0.5965937376022339],"visualized_dimension":-1}]}
{"camera":{"aperture_size":0.0,"autofocus":false,"autofocus_depth":0.0,"autofocus_target":[0.5,0.5,0.5],"fov_axis":1,"matrix":[[0.5200160145759583,-0.05958280712366104,-0.8520753383636475,0.6883227825164795],[5.3551048040390015e-09,-0.997563898563385,0.069756418466568,-0.42256006598472595],[-0.8541563749313354,-0.03627448529005051,-0.5187491178512573,1.4057186841964722]],"relative_focal_length":[1.0,1.0],"scale":0.8264462351799011,"screen_center":[0.5007201433181763,0.4983441233634949],"zoom":1.0},"frame":15,"views":[{"camera0":[[0.7557997703552246,0.024170227348804474,-0.6543558835983276,0.5899679660797119],[-0.0638580471277237,-0.9918342232704163,-0.11039355397224426,0.27933165431022644],[-0.6516813635826111,0.12522131204605103,-0.7480846643447876,1.1205209493637085]],"camera1":[[0.7557997703552246,0.024170227348804474,-0.6543558835983276,0.5899679660797119],[-0.0638580471277237,-0.9918342232704163,-0.11039355397224426,0.27933165431022644],[-0.6516813635826111,0.12522131204605103,-0.7480846643447876,1.1205209493637085]],"full_resolution":[2064,2272],"relative_focal_length":[0.4356694221496582,0.4339345097541809],"screen_center":[0.3787437081336975,0.5965937376022339],"visualized_dimension":-1},{"camera0":[[0.7557997703552246,0.024170227348804474,-0.6543558835983276,0.6280791759490967],[-0.0638580471277237,-0.9918342232704163,-0.11039355397224426,0.27611157298088074],[-0.6516813635826111,0.12522131204605103,-0.7480846643447876,1.0876599550247192]],"camera1":[[0.7557997703552246,0.024170227348804474,-0.6543558835983276,0.6280791759490967],[-0.0638580471277237,-0.9918342232704163,-0.11039355397224426,0.27611157298088074],[-0.6516813635826111,0.12522131204605103,-0.7480846643447876,1.0876599550247192]],"full_resolution":[2064,2272],"relative_focal_length":[0.4356694221496582,0.4339345097541809],"screen_center":[0.6212562918663025,0.5965937376022339],"visualized_dimension":-1}]}
{"camera":{"aperture_size":0.0,"autofocus":false,"autofocus_depth":0.0,"autofocus_target":[0.5,0.5,0.5],"fov_axis":1,"matrix":[[0.5200160145759583,-0.05958280712366104,-0.8520753383636475,0.6888850331306458],[5.3551048040390015e-09,-0.997563898563385,0.069756418466568,-0.4351867139339447],[-0.8541563749313354,-0.03627448529005051,-0.5187491178512573,1.4030972719192505]],"relative_focal_length":[1.0,1.0],"scale":0.8264462351799011,"screen_center":[0.5007201433181763,0.4983441233634949],"zoom":1.0},"frame":16,"views":[{"camera0":[[0.7805514335632324,0.0242195725440979,-0.624621570110321,0.572105348110199],[-0.044498343020677567,-0.9945608973503113,-0.09417067468166351,0.2727682292461395],[-0.6235054135322571,0.10129968076944351,-0.7752283215522766,1.1152548789978027]],"camera1":[[0.7805514335632324,0.0242195725440979,-0.624621570110321,0.572105348110199],[-0.044498343020677567,-0.9945608973503113,-0.09417067468166351,0.2727682292461395],[-0.6235054135322571,0.10129968076944351,-0.7752283215522766,1.1152548789978027]],"full_resolution":[2064,2272],"relative_focal_length":[0.4356694221496582,0.4339345097541809],"screen_center":[0.3787437081336975,0.5965937376022339],"visualized_dimension":-1},{"camera0":[[0.7805514335632324,0.0242195725440979,-0.624621570110321,0.6114647388458252],[-0.044498343020677567,-0.9945608973503113,-0.09417067468166351,0.27052441239356995],[-0.6235054135322571,0.10129968076944351,-0.7752283215522766,1.0838146209716797]],"camera1":[[0.7805514335632324,0.0242195725440979,-0.624621570110321,0.6114647388458252],[-0.044498343020677567,-0.9945608973503113,-0.09417067468166351,0.27052441239356995],[-0.6235054135322571,0.10129968076944351,-0.7752283215522766,1.0838146209716797]],"full_resolution":[2064,2272],"relative_focal_length":[0.4356694221496582,0.4339345097541809],"screen_center":[0.6212562918663025,0.5965937376022339],"visualized_dimension":-1}]}
{"camera":{"aperture_size":0.0,"autofocus":false,"autofocus_depth":0.0,"autofocus_target":[0.5,0.5,0.5],"fov_axis":1,"matrix":[[0.5200160145759583,-0.05958280712366104,-0.8520753383636475,0.688432514667511],[5.3551048040390015e-09,-0.997563898563385,0.069756418466568,-0.44276270270347595],[-0.8541563749313354,-0.03627448529005051,-0.5187491178512573,1.4028217792510986]],"relative_focal_length":[1.0,1.0],"scale":0.8264462351799011,"screen_center":[0.5007201433181763,0.4983441233634949],"zoom":1.0},"frame":17,"views":[{"camera0":[[0.7755584716796875,0.02547147125005722,-0.6307609677314758,0.5526527762413025],[-0.044402144849300385,-0.9945096969604492,-0.09475541114807129,0.26625779271125793],[-0.6297120451927185,0.10149550437927246,-0.7701695561408997,1.1123489141464233]],"camera1":[[0.7755584716796875,0.02547147125005722,-0.6307609677314758,0.5526527762413025],[-0.044402144849300385,-0.9945096969604492,-0.09475541114807129,0.26625779271125793],[-0.6297120451927185,0.10149550437927246,-0.7701695561408997,1.1123489141464233]],"full_resolution":[2064,2272],"relative_focal_length":[0.4356694221496582,0.4339345097541809],"screen_center":[0.3787437081336975,0.5965937376022339],"visualized_dimension":-1},{"camera0":[[0.7755584716796875,0.02547147125005722,-0.6307609677314758,0.5917603373527527],[-0.044402144849300385,-0.9945096969604492,-0.09475541114807129,0.26401880383491516],[-0.6297120451927185,0.10149550437927246,-0.7701695561408997,1.0805957317352295]],"camera1":[[0.7755584716796875,0.02547147125005722,-0.6307609677314758,0.5917603373527527],[-0.044402144849300385,-0.9945096969604492,-0.09475541114807129,0.26401880383491516],[-0.6297120451927185,0.10149550437927246,-0.7701695561408997,1.0805957317352295]],"full_resolution":[2064,2272],"relative_focal_length":[0.4356694221496582,0.4339345097541809],"screen_center":[0.6212562918663025,0.5965937376022339],"visualized_dimension":-1}]}
{"camera":{"aperture_size":0.0,"autofocus":false,"autofocus_depth":0.0,"autofocus_target":[0.5,0.5,0.5],"fov_axis":1,"matrix":[[0.5200160145759583,-0.05958280712366104,-0.8520753383636475,0.6892964243888855],[5.3551048040390015e-09,-0.997563898563385,0.069756418466568,-0.4503386914730072],[-0.8541563749313354,-0.03627448529005051,-0.5187491178512573,1.4003839492797852]],"relative_focal_length":[1.0,1.0],"scale":0.8264462351799011,"screen_center":[0.5007201433181763,0.4983441233634949],"zoom":1.0},"frame":18,"views":[{"camera0":[[0.8003123998641968,0.02507024258375168,-0.5990581512451172,0.5345184206962585],[-0.04489884525537491,-0.9938141703605652,-0.10157308727502823,0.26046356558799744],[-0.5978994369506836,0.1081872284412384,-0.7942363023757935,1.1029138565063477]],"camera1":[[0.8003123998641968,0.02507024258375168,-0.5990581512451172,0.5345184206962585],[-0.04489884525537491,-0.9938141703605652,-0.10157308727502823,0.26046356558799744],[-0.5978994369506836,0.1081872284412384,-0.7942363023757935,1.1029138565063477]],"full_resolution":[2064,2272],"relative_focal_length":[0.4356694221496582,0.4339345097541809],"screen_center":[0.3787437081336975,0.5965937376022339],"visualized_dimension":-1},{"camera0":[[0.8003123998641968,0.02507024258375168,-0.5990581512451172,0.5748741626739502],[-0.04489884525537491,-0.9938141703605652,-0.10157308727502823,0.258199542760849],[-0.5978994369506836,0.1081872284412384,-0.7942363023757935,1.0727647542953491]],"camera1":[[0.8003123998641968,0.02507024258375168,-0.5990581512451172,0.5748741626739502],[-0.04489884525537491,-0.9938141703605652,-0.10157308727502823,0.258199542760849],[-0.5978994369506836,0.1081872284412384,-0.7942363023757935,1.0727647542953491]],"full_resolution":[2064,2272],"relative_focal_length":[0.4356694221496582,0.4339345097541809],"screen_center":[0.6212562918663025,0.5965937376022339],"visualized_dimension":-1}]}
{"camera":{"aperture_size":0.0,"autofocus":false,"autofocus_depth":0.0,"autofocus_target":[0.5,0.5,0.5],"fov_axis":1,"matrix":[[0.5200160145759583,-0.05958280712366104,-0.8520753383636475,0.6899340748786926],[5.3551048040390015e-09,-0.997563898563385,0.069756418466568,-0.4617026746273041],[-0.8541563749313354,-0.03627448529005051,-0.5187491178512573,1.3978084325790405]],"relative_focal_length":[1.0,1.0],"scale":0.8264462351799011,"screen_center":[0.5007201433181763,0.4983441233634949],"zoom":1.0},"frame":19,"views":[{"camera0":[[0.8345629572868347,0.02194102108478546,-0.5504748225212097,0.5203607678413391],[-0.04112090915441513,-0.9939382076263428,-0.10195910930633545,0.25056347250938416],[-0.5493755340576172,0.10772731900215149,-0.8286018371582031,1.0928486585617065]],"camera1":[[0.8345629572868347,0.02194102108478546,-0.5504748225212097,0.5203607678413391],[-0.04112090915441513,-0.9939382076263428,-0.10195910930633545,0.25056347250938416],[-0.5493755340576172,0.10772731900215149,-0.8286018371582031,1.0928486585617065]],"full_resolution":[2064,2272],"relative_focal_length":[0.4356694221496582,0.4339345097541809],"screen_center":[0.3787437081336975,0.5965937376022339],"visualized_dimension":-1},{"camera0":[[0.8345629572868347,0.02194102108478546,-0.5504748225212097,0.5624436140060425],[-0.04112090915441513,-0.9939382076263428,-0.10195910930633545,0.24849000573158264],[-0.5493755340576172,0.10772731900215149,-0.8286018371582031,1.0651464462280273]],"camera1":[[0.8345629572868347,0.02194102108478546,-0.5504748225212097,0.5624436140060425],[-0.04112090915441513,-0.9939382076263428,-0.10195910930633545,0.24849000573158264],[-0.5493755340576172,0.10772731900215149,-0.8286018371582031,1.0651464462280273]],"full_resolution":[2064,2272],"relative_focal_length":[0.4356694221496582,0.4339345097541809],"screen_center":[0.6212562918663025,0.5965937376022339],"visualized_dimension":-1}]}
{"camera":{"aperture_size":0.0,"autofocus":false,"autofocus_depth":0.0,"autofocus_target":[0.5,0.5,0.5],"fov_axis":1,"matrix":[[0.5200160145759583,-0.05958280712366104,-0.8520753383636475,0.6903454661369324],[5.3551048040390015e-09,-0.997563898563385,0.069756418466568,-0.4768546521663666],[-0.8541563749313354,-0.03627448529005051,-0.5187491178512573,1.3950951099395752]],"relative_focal_length":[1.0,1.0],"scale":0.8264462351799011,"screen_center":[0.5007201433181763,0.4983441233634949],"zoom":1.0},"frame":20,"views":[{"camera0":[[0.8582167625427246,0.017007172107696533,-0.5130048394203186,0.5092965364456177],[-0.04014880955219269,-0.9941644668579102,-0.10012425482273102,0.2364436686038971],[-0.5117144584655762,0.10652483999729156,-0.8525259494781494,1.0808403491973877]],"camera1":[[0.8582167625427246,0.017007172107696533,-0.5130048394203186,0.5092965364456177],[-0.04014880955219269,-0.9941644668579102,-0.10012425482273102,0.2364436686038971],[-0.5117144584655762,0.10652483999729156,-0.8525259494781494,1.0808403491973877]],"full_resolution":[2064,2272],"relative_focal_length":[0.4356694221496582,0.4339345097541809],"screen_center":[0.3787437081336975,0.5965937376022339],"visualized_dimension":-1},{"camera0":[[0.8582167625427246,0.017007172107696533,-0.5130048394203186,0.5525721311569214],[-0.04014880955219269,-0.9941644668579102,-0.10012425482273102,0.23441919684410095],[-0.5117144584655762,0.10652483999729156,-0.8525259494781494,1.0550371408462524]],"camera1":[[0.8582167625427246,0.017007172107696533,-0.5130048394203186,0.5525721311569214],[-0.04014880955219269,-0.9941644668579102,-0.10012425482273102,0.23441919684410095],[-0.5117144584655762,0.10652483999729156,-0.8525259494781494,1.0550371408462524]],"full_resolution":[2064,2272],"relative_focal_length":[0.4356694221496582,0.4339345097541809],"screen_center":[0.6212562918663025,0.5965937376022339],"visualized_dimension":-1}]}
