{"camera":{"aperture_size":0.0,"autofocus":false,"autofocus_depth":0.0,"autofocus_target":[0.5,0.5,0.5],"fov_axis":1,"matrix":[[0.5200160145759583,-0.05958280712366104,-0.8520753383636475,0.6919567584991455],[5.3551048040390015e-09,-0.997563898563385,0.069756418466568,-0.5159972906112671],[-0.8541563749313354,-0.03627448529005051,-0.5187491178512573,1.3871848583221436]],"relative_focal_length":[1.0,1.0],"scale":0.8264462351799011,"screen_center":[0.5007201433181763,0.4983441233634949],"zoom":1.0},"frame":1,"views":[{"camera0":[[0.80291348695755,0.03309144079685211,0.595175564289093,0.7860223054885864],[-0.004175566136837006,-0.9981210231781006,0.06112788990139961,0.21001654863357544],[0.5960800051689148,-0.051565662026405334,-0.8012672662734985,0.8706006407737732]],"camera1":[[0.80291348695755,0.03309144079685211,0.595175564289093,0.7860223054885864],[-0.004175566136837006,-0.9981210231781006,0.06112788990139961,0.21001654863357544],[0.5960800051689148,-0.051565662026405334,-0.8012672662734985,0.8706006407737732]],"full_resolution":[2064,2272],"relative_focal_length":[0.4356694221496582,0.4339345097541809],"screen_center":[0.3787437081336975,0.5965937376022339],"visualized_dimension":-1},{"camera0":[[0.80291348695755,0.03309144079685211,0.595175564289093,0.8265092372894287],[-0.004175566136837006,-0.9981210231781006,0.06112788990139961,0.20980602502822876],[0.5960800051689148,-0.051565662026405334,-0.8012672662734985,0.9006580114364624]],"camera1":[[0.80291348695755,0.03309144079685211,0.595175564289093,0.8265092372894287],[-0.004175566136837006,-0.9981210231781006,0.06112788990139961,0.20980602502822876],[0.5960800051689148,-0.051565662026405334,-0.8012672662734985,0.9006580114364624]],"full_resolution":[2064,2272],"relative_focal_length":[0.4356694221496582,0.4339345097541809],"screen_center":[0.6212562918663025,0.5965937376022339],"visualized_dimension":-1}]}
{"camera":{"aperture_size":0.0,"autofocus":false,"autofocus_depth":0.0,"autofocus_target":[0.5,0.5,0.5],"fov_axis":1,"matrix":[[0.5200160145759583,-0.05958280712366104,-0.8520753383636475,0.6919567584991455],[5.3551048040390015e-09,-0.997563898563385,0.069756418466568,-0.5159972906112671],[-0.8541563749313354,-0.03627448529005051,-0.5187491178512573,1.3871848583221436]],"relative_focal_length":[1.0,1.0],"scale":0.8264462351799011,"screen_center":[0.5007201433181763,0.4983441233634949],"zoom":1.0},"frame":2,"views":[{"camera0":[[0.79508376121521,0.03091985359787941,0.6057103276252747,0.8011850118637085],[-0.010440122336149216,-0.9978538155555725,0.0646418109536171,0.20957684516906738],[0.6064090728759766,-0.0577194020152092,-0.7930550575256348,0.8727377653121948]],"camera1":[[0.79508376121521,0.03091985359787941,0.6057103276252747,0.8011850118637085],[-0.010440122336149216,-0.9978538155555725,0.0646418109536171,0.20957684516906738],[0.6064090728759766,-0.0577194020152092,-0.7930550575256348,0.8727377653121948]],"full_resolution":[2064,2272],"relative_focal_length":[0.4356694221496582,0.4339345097541809],"screen_center":[0.3787437081336975,0.5965937376022339],"visualized_dimension":-1},{"camera0":[[0.79508376121521,0.03091985359787941,0.6057103276252747,0.8412771224975586],[-0.010440122336149216,-0.9978538155555725,0.0646418109536171,0.20905041694641113],[0.6064090728759766,-0.0577194020152092,-0.7930550575256348,0.9033159613609314]],"camera1":[[0.79508376121521,0.03091985359787941,0.6057103276252747,0.8412771224975586],[-0.010440122336149216,-0.9978538155555725,0.0646418109536171,0.20905041694641113],[0.6064090728759766,-0.0577194020152092,-0.7930550575256348,0.9033159613609314]],"full_resolution":[2064,2272],"relative_focal_length":[0.4356694221496582,0.4339345097541809],"screen_center":[0.6212562918663025,0.5965937376022339],"visualized_dimension":-1}]}
{"camera":{"aperture_size":0.0,"autofocus":false,"autofocus_depth":0.0,"autofocus_target":[0.5,0.5,0.5],"fov_axis":1,"matrix":[[0.5200160145759583,-0.05958280712366104,-0.8520753383636475,0.6919567584991455],[5.3551048040390015e-09,-0.997563898563385,0.069756418466568,-0.5159972906112671],[-0.8541563749313354,-0.03627448529005051,-0.5187491178512573,1.3871848583221436]],"relative_focal_length":[1.0,1.0],"scale":0.8264462351799011,"screen_center":[0.5007201433181763,0.4983441233634949],"zoom":1.0},"frame":3,"views":[{"camera0":[[0.773621678352356,0.023851018399000168,0.6331979632377625,0.8412261009216309],[-0.013625934720039368,-0.9984338879585266,0.05425620824098587,0.2078455090522766],[0.633500337600708,-0.05060175061225891,-0.7720856666564941,0.8807817697525024]],"camera1":[[0.773621678352356,0.023851018399000168,0.6331979632377625,0.8412261009216309],[-0.013625934720039368,-0.9984338879585266,0.05425620824098587,0.2078455090522766],[0.633500337600708,-0.05060175061225891,-0.7720856666564941,0.8807817697525024]],"full_resolution":[2064,2272],"relative_focal_length":[0.4356694221496582,0.4339345097541809],"screen_center":[0.3787437081336975,0.5965937376022339],"visualized_dimension":-1},{"camera0":[[0.773621678352356,0.023851018399000168,0.6331979632377625,0.8802359700202942],[-0.013625934720039368,-0.9984338879585266,0.05425620824098587,0.20715844631195068],[0.633500337600708,-0.05060175061225891,-0.7720856666564941,0.9127260446548462]],"camera1":[[0.773621678352356,0.023851018399000168,0.6331979632377625,0.8802359700202942],[-0.013625934720039368,-0.9984338879585266,0.05425620824098587,0.20715844631195068],[0.633500337600708,-0.05060175061225891,-0.7720856666564941,0.9127260446548462]],"full_resolution":[2064,2272],"relative_focal_length":[0.4356694221496582,0.4339345097541809],"screen_center":[0.6212562918663025,0.5965937376022339],"visualized_dimension":-1}]}
{"camera":{"aperture_size":0.0,"autofocus":false,"autofocus_depth":0.0,"autofocus_target":[0.5,0.5,0.5],"fov_axis":1,"matrix":[[0.5200160145759583,-0.05958280712366104,-0.8520753383636475,0.6919567584991455],[5.3551048040390015e-09,-0.997563898563385,0.069756418466568,-0.5159972906112671],[-0.8541563749313354,-0.03627448529005051,-0.5187491178512573,1.3871848583221436]],"relative_focal_length":[1.0,1.0],"scale":0.8264462351799011,"screen_center":[0.5007201433181763,0.4983441233634949],"zoom":1.0},"frame":4,"views":[{"camera0":[[0.7687557339668274,0.04088936746120453,0.6382333636283875,0.8522582054138184],[-0.010015394538640976,-0.9970617890357971,0.07594174891710281,0.20964711904525757],[0.6394632458686829,-0.06477288901805878,-0.7660880088806152,0.8839244246482849]],"camera1":[[0.7687557339668274,0.04088936746120453,0.6382333636283875,0.8522582054138184],[-0.010015394538640976,-0.9970617890357971,0.07594174891710281,0.20964711904525757],[0.6394632458686829,-0.06477288901805878,-0.7660880088806152,0.8839244246482849]],"full_resolution":[2064,2272],"relative_focal_length":[0.4356694221496582,0.4339345097541809],"screen_center":[0.3787437081336975,0.5965937376022339],"visualized_dimension":-1},{"camera0":[[0.7687557339668274,0.04088936746120453,0.6382333636283875,0.8910226821899414],[-0.010015394538640976,-0.9970617890357971,0.07594174891710281,0.20914208889007568],[0.6394632458686829,-0.06477288901805878,-0.7660880088806152,0.9161694049835205]],"camera1":[[0.7687557339668274,0.04088936746120453,0.6382333636283875,0.8910226821899414],[-0.010015394538640976,-0.9970617890357971,0.07594174891710281,0.20914208889007568],[0.6394632458686829,-0.06477288901805878,-0.7660880088806152,0.9161694049835205]],"full_resolution":[2064,2272],"relative_focal_length":[0.4356694221496582,0.4339345097541809],"screen_center":[0.6212562918663025,0.5965937376022339],"visualized_dimension":-1}]}
{"camera":{"aperture_size":0.0,"autofocus":false,"autofocus_depth":0.0,"autofocus_target":[0.5,0.5,0.5],"fov_axis":1,"matrix":[[0.5200160145759583,-0.05958280712366104,-0.8520753383636475,0.6919567584991455],[5.3551048040390015e-09,-0.997563898563385,0.069756418466568,-0.5159972906112671],[-0.8541563749313354,-0.03627448529005051,-0.5187491178512573,1.3871848583221436]],"relative_focal_length":[1.0,1.0],"scale":0.8264462351799011,"screen_center":[0.5007201433181763,0.4983441233634949],"zoom":1.0},"frame":5,"views":[{"camera0":[[0.7028706073760986,0.04708383232355118,0.7097572088241577,0.9337531328201294],[-0.03524395823478699,-0.9942759871482849,0.10086013376712799,0.20589739084243774],[0.7104434967041016,-0.09590635448694229,-0.6971884369850159,0.9015311002731323]],"camera1":[[0.7028706073760986,0.04708383232355118,0.7097572088241577,0.9337531328201294],[-0.03524395823478699,-0.9942759871482849,0.10086013376712799,0.20589739084243774],[0.7104434967041016,-0.09590635448694229,-0.6971884369850159,0.9015311002731323]],"full_resolution":[2064,2272],"relative_focal_length":[0.4356694221496582,0.4339345097541809],"screen_center":[0.3787437081336975,0.5965937376022339],"visualized_dimension":-1},{"camera0":[[0.7028706073760986,0.04708383232355118,0.7097572088241577,0.9691953659057617],[-0.03524395823478699,-0.9942759871482849,0.10086013376712799,0.20412015914916992],[0.7104434967041016,-0.09590635448694229,-0.6971884369850159,0.9373552203178406]],"camera1":[[0.7028706073760986,0.04708383232355118,0.7097572088241577,0.9691953659057617],[-0.03524395823478699,-0.9942759871482849,0.10086013376712799,0.20412015914916992],[0.7104434967041016,-0.09590635448694229,-0.6971884369850159,0.9373552203178406]],"full_resolution":[2064,2272],"relative_focal_length":[0.4356694221496582,0.4339345097541809],"screen_center":[0.6212562918663025,0.5965937376022339],"visualized_dimension":-1}]}
{"camera":{"aperture_size":0.0,"autofocus":false,"autofocus_depth":0.0,"autofocus_target":[0.5,0.5,0.5],"fov_axis":1,"matrix":[[0.5200160145759583,-0.05958280712366104,-0.8520753383636475,0.6919567584991455],[5.3551048040390015e-09,-0.997563898563385,0.069756418466568,-0.5159972906112671],[-0.8541563749313354,-0.03627448529005051,-0.5187491178512573,1.3871848583221436]],"relative_focal_length":[1.0,1.0],"scale":0.8264462351799011,"screen_center":[0.5007201433181763,0.4983441233634949],"zoom":1.0},"frame":6,"views":[{"camera0":[[0.6948186159133911,0.03300384059548378,0.7184271216392517,0.9690309166908264],[-0.033471547067165375,-0.9963798522949219,0.07814425230026245,0.2028517723083496],[0.7184054255485535,-0.07834301143884659,-0.691199004650116,0.9085366725921631]],"camera1":[[0.6948186159133911,0.03300384059548378,0.7184271216392517,0.9690309166908264],[-0.033471547067165375,-0.9963798522949219,0.07814425230026245,0.2028517723083496],[0.7184054255485535,-0.07834301143884659,-0.691199004650116,0.9085366725921631]],"full_resolution":[2064,2272],"relative_focal_length":[0.4356694221496582,0.4339345097541809],"screen_center":[0.3787437081336975,0.5965937376022339],"visualized_dimension":-1},{"camera0":[[0.6948186159133911,0.03300384059548378,0.7184271216392517,1.0040671825408936],[-0.033471547067165375,-0.9963798522949219,0.07814425230026245,0.20116394758224487],[0.7184054255485535,-0.07834301143884659,-0.691199004650116,0.9447624087333679]],"camera1":[[0.6948186159133911,0.03300384059548378,0.7184271216392517,1.0040671825408936],[-0.033471547067165375,-0.9963798522949219,0.07814425230026245,0.20116394758224487],[0.7184054255485535,-0.07834301143884659,-0.691199004650116,0.9447624087333679]],"full_resolution":[2064,2272],"relative_focal_length":[0.4356694221496582,0.4339345097541809],"screen_center":[0.6212562918663025,0.5965937376022339],"visualized_dimension":-1}]}
{"camera":{"aperture_size":0.0,"autofocus":false,"autofocus_depth":0.0,"autofocus_target":[0.5,0.5,0.5],"fov_axis":1,"matrix":[[0.5200160145759583,-0.05958280712366104,-0.8520753383636475,0.6919567584991455],[5.3551048040390015e-09,-0.997563898563385,0.069756418466568,-0.5159972906112671],[-0.8541563749313354,-0.03627448529005051,-0.5187491178512573,1.3871848583221436]],"relative_focal_length":[1.0,1.0],"scale":0.8264462351799011,"screen_center":[0.5007201433181763,0.4983441233634949],"zoom":1.0},"frame":7,"views":[{"camera0":[[0.7097052931785583,0.03390226140618324,0.7036819458007813,0.9999356269836426],[-0.02475392073392868,-0.9970244765281677,0.07300076633691788,0.2031380534172058],[0.7040629386901855,-0.06922797113656998,-0.7067548632621765,0.9150007963180542]],"camera1":[[0.7097052931785583,0.03390226140618324,0.7036819458007813,0.9999356269836426],[-0.02475392073392868,-0.9970244765281677,0.07300076633691788,0.2031380534172058],[0.7040629386901855,-0.06922797113656998,-0.7067548632621765,0.9150007963180542]],"full_resolution":[2064,2272],"relative_focal_length":[0.4356694221496582,0.4339345097541809],"screen_center":[0.3787437081336975,0.5965937376022339],"visualized_dimension":-1},{"camera0":[[0.7097052931785583,0.03390226140618324,0.7036819458007813,1.0357226133346558],[-0.02475392073392868,-0.9970244765281677,0.07300076633691788,0.20188987255096436],[0.7040629386901855,-0.06922797113656998,-0.7067548632621765,0.9505031108856201]],"camera1":[[0.7097052931785583,0.03390226140618324,0.7036819458007813,1.0357226133346558],[-0.02475392073392868,-0.9970244765281677,0.07300076633691788,0.20188987255096436],[0.7040629386901855,-0.06922797113656998,-0.7067548632621765,0.9505031108856201]],"full_resolution":[2064,2272],"relative_focal_length":[0.4356694221496582,0.4339345097541809],"screen_center":[0.6212562918663025,0.5965937376022339],"visualized_dimension":-1}]}
{"camera":{"aperture_size":0.0,"autofocus":false,"autofocus_depth":0.0,"autofocus_target":[0.5,0.5,0.5],"fov_axis":1,"matrix":[[0.5200160145759583,-0.05958280712366104,-0.8520753383636475,0.6919567584991455],[5.3551048040390015e-09,-0.997563898563385,0.069756418466568,-0.5159972906112671],[-0.8541563749313354,-0.03627448529005051,-0.5187491178512573,1.3871848583221436]],"relative_focal_length":[1.0,1.0],"scale":0.8264462351799011,"screen_center":[0.5007201433181763,0.4983441233634949],"zoom":1.0},"frame":8,"views":[{"camera0":[[0.7225133180618286,0.03371049091219902,0.6905341148376465,1.0212466716766357],[-0.023889940232038498,-0.9969964623451233,0.07366757094860077,0.20129549503326416],[0.6909434795379639,-0.06972269713878632,-0.7195383906364441,0.9185456037521362]],"camera1":[[0.7225133180618286,0.03371049091219902,0.6905341148376465,1.0212466716766357],[-0.023889940232038498,-0.9969964623451233,0.07366757094860077,0.20129549503326416],[0.6909434795379639,-0.06972269713878632,-0.7195383906364441,0.9185456037521362]],"full_resolution":[2064,2272],"relative_focal_length":[0.4356694221496582,0.4339345097541809],"screen_center":[0.3787437081336975,0.5965937376022339],"visualized_dimension":-1},{"camera0":[[0.7225133180618286,0.03371049091219902,0.6905341148376465,1.0576794147491455],[-0.023889940232038498,-0.9969964623451233,0.07366757094860077,0.20009082555770874],[0.6909434795379639,-0.06972269713878632,-0.7195383906364441,0.9533865451812744]],"camera1":[[0.7225133180618286,0.03371049091219902,0.6905341148376465,1.0576794147491455],[-0.023889940232038498,-0.9969964623451233,0.07366757094860077,0.20009082555770874],[0.6909434795379639,-0.06972269713878632,-0.7195383906364441,0.9533865451812744]],"full_resolution":[2064,2272],"relative_focal_length":[0.4356694221496582,0.4339345097541809],"screen_center":[0.6212562918663025,0.5965937376022339],"visualized_dimension":-1}]}
{"camera":{"aperture_size":0.0,"autofocus":false,"autofocus_depth":0.0,"autofocus_target":[0.5,0.5,0.5],"fov_axis":1,"matrix":[[0.5200160145759583,-0.05958280712366104,-0.8520753383636475,0.6919567584991455],[5.3551048040390015e-09,-0.997563898563385,0.069756418466568,-0.5159972906112671],[-0.8541563749313354,-0.03627448529005051,-0.5187491178512573,1.3871848583221436]],"relative_focal_length":[1.0,1.0],"scale":0.8264462351799011,"screen_center":[0.5007201433181763,0.4983441233634949],"zoom":1.0},"frame":9,"views":[{"camera0":[[0.7359378933906555,0.022675834596157074,0.6766685843467712,1.0327852964401245],[-0.028484046459197998,-0.997516930103302,0.06440664082765579,0.20059478282928467],[0.6764488816261292,-0.06667360663414001,-0.7334651947021484,0.9183552861213684]],"camera1":[[0.7359378933906555,0.022675834596157074,0.6766685843467712,1.0327852964401245],[-0.028484046459197998,-0.997516930103302,0.06440664082765579,0.20059478282928467],[0.6764488816261292,-0.06667360663414001,-0.7334651947021484,0.9183552861213684]],"full_resolution":[2064,2272],"relative_focal_length":[0.4356694221496582,0.4339345097541809],"screen_center":[0.3787437081336975,0.5965937376022339],"visualized_dimension":-1},{"camera0":[[0.7359378933906555,0.022675834596157074,0.6766685843467712,1.0698950290679932],[-0.028484046459197998,-0.997516930103302,0.06440664082765579,0.1991584300994873],[0.6764488816261292,-0.06667360663414001,-0.7334651947021484,0.952465295791626]],"camera1":[[0.7359378933906555,0.022675834596157074,0.6766685843467712,1.0698950290679932],[-0.028484046459197998,-0.997516930103302,0.06440664082765579,0.1991584300994873],[0.6764488816261292,-0.06667360663414001,-0.7334651947021484,0.952465295791626]],"full_resolution":[2064,2272],"relative_focal_length":[0.4356694221496582,0.4339345097541809],"screen_center":[0.6212562918663025,0.5965937376022339],"visualized_dimension":-1}]}
{"camera":{"aperture_size":0.0,"autofocus":false,"autofocus_depth":0.0,"autofocus_target":[0.5,0.5,0.5],"fov_axis":1,"matrix":[[0.5200160145759583,-0.05958280712366104,-0.8520753383636475,0.6919567584991455],[5.3551048040390015e-09,-0.997563898563385,0.069756418466568,-0.5159972906112671],[-0.8541563749313354,-0.03627448529005051,-0.5187491178512573,1.3871848583221436]],"relative_focal_length":[1.0,1.0],"scale":0.8264462351799011,"screen_center":[0.5007201433181763,0.4983441233634949],"zoom":1.0},"frame":10,"views":[{"camera0":[[0.7669219970703125,0.009198945015668869,0.6416741609573364,1.0434494018554688],[-0.042709022760391235,-0.9969485998153687,0.06533736735582352,0.20008575916290283],[0.6403172016143799,-0.07751398533582687,-0.7641895413398743,0.9156410694122314]],"camera1":[[0.7669219970703125,0.009198945015668869,0.6416741609573364,1.0434494018554688],[-0.042709022760391235,-0.9969485998153687,0.06533736735582352,0.20008575916290283],[0.6403172016143799,-0.07751398533582687,-0.7641895413398743,0.9156410694122314]],"full_resolution":[2064,2272],"relative_focal_length":[0.4356694221496582,0.4339345097541809],"screen_center":[0.3787437081336975,0.5965937376022339],"visualized_dimension":-1},{"camera0":[[0.7669219970703125,0.009198945015668869,0.6416741609573364,1.08212149143219],[-0.042709022760391235,-0.9969485998153687,0.06533736735582352,0.19793224334716797],[0.6403172016143799,-0.07751398533582687,-0.7641895413398743,0.9479290246963501]],"camera1":[[0.7669219970703125,0.009198945015668869,0.6416741609573364,1.08212149143219],[-0.042709022760391235,-0.9969485998153687,0.06533736735582352,0.19793224334716797],[0.6403172016143799,-0.07751398533582687,-0.7641895413398743,0.9479290246963501]],"full_resolution":[2064,2272],"relative_focal_length":[0.4356694221496582,0.4339345097541809],"screen_center":[0.6212562918663025,0.5965937376022339],"visualized_dimension":-1}]}
{"camera":{"aperture_size":0.0,"autofocus":false,"autofocus_depth":0.0,"autofocus_target":[0.5,0.5,0.5],"fov_axis":1,"matrix":[[0.5200160145759583,-0.05958280712366104,-0.8520753383636475,0.6919567584991455],[5.3551048040390015e-09,-0.997563898563385,0.069756418466568,-0.5159972906112671],[-0.8541563749313354,-0.03627448529005051,-0.5187491178512573,1.3871848583221436]],"relative_focal_length":[1.0,1.0],"scale":0.8264462351799011,"screen_center":[0.5007201433181763,0.4983441233634949],"zoom":1.0},"frame":11,"views":[{"camera0":[[0.8322715163230896,-0.016520747914910316,0.5541213154792786,1.0643432140350342],[-0.0719514861702919,-0.9943200349807739,0.07842360436916351,0.19825512170791626],[0.5496782660484314,-0.10513965040445328,-0.8287334442138672,0.9036276340484619]],"camera1":[[0.8322715163230896,-0.016520747914910316,0.5541213154792786,1.0643432140350342],[-0.0719514861702919,-0.9943200349807739,0.07842360436916351,0.19825512170791626],[0.5496782660484314,-0.10513965040445328,-0.8287334442138672,0.9036276340484619]],"full_resolution":[2064,2272],"relative_focal_length":[0.4356694221496582,0.4339345097541809],"screen_center":[0.3787437081336975,0.5965937376022339],"visualized_dimension":-1},{"camera0":[[0.8322715163230896,-0.016520747914910316,0.5541213154792786,1.1063106060028076],[-0.0719514861702919,-0.9943200349807739,0.07842360436916351,0.194627046585083],[0.5496782660484314,-0.10513965040445328,-0.8287334442138672,0.9313451647758484]],"camera1":[[0.8322715163230896,-0.016520747914910316,0.5541213154792786,1.1063106060028076],[-0.0719514861702919,-0.9943200349807739,0.07842360436916351,0.194627046585083],[0.5496782660484314,-0.10513965040445328,-0.8287334442138672,0.9313451647758484]],"full_resolution":[2064,2272],"relative_focal_length":[0.4356694221496582,0.4339345097541809],"screen_center":[0.6212562918663025,0.5965937376022339],"visualized_dimension":-1}]}
{"camera":{"aperture_size":0.0,"autofocus":false,"autofocus_depth":0.0,"autofocus_target":[0.5,0.5,0.5],"fov_axis":1,"matrix":[[0.5200160145759583,-0.05958280712366104,-0.8520753383636475,0.6919567584991455],[5.3551048040390015e-09,-0.997563898563385,0.069756418466568,-0.5159972906112671],[-0.8541563749313354,-0.03627448529005051,-0.5187491178512573,1.3871848583221436]],"relative_focal_length":[1.0,1.0],"scale":0.8264462351799011,"screen_center":[0.5007201433181763,0.4983441233634949],"zoom":1.0},"frame":12,"views":[{"camera0":[[0.8462349772453308,-0.027145199477672577,0.5321171879768372,1.0629280805587769],[-0.08142539858818054,-0.9935587048530579,0.07880707085132599,0.1987817883491516],[0.5265503525733948,-0.11001721024513245,-0.8429949879646301,0.8934234976768494]],"camera1":[[0.8462349772453308,-0.027145199477672577,0.5321171879768372,1.0629280805587769],[-0.08142539858818054,-0.9935587048530579,0.07880707085132599,0.1987817883491516],[0.5265503525733948,-0.11001721024513245,-0.8429949879646301,0.8934234976768494]],"full_resolution":[2064,2272],"relative_focal_length":[0.4356694221496582,0.4339345097541809],"screen_center":[0.3787437081336975,0.5965937376022339],"visualized_dimension":-1},{"camera0":[[0.8462349772453308,-0.027145199477672577,0.5321171879768372,1.1055995225906372],[-0.08142539858818054,-0.9935587048530579,0.07880707085132599,0.19467592239379883],[0.5265503525733948,-0.11001721024513245,-0.8429949879646301,0.9199748039245605]],"camera1":[[0.8462349772453308,-0.027145199477672577,0.5321171879768372,1.1055995225906372],[-0.08142539858818054,-0.9935587048530579,0.07880707085132599,0.19467592239379883],[0.5265503525733948,-0.11001721024513245,-0.8429949879646301,0.9199748039245605]],"full_resolution":[2064,2272],"relative_focal_length":[0.4356694221496582,0.4339345097541809],"screen_center":[0.6212562918663025,0.5965937376022339],"visualized_dimension":-1}]}
{"camera":{"aperture_size":0.0,"autofocus":false,"autofocus_depth":0.0,"autofocus_target":[0.5,0.5,0.5],"fov_axis":1,"matrix":[[0.5200160145759583,-0.05958280712366104,-0.8520753383636475,0.6919567584991455],[5.3551048040390015e-09,-0.997563898563385,0.069756418466568,-0.5159972906112671],[-0.8541563749313354,-0.03627448529005051,-0.5187491178512573,1.3871848583221436]],"relative_focal_length":[1.0,1.0],"scale":0.8264462351799011,"screen_center":[0.5007201433181763,0.4983441233634949],"zoom":1.0},"frame":13,"views":[{"camera0":[[0.8715588450431824,-0.027572287246584892,0.4895142614841461,1.0558393001556396],[-0.0805070549249649,-0.9929136037826538,0.0874125063419342,0.19968336820602417],[0.48363515734672546,-0.11559455096721649,-0.8676028251647949,0.8795382380485535]],"camera1":[[0.8715588450431824,-0.027572287246584892,0.4895142614841461,1.0558393001556396],[-0.0805070549249649,-0.9929136037826538,0.0874125063419342,0.19968336820602417],[0.48363515734672546,-0.11559455096721649,-0.8676028251647949,0.8795382380485535]],"full_resolution":[2064,2272],"relative_focal_length":[0.4356694221496582,0.4339345097541809],"screen_center":[0.3787437081336975,0.5965937376022339],"visualized_dimension":-1},{"camera0":[[0.8715588450431824,-0.027572287246584892,0.4895142614841461,1.099787712097168],[-0.0805070549249649,-0.9929136037826538,0.0874125063419342,0.19562381505966187],[0.48363515734672546,-0.11559455096721649,-0.8676028251647949,0.9039255976676941]],"camera1":[[0.8715588450431824,-0.027572287246584892,0.4895142614841461,1.099787712097168],[-0.0805070549249649,-0.9929136037826538,0.0874125063419342,0.19562381505966187],[0.48363515734672546,-0.11559455096721649,-0.8676028251647949,0.9039255976676941]],"full_resolution":[2064,2272],"relative_focal_length":[0.4356694221496582,0.4339345097541809],"screen_center":[0.6212562918663025,0.5965937376022339],"visualized_dimension":-1}]}
{"camera":{"aperture_size":0.0,"autofocus":false,"autofocus_depth":0.0,"autofocus_target":[0.5,0.5,0.5],"fov_axis":1,"matrix":[[0.5200160145759583,-0.05958280712366104,-0.8520753383636475,0.6919567584991455],[5.3551048040390015e-09,-0.997563898563385,0.069756418466568,-0.5159972906112671],[-0.8541563749313354,-0.03627448529005051,-0.5187491178512573,1.3871848583221436]],"relative_focal_length":[1.0,1.0],"scale":0.8264462351799011,"screen_center":[0.5007201433181763,0.4983441233634949],"zoom":1.0},"frame":14,"views":[{"camera0":[[0.8851688504219055,-0.002975309267640114,0.4652593433856964,1.0462961196899414],[-0.05977744981646538,-0.9924190044403076,0.1073816567659378,0.20353615283966064],[0.461412638425827,-0.12286299467086792,-0.8786367774009705,0.8716367483139038]],"camera1":[[0.8851688504219055,-0.002975309267640114,0.4652593433856964,1.0462961196899414],[-0.05977744981646538,-0.9924190044403076,0.1073816567659378,0.20353615283966064],[0.461412638425827,-0.12286299467086792,-0.8786367774009705,0.8716367483139038]],"full_resolution":[2064,2272],"relative_focal_length":[0.4356694221496582,0.4339345097541809],"screen_center":[0.3787437081336975,0.5965937376022339],"visualized_dimension":-1},{"camera0":[[0.8851688504219055,-0.002975309267640114,0.4652593433856964,1.090930700302124],[-0.05977744981646538,-0.9924190044403076,0.1073816567659378,0.20052188634872437],[0.461412638425827,-0.12286299467086792,-0.8786367774009705,0.8949034810066223]],"camera1":[[0.8851688504219055,-0.002975309267640114,0.4652593433856964,1.090930700302124],[-0.05977744981646538,-0.9924190044403076,0.1073816567659378,0.20052188634872437],[0.461412638425827,-0.12286299467086792,-0.8786367774009705,0.8949034810066223]],"full_resolution":[2064,2272],"relative_focal_length":[0.4356694221496582,0.4339345097541809],"screen_center":[0.6212562918663025,0.5965937376022339],"visualized_dimension":-1}]}
{"camera":{"aperture_size":0.0,"autofocus":false,"autofocus_depth":0.0,"autofocus_target":[0.5,0.5,0.5],"fov_axis":1,"matrix":[[0.5200160145759583,-0.05958280712366104,-0.8520753383636475,0.6919567584991455],[5.3551048040390015e-09,-0.997563898563385,0.069756418466568,-0.5159972906112671],[-0.8541563749313354,-0.03627448529005051,-0.5187491178512573,1.3871848583221436]],"relative_focal_length":[1.0,1.0],"scale":0.8264462351799011,"screen_center":[0.5007201433181763,0.4983441233634949],"zoom":1.0},"frame":15,"views":[{"camera0":[[0.9156553745269775,-0.006382934749126434,0.40191271901130676,1.0192316770553589],[-0.0670391172170639,-0.988294780254364,0.13703583180904388,0.210260272026062],[0.39633336663246155,-0.15242154896259308,-0.9053657650947571,0.8513079881668091]],"camera1":[[0.9156553745269775,-0.006382934749126434,0.40191271901130676,1.0192316770553589],[-0.0670391172170639,-0.988294780254364,0.13703583180904388,0.210260272026062],[0.39633336663246155,-0.15242154896259308,-0.9053657650947571,0.8513079881668091]],"full_resolution":[2064,2272],"relative_focal_length":[0.4356694221496582,0.4339345097541809],"screen_center":[0.3787437081336975,0.5965937376022339],"visualized_dimension":-1},{"camera0":[[0.9156553745269775,-0.006382934749126434,0.40191271901130676,1.065403699874878],[-0.0670391172170639,-0.988294780254364,0.13703583180904388,0.20687991380691528],[0.39633336663246155,-0.15242154896259308,-0.9053657650947571,0.8712930679321289]],"camera1":[[0.9156553745269775,-0.006382934749126434,0.40191271901130676,1.065403699874878],[-0.0670391172170639,-0.988294780254364,0.13703583180904388,0.20687991380691528],[0.39633336663246155,-0.15242154896259308,-0.9053657650947571,0.8712930679321289]],"full_resolution":[2064,2272],"relative_focal_length":[0.4356694221496582,0.4339345097541809],"screen_center":[0.6212562918663025,0.5965937376022339],"visualized_dimension":-1}]}
{"camera":{"aperture_size":0.0,"autofocus":false,"autofocus_depth":0.0,"autofocus_target":[0.5,0.5,0.5],"fov_axis":1,"matrix":[[0.5200160145759583,-0.05958280712366104,-0.8520753383636475,0.6919567584991455],[5.3551048040390015e-09,-0.997563898563385,0.069756418466568,-0.5159972906112671],[-0.8541563749313354,-0.03627448529005051,-0.5187491178512573,1.3871848583221436]],"relative_focal_length":[1.0,1.0],"scale":0.8264462351799011,"screen_center":[0.5007201433181763,0.4983441233634949],"zoom":1.0},"frame":16,"views":[{"camera0":[[0.940758466720581,-0.009541725739836693,0.33894193172454834,1.0022904872894287],[-0.060871705412864685,-0.9881167411804199,0.14113673567771912,0.21243005990982056],[0.333567351102829,-0.15340764820575714,-0.9301604628562927,0.8409752249717712]],"camera1":[[0.940758466720581,-0.009541725739836693,0.33894193172454834,1.0022904872894287],[-0.060871705412864685,-0.9881167411804199,0.14113673567771912,0.21243005990982056],[0.333567351102829,-0.15340764820575714,-0.9301604628562927,0.8409752249717712]],"full_resolution":[2064,2272],"relative_focal_length":[0.4356694221496582,0.4339345097541809],"screen_center":[0.3787437081336975,0.5965937376022339],"visualized_dimension":-1},{"camera0":[[0.940758466720581,-0.009541725739836693,0.33894193172454834,1.0497281551361084],[-0.060871705412864685,-0.9881167411804199,0.14113673567771912,0.20936059951782227],[0.333567351102829,-0.15340764820575714,-0.9301604628562927,0.8577954173088074]],"camera1":[[0.940758466720581,-0.009541725739836693,0.33894193172454834,1.0497281551361084],[-0.060871705412864685,-0.9881167411804199,0.14113673567771912,0.20936059951782227],[0.333567351102829,-0.15340764820575714,-0.9301604628562927,0.8577954173088074]],"full_resolution":[2064,2272],"relative_focal_length":[0.4356694221496582,0.4339345097541809],"screen_center":[0.6212562918663025,0.5965937376022339],"visualized_dimension":-1}]}
{"camera":{"aperture_size":0.0,"autofocus":false,"autofocus_depth":0.0,"autofocus_target":[0.5,0.5,0.5],"fov_axis":1,"matrix":[[0.5200160145759583,-0.05958280712366104,-0.8520753383636475,0.6919567584991455],[5.3551048040390015e-09,-0.997563898563385,0.069756418466568,-0.5159972906112671],[-0.8541563749313354,-0.03627448529005051,-0.5187491178512573,1.3871848583221436]],"relative_focal_length":[1.0,1.0],"scale":0.8264462351799011,"screen_center":[0.5007201433181763,0.4983441233634949],"zoom":1.0},"frame":17,"views":[{"camera0":[[0.9596078395843506,-0.017582997679710388,0.2807895243167877,0.9849576950073242],[-0.061659254133701324,-0.9869245886802673,0.14892129600048065,0.21532124280929565],[0.27449941635131836,-0.16021941602230072,-0.9481451511383057,0.8319846391677856]],"camera1":[[0.9596078395843506,-0.017582997679710388,0.2807895243167877,0.9849576950073242],[-0.061659254133701324,-0.9869245886802673,0.14892129600048065,0.21532124280929565],[0.27449941635131836,-0.16021941602230072,-0.9481451511383057,0.8319846391677856]],"full_resolution":[2064,2272],"relative_focal_length":[0.4356694221496582,0.4339345097541809],"screen_center":[0.3787437081336975,0.5965937376022339],"visualized_dimension":-1},{"camera0":[[0.9596078395843506,-0.017582997679710388,0.2807895243167877,1.0333459377288818],[-0.061659254133701324,-0.9869245886802673,0.14892129600048065,0.21221214532852173],[0.27449941635131836,-0.16021941602230072,-0.9481451511383057,0.8458263278007507]],"camera1":[[0.9596078395843506,-0.017582997679710388,0.2807895243167877,1.0333459377288818],[-0.061659254133701324,-0.9869245886802673,0.14892129600048065,0.21221214532852173],[0.27449941635131836,-0.16021941602230072,-0.9481451511383057,0.8458263278007507]],"full_resolution":[2064,2272],"relative_focal_length":[0.4356694221496582,0.4339345097541809],"screen_center":[0.6212562918663025,0.5965937376022339],"visualized_dimension":-1}]}
{"camera":{"aperture_size":0.0,"autofocus":false,"autofocus_depth":0.0,"autofocus_target":[0.5,0.5,0.5],"fov_axis":1,"matrix":[[0.5200160145759583,-0.05958280712366104,-0.8520753383636475,0.6919567584991455],[5.3551048040390015e-09,-0.997563898563385,0.069756418466568,-0.5159972906112671],[-0.8541563749313354,-0.03627448529005051,-0.5187491178512573,1.3871848583221436]],"relative_focal_length":[1.0,1.0],"scale":0.8264462351799011,"screen_center":[0.5007201433181763,0.4983441233634949],"zoom":1.0},"frame":18,"views":[{"camera0":[[0.9747411012649536,-0.016413599252700806,0.22273191809654236,0.9673882126808167],[-0.05556773021817207,-0.9837572574615479,0.17068539559841156,0.2180180549621582],[0.21631234884262085,-0.1787508726119995,-0.9598211050033569,0.823009192943573]],"camera1":[[0.9747411012649536,-0.016413599252700806,0.22273191809654236,0.9673882126808167],[-0.05556773021817207,-0.9837572574615479,0.17068539559841156,0.2180180549621582],[0.21631234884262085,-0.1787508726119995,-0.9598211050033569,0.823009192943573]],"full_resolution":[2064,2272],"relative_focal_length":[0.4356694221496582,0.4339345097541809],"screen_center":[0.3787437081336975,0.5965937376022339],"visualized_dimension":-1},{"camera0":[[0.9747411012649536,-0.016413599252700806,0.22273191809654236,1.0165395736694336],[-0.05556773021817207,-0.9837572574615479,0.17068539559841156,0.2152160406112671],[0.21631234884262085,-0.1787508726119995,-0.9598211050033569,0.8339167833328247]],"camera1":[[0.9747411012649536,-0.016413599252700806,0.22273191809654236,1.0165395736694336],[-0.05556773021817207,-0.9837572574615479,0.17068539559841156,0.2152160406112671],[0.21631234884262085,-0.1787508726119995,-0.9598211050033569,0.8339167833328247]],"full_resolution":[2064,2272],"relative_focal_length":[0.4356694221496582,0.4339345097541809],"screen_center":[0.6212562918663025,0.5965937376022339],"visualized_dimension":-1}]}
{"camera":{"aperture_size":0.0,"autofocus":false,"autofocus_depth":0.0,"autofocus_target":[0.5,0.5,0.5],"fov_axis":1,"matrix":[[0.5200160145759583,-0.05958280712366104,-0.8520753383636475,0.6919567584991455],[5.3551048040390015e-09,-0.997563898563385,0.069756418466568,-0.5159972906112671],[-0.8541563749313354,-0.03627448529005051,-0.5187491178512573,1.3871848583221436]],"relative_focal_length":[1.0,1.0],"scale":0.8264462351799011,"screen_center":[0.5007201433181763,0.4983441233634949],"zoom":1.0},"frame":19,"views":[{"camera0":[[0.9871490001678467,-0.014586007222533226,0.15913379192352295,0.9516481161117554],[-0.04128488153219223,-0.985296368598938,0.16578960418701172,0.21728235483169556],[0.15437549352645874,-0.1702289581298828,-0.9732369780540466,0.8145561218261719]],"camera1":[[0.9871490001678467,-0.014586007222533226,0.15913379192352295,0.9516481161117554],[-0.04128488153219223,-0.985296368598938,0.16578960418701172,0.21728235483169556],[0.15437549352645874,-0.1702289581298828,-0.9732369780540466,0.8145561218261719]],"full_resolution":[2064,2272],"relative_focal_length":[0.4356694221496582,0.4339345097541809],"screen_center":[0.3787437081336975,0.5965937376022339],"visualized_dimension":-1},{"camera0":[[0.9871490001678467,-0.014586007222533226,0.15913379192352295,1.0014251470565796],[-0.04128488153219223,-0.985296368598938,0.16578960418701172,0.2152005434036255],[0.15437549352645874,-0.1702289581298828,-0.9732369780540466,0.8223406076431274]],"camera1":[[0.9871490001678467,-0.014586007222533226,0.15913379192352295,1.0014251470565796],[-0.04128488153219223,-0.985296368598938,0.16578960418701172,0.2152005434036255],[0.15437549352645874,-0.1702289581298828,-0.9732369780540466,0.8223406076431274]],"full_resolution":[2064,2272],"relative_focal_length":[0.4356694221496582,0.4339345097541809],"screen_center":[0.6212562918663025,0.5965937376022339],"visualized_dimension":-1}]}
{"camera":{"aperture_size":0.0,"autofocus":false,"autofocus_depth":0.0,"autofocus_target":[0.5,0.5,0.5],"fov_axis":1,"matrix":[[0.5200160145759583,-0.05958280712366104,-0.8520753383636475,0.6919567584991455],[5.3551048040390015e-09,-0.997563898563385,0.069756418466568,-0.5159972906112671],[-0.8541563749313354,-0.03627448529005051,-0.5187491178512573,1.3871848583221436]],"relative_focal_length":[1.0,1.0],"scale":0.8264462351799011,"screen_center":[0.5007201433181763,0.4983441233634949],"zoom":1.0},"frame":20,"views":[{"camera0":[[0.9937949776649475,-0.013949466869235039,0.1103452742099762,0.9452345371246338],[-0.03133602440357208,-0.9870308637619019,0.15744183957576752,0.2154499888420105],[0.10671770572662354,-0.159922793507576,-0.9813438653945923,0.8075987100601196]],"camera1":[[0.9937949776649475,-0.013949466869235039,0.1103452742099762,0.9452345371246338],[-0.03133602440357208,-0.9870308637619019,0.15744183957576752,0.2154499888420105],[0.10671770572662354,-0.159922793507576,-0.9813438653945923,0.8075987100601196]],"full_resolution":[2064,2272],"relative_focal_length":[0.4356694221496582,0.4339345097541809],"screen_center":[0.3787437081336975,0.5965937376022339],"visualized_dimension":-1},{"camera0":[[0.9937949776649475,-0.013949466869235039,0.1103452742099762,0.9953466653823853],[-0.03133602440357208,-0.9870308637619019,0.15744183957576752,0.2138698697090149],[0.10671770572662354,-0.159922793507576,-0.9813438653945923,0.8129798769950867]],"camera1":[[0.9937949776649475,-0.013949466869235039,0.1103452742099762,0.9953466653823853],[-0.03133602440357208,-0.9870308637619019,0.15744183957576752,0.2138698697090149],[0.10671770572662354,-0.159922793507576,-0.9813438653945923,0.8129798769950867]],"full_resolution":[2064,2272],"relative_focal_length":[0.4356694221496582,0.4339345097541809],"screen_center":[0.6212562918663025,0.5965937376022339],"visualized_dimension":-1}]}
{"camera":{"aperture_size":0.0,"autofocus":false,"autofocus_depth":0.0,"autofocus_target":[0.5,0.5,0.5],"fov_axis":1,"matrix":[[0.5200160145759583,-0.05958280712366104,-0.8520753383636475,0.6919567584991455],[5.3551048040390015e-09,-0.997563898563385,0.069756418466568,-0.5159972906112671],[-0.8541563749313354,-0.03627448529005051,-0.5187491178512573,1.3871848583221436]],"relative_focal_length":[1.0,1.0],"scale":0.8264462351799011,"screen_center":[0.5007201433181763,0.4983441233634949],"zoom":1.0},"frame":21,"views":[{"camera0":[[0.9987361431121826,-0.0074950456619262695,0.04969009757041931,0.9469865560531616],[-0.015099700540304184,-0.9878796935081482,0.15448454022407532,0.21533578634262085],[0.04792967438697815,-0.15503966808319092,-0.9867447018623352,0.7968412637710571]],"camera1":[[0.9987361431121826,-0.0074950456619262695,0.04969009757041931,0.9469865560531616],[-0.015099700540304184,-0.9878796935081482,0.15448454022407532,0.21533578634262085],[0.04792967438697815,-0.15503966808319092,-0.9867447018623352,0.7968412637710571]],"full_resolution":[2064,2272],"relative_focal_length":[0.4356694221496582,0.4339345097541809],"screen_center":[0.3787437081336975,0.5965937376022339],"visualized_dimension":-1},{"camera0":[[0.9987361431121826,-0.0074950456619262695,0.04969009757041931,0.997347891330719],[-0.015099700540304184,-0.9878796935081482,0.15448454022407532,0.21457445621490479],[0.04792967438697815,-0.15503966808319092,-0.9867447018623352,0.7992581725120544]],"camera1":[[0.9987361431121826,-0.0074950456619262695,0.04969009757041931,0.997347891330719],[-0.015099700540304184,-0.9878796935081482,0.15448454022407532,0.21457445621490479],[0.04792967438697815,-0.15503966808319092,-0.9867447018623352,0.7992581725120544]],"full_resolution":[2064,2272],"relative_focal_length":[0.4356694221496582,0.4339345097541809],"screen_center":[0.6212562918663025,0.5965937376022339],"visualized_dimension":-1}]}
