{"camera":{"aperture_size":0.0,"autofocus":false,"autofocus_depth":0.0,"autofocus_target":[0.5,0.5,0.5],"fov_axis":1,"matrix":[[0.5200160145759583,-0.05958280712366104,-0.8520753383636475,0.8520753383636475],[5.3551048040390015e-09,-0.997563898563385,0.069756418466568,-0.069756418466568],[-0.8541563749313354,-0.03627448529005051,-0.5187491178512573,1.5187489986419678]],"relative_focal_length":[1.0,1.0],"scale":1.0,"screen_center":[0.5007201433181763,0.4983441233634949],"zoom":1.0},"frame":1,"views":[{"camera0":[[0.7041585445404053,0.046867236495018005,-0.7084937691688538,0.8217847943305969],[-0.044095151126384735,-0.9930065870285034,-0.10951314866542816,0.7682936191558838],[-0.7086719870567322,0.10835576057434082,-0.6971675157546997,1.3230130672454834]],"camera1":[[0.7041585445404053,0.046867236495018005,-0.7084937691688538,0.8217847943305969],[-0.044095151126384735,-0.9930065870285034,-0.10951314866542816,0.7682936191558838],[-0.7086719870567322,0.10835576057434082,-0.6971675157546997,1.3230130672454834]],"full_resolution":[2064,2272],"relative_focal_length":[0.4356694221496582,0.4339345097541809],"screen_center":[0.3787437081336975,0.5965937376022339],"visualized_dimension":-1},{"camera0":[[0.7041585445404053,0.046867236495018005,-0.7084937691688538,0.864748477935791],[-0.044095151126384735,-0.9930065870285034,-0.10951314866542816,0.7656031847000122],[-0.7086719870567322,0.10835576057434082,-0.6971675157546997,1.2797739505767822]],"camera1":[[0.7041585445404053,0.046867236495018005,-0.7084937691688538,0.864748477935791],[-0.044095151126384735,-0.9930065870285034,-0.10951314866542816,0.7656031847000122],[-0.7086719870567322,0.10835576057434082,-0.6971675157546997,1.2797739505767822]],"full_resolution":[2064,2272],"relative_focal_length":[0.4356694221496582,0.4339345097541809],"screen_center":[0.6212562918663025,0.5965937376022339],"visualized_dimension":-1}]}
{"camera":{"aperture_size":0.0,"autofocus":false,"autofocus_depth":0.0,"autofocus_target":[0.5,0.5,0.5],"fov_axis":1,"matrix":[[0.5200160145759583,-0.05958280712366104,-0.8520753383636475,0.8520753383636475],[5.3551048040390015e-09,-0.997563898563385,0.069756418466568,-0.069756418466568],[-0.8541563749313354,-0.03627448529005051,-0.5187491178512573,1.5187489986419678]],"relative_focal_length":[1.0,1.0],"scale":1.0,"screen_center":[0.5007201433181763,0.4983441233634949],"zoom":1.0},"frame":2,"views":[{"camera0":[[0.7144780158996582,0.05409805476665497,-0.6975626945495605,0.81861412525177],[-0.04542979598045349,-0.9913150668144226,-0.12341076135635376,0.7670496702194214],[-0.6981812119483948,0.11986438930034637,-0.7058151960372925,1.3208600282669067]],"camera1":[[0.7144780158996582,0.05409805476665497,-0.6975626945495605,0.81861412525177],[-0.04542979598045349,-0.9913150668144226,-0.12341076135635376,0.7670496702194214],[-0.6981812119483948,0.11986438930034637,-0.7058151960372925,1.3208600282669067]],"full_resolution":[2064,2272],"relative_focal_length":[0.4356694221496582,0.4339345097541809],"screen_center":[0.3787437081336975,0.5965937376022339],"visualized_dimension":-1},{"camera0":[[0.7144780158996582,0.05409805476665497,-0.6975626945495605,0.8622074723243713],[-0.04542979598045349,-0.9913150668144226,-0.12341076135635376,0.7642778158187866],[-0.6981812119483948,0.11986438930034637,-0.7058151960372925,1.2782609462738037]],"camera1":[[0.7144780158996582,0.05409805476665497,-0.6975626945495605,0.8622074723243713],[-0.04542979598045349,-0.9913150668144226,-0.12341076135635376,0.7642778158187866],[-0.6981812119483948,0.11986438930034637,-0.7058151960372925,1.2782609462738037]],"full_resolution":[2064,2272],"relative_focal_length":[0.4356694221496582,0.4339345097541809],"screen_center":[0.6212562918663025,0.5965937376022339],"visualized_dimension":-1}]}
{"camera":{"aperture_size":0.0,"autofocus":false,"autofocus_depth":0.0,"autofocus_target":[0.5,0.5,0.5],"fov_axis":1,"matrix":[[0.5200160145759583,-0.05958280712366104,-0.8520753383636475,0.8520753383636475],[5.3551048040390015e-09,-0.997563898563385,0.069756418466568,-0.069756418466568],[-0.8541563749313354,-0.03627448529005051,-0.5187491178512573,1.5187489986419678]],"relative_focal_length":[1.0,1.0],"scale":1.0,"screen_center":[0.5007201433181763,0.4983441233634949],"zoom":1.0},"frame":3,"views":[{"camera0":[[0.745496392250061,0.06621819734573364,-0.663211464881897,0.8020788431167603],[-0.03811090439558029,-0.9891893267631531,-0.14160461723804474,0.7648259401321411],[-0.6654188632965088,0.13084131479263306,-0.7349134683609009,1.3127217292785645]],"camera1":[[0.745496392250061,0.06621819734573364,-0.663211464881897,0.8020788431167603],[-0.03811090439558029,-0.9891893267631531,-0.14160461723804474,0.7648259401321411],[-0.6654188632965088,0.13084131479263306,-0.7349134683609009,1.3127217292785645]],"full_resolution":[2064,2272],"relative_focal_length":[0.4356694221496582,0.4339345097541809],"screen_center":[0.3787437081336975,0.5965937376022339],"visualized_dimension":-1},{"camera0":[[0.745496392250061,0.06621819734573364,-0.663211464881897,0.8475647568702698],[-0.03811090439558029,-0.9891893267631531,-0.14160461723804474,0.7625006437301636],[-0.6654188632965088,0.13084131479263306,-0.7349134683609009,1.2721216678619385]],"camera1":[[0.745496392250061,0.06621819734573364,-0.663211464881897,0.8475647568702698],[-0.03811090439558029,-0.9891893267631531,-0.14160461723804474,0.7625006437301636],[-0.6654188632965088,0.13084131479263306,-0.7349134683609009,1.2721216678619385]],"full_resolution":[2064,2272],"relative_focal_length":[0.4356694221496582,0.4339345097541809],"screen_center":[0.6212562918663025,0.5965937376022339],"visualized_dimension":-1}]}
{"camera":{"aperture_size":0.0,"autofocus":false,"autofocus_depth":0.0,"autofocus_target":[0.5,0.5,0.5],"fov_axis":1,"matrix":[[0.5200160145759583,-0.05958280712366104,-0.8520753383636475,0.8520753383636475],[5.3551048040390015e-09,-0.997563898563385,0.069756418466568,-0.069756418466568],[-0.8541563749313354,-0.03627448529005051,-0.5187491178512573,1.5187489986419678]],"relative_focal_length":[1.0,1.0],"scale":1.0,"screen_center":[0.5007201433181763,0.4983441233634949],"zoom":1.0},"frame":4,"views":[{"camera0":[[0.7511578798294067,0.06249608099460602,-0.6571569442749023,0.7960241436958313],[-0.03925137594342232,-0.9895183444023132,-0.13896974921226501,0.7647761106491089],[-0.6589544415473938,0.13018251955509186,-0.7408314943313599,1.3101130723953247]],"camera1":[[0.7511578798294067,0.06249608099460602,-0.6571569442749023,0.7960241436958313],[-0.03925137594342232,-0.9895183444023132,-0.13896974921226501,0.7647761106491089],[-0.6589544415473938,0.13018251955509186,-0.7408314943313599,1.3101130723953247]],"full_resolution":[2064,2272],"relative_focal_length":[0.4356694221496582,0.4339345097541809],"screen_center":[0.3787437081336975,0.5965937376022339],"visualized_dimension":-1},{"camera0":[[0.7511578798294067,0.06249608099460602,-0.6571569442749023,0.841855525970459],[-0.03925137594342232,-0.9895183444023132,-0.13896974921226501,0.7623810768127441],[-0.6589544415473938,0.13018251955509186,-0.7408314943313599,1.2699073553085327]],"camera1":[[0.7511578798294067,0.06249608099460602,-0.6571569442749023,0.841855525970459],[-0.03925137594342232,-0.9895183444023132,-0.13896974921226501,0.7623810768127441],[-0.6589544415473938,0.13018251955509186,-0.7408314943313599,1.2699073553085327]],"full_resolution":[2064,2272],"relative_focal_length":[0.4356694221496582,0.4339345097541809],"screen_center":[0.6212562918663025,0.5965937376022339],"visualized_dimension":-1}]}
{"camera":{"aperture_size":0.0,"autofocus":false,"autofocus_depth":0.0,"autofocus_target":[0.5,0.5,0.5],"fov_axis":1,"matrix":[[0.5200160145759583,-0.05958280712366104,-0.8520753383636475,0.8520753383636475],[5.3551048040390015e-09,-0.997563898563385,0.069756418466568,-0.069756418466568],[-0.8541563749313354,-0.03627448529005051,-0.5187491178512573,1.5187489986419678]],"relative_focal_length":[1.0,1.0],"scale":1.0,"screen_center":[0.5007201433181763,0.4983441233634949],"zoom":1.0},"frame":5,"views":[{"camera0":[[0.7679726481437683,0.06711407750844955,-0.636955976486206,0.7751061320304871],[-0.04110875725746155,-0.9872788190841675,-0.15359088778495789,0.7616006135940552],[-0.6391618251800537,0.14413806796073914,-0.7554442882537842,1.3005895614624023]],"camera1":[[0.7679726481437683,0.06711407750844955,-0.636955976486206,0.7751061320304871],[-0.04110875725746155,-0.9872788190841675,-0.15359088778495789,0.7616006135940552],[-0.6391618251800537,0.14413806796073914,-0.7554442882537842,1.3005895614624023]],"full_resolution":[2064,2272],"relative_focal_length":[0.4356694221496582,0.4339345097541809],"screen_center":[0.3787437081336975,0.5965937376022339],"visualized_dimension":-1},{"camera0":[[0.7679726481437683,0.06711407750844955,-0.636955976486206,0.8219634294509888],[-0.04110875725746155,-0.9872788190841675,-0.15359088778495789,0.7590923309326172],[-0.6391618251800537,0.14413806796073914,-0.7554442882537842,1.2615915536880493]],"camera1":[[0.7679726481437683,0.06711407750844955,-0.636955976486206,0.8219634294509888],[-0.04110875725746155,-0.9872788190841675,-0.15359088778495789,0.7590923309326172],[-0.6391618251800537,0.14413806796073914,-0.7554442882537842,1.2615915536880493]],"full_resolution":[2064,2272],"relative_focal_length":[0.4356694221496582,0.4339345097541809],"screen_center":[0.6212562918663025,0.5965937376022339],"visualized_dimension":-1}]}
{"camera":{"aperture_size":0.0,"autofocus":false,"autofocus_depth":0.0,"autofocus_target":[0.5,0.5,0.5],"fov_axis":1,"matrix":[[0.5200160145759583,-0.05958280712366104,-0.8520753383636475,0.8520753383636475],[5.3551048040390015e-09,-0.997563898563385,0.069756418466568,-0.069756418466568],[-0.8541563749313354,-0.03627448529005051,-0.5187491178512573,1.5187489986419678]],"relative_focal_length":[1.0,1.0],"scale":1.0,"screen_center":[0.5007201433181763,0.4983441233634949],"zoom":1.0},"frame":6,"views":[{"camera0":[[0.8004707098007202,0.06403039395809174,-0.5959411859512329,0.7678215503692627],[-0.03408098220825195,-0.9878061413764954,-0.15191160142421722,0.7624894380569458],[-0.5984018445014954,0.14191104471683502,-0.78852778673172,1.2968106269836426]],"camera1":[[0.8004707098007202,0.06403039395809174,-0.5959411859512329,0.7678215503692627],[-0.03408098220825195,-0.9878061413764954,-0.15191160142421722,0.7624894380569458],[-0.5984018445014954,0.14191104471683502,-0.78852778673172,1.2968106269836426]],"full_resolution":[2064,2272],"relative_focal_length":[0.4356694221496582,0.4339345097541809],"screen_center":[0.3787437081336975,0.5965937376022339],"visualized_dimension":-1},{"camera0":[[0.8004707098007202,0.06403039395809174,-0.5959411859512329,0.8166617155075073],[-0.03408098220825195,-0.9878061413764954,-0.15191160142421722,0.760409951210022],[-0.5984018445014954,0.14191104471683502,-0.78852778673172,1.2602996826171875]],"camera1":[[0.8004707098007202,0.06403039395809174,-0.5959411859512329,0.8166617155075073],[-0.03408098220825195,-0.9878061413764954,-0.15191160142421722,0.760409951210022],[-0.5984018445014954,0.14191104471683502,-0.78852778673172,1.2602996826171875]],"full_resolution":[2064,2272],"relative_focal_length":[0.4356694221496582,0.4339345097541809],"screen_center":[0.6212562918663025,0.5965937376022339],"visualized_dimension":-1}]}
{"camera":{"aperture_size":0.0,"autofocus":false,"autofocus_depth":0.0,"autofocus_target":[0.5,0.5,0.5],"fov_axis":1,"matrix":[[0.5200160145759583,-0.05958280712366104,-0.8520753383636475,0.8520753383636475],[5.3551048040390015e-09,-0.997563898563385,0.069756418466568,-0.069756418466568],[-0.8541563749313354,-0.03627448529005051,-0.5187491178512573,1.5187489986419678]],"relative_focal_length":[1.0,1.0],"scale":1.0,"screen_center":[0.5007201433181763,0.4983441233634949],"zoom":1.0},"frame":7,"views":[{"camera0":[[0.8397570848464966,0.05543973296880722,-0.5401236414909363,0.7658692002296448],[-0.02579542063176632,-0.9895764589309692,-0.14167806506156921,0.7632459402084351],[-0.5423488020896912,0.13290788233280182,-0.8295739889144897,1.2949302196502686]],"camera1":[[0.8397570848464966,0.05543973296880722,-0.5401236414909363,0.7658692002296448],[-0.02579542063176632,-0.9895764589309692,-0.14167806506156921,0.7632459402084351],[-0.5423488020896912,0.13290788233280182,-0.8295739889144897,1.2949302196502686]],"full_resolution":[2064,2272],"relative_focal_length":[0.4356694221496582,0.4339345097541809],"screen_center":[0.3787437081336975,0.5965937376022339],"visualized_dimension":-1},{"camera0":[[0.8397570848464966,0.05543973296880722,-0.5401236414909363,0.8171063661575317],[-0.02579542063176632,-0.9895764589309692,-0.14167806506156921,0.7616720199584961],[-0.5423488020896912,0.13290788233280182,-0.8295739889144897,1.2618392705917358]],"camera1":[[0.8397570848464966,0.05543973296880722,-0.5401236414909363,0.8171063661575317],[-0.02579542063176632,-0.9895764589309692,-0.14167806506156921,0.7616720199584961],[-0.5423488020896912,0.13290788233280182,-0.8295739889144897,1.2618392705917358]],"full_resolution":[2064,2272],"relative_focal_length":[0.4356694221496582,0.4339345097541809],"screen_center":[0.6212562918663025,0.5965937376022339],"visualized_dimension":-1}]}
{"camera":{"aperture_size":0.0,"autofocus":false,"autofocus_depth":0.0,"autofocus_target":[0.5,0.5,0.5],"fov_axis":1,"matrix":[[0.5200160145759583,-0.05958280712366104,-0.8520753383636475,0.8520753383636475],[5.3551048040390015e-09,-0.997563898563385,0.069756418466568,-0.069756418466568],[-0.8541563749313354,-0.03627448529005051,-0.5187491178512573,1.5187489986419678]],"relative_focal_length":[1.0,1.0],"scale":1.0,"screen_center":[0.5007201433181763,0.4983441233634949],"zoom":1.0},"frame":8,"views":[{"camera0":[[0.8747619390487671,0.053132057189941406,-0.48163023591041565,0.7640373706817627],[-0.01954140141606331,-0.9892929792404175,-0.14462795853614807,0.762122631072998],[-0.4841582775115967,0.135926753282547,-0.8643577098846436,1.2955056428909302]],"camera1":[[0.8747619390487671,0.053132057189941406,-0.48163023591041565,0.7640373706817627],[-0.01954140141606331,-0.9892929792404175,-0.14462795853614807,0.762122631072998],[-0.4841582775115967,0.135926753282547,-0.8643577098846436,1.2955056428909302]],"full_resolution":[2064,2272],"relative_focal_length":[0.4356694221496582,0.4339345097541809],"screen_center":[0.3787437081336975,0.5965937376022339],"visualized_dimension":-1},{"camera0":[[0.8747619390487671,0.053132057189941406,-0.48163023591041565,0.8174103498458862],[-0.01954140141606331,-0.9892929792404175,-0.14462795853614807,0.7609304189682007],[-0.4841582775115967,0.135926753282547,-0.8643577098846436,1.2659649848937988]],"camera1":[[0.8747619390487671,0.053132057189941406,-0.48163023591041565,0.8174103498458862],[-0.01954140141606331,-0.9892929792404175,-0.14462795853614807,0.7609304189682007],[-0.4841582775115967,0.135926753282547,-0.8643577098846436,1.2659649848937988]],"full_resolution":[2064,2272],"relative_focal_length":[0.4356694221496582,0.4339345097541809],"screen_center":[0.6212562918663025,0.5965937376022339],"visualized_dimension":-1}]}
{"camera":{"aperture_size":0.0,"autofocus":false,"autofocus_depth":0.0,"autofocus_target":[0.5,0.5,0.5],"fov_axis":1,"matrix":[[0.5200160145759583,-0.05958280712366104,-0.8520753383636475,0.8520753383636475],[5.3551048040390015e-09,-0.997563898563385,0.069756418466568,-0.069756418466568],[-0.8541563749313354,-0.03627448529005051,-0.5187491178512573,1.5187489986419678]],"relative_focal_length":[1.0,1.0],"scale":1.0,"screen_center":[0.5007201433181763,0.4983441233634949],"zoom":1.0},"frame":9,"views":[{"camera0":[[0.8815568685531616,0.05234941840171814,-0.4691654443740845,0.7638037800788879],[-0.018796931952238083,-0.9891517758369446,-0.14568853378295898,0.7617802619934082],[-0.4717029631137848,0.1372516006231308,-0.8710097074508667,1.2983793020248413]],"camera1":[[0.8815568685531616,0.05234941840171814,-0.4691654443740845,0.7638037800788879],[-0.018796931952238083,-0.9891517758369446,-0.14568853378295898,0.7617802619934082],[-0.4717029631137848,0.1372516006231308,-0.8710097074508667,1.2983793020248413]],"full_resolution":[2064,2272],"relative_focal_length":[0.4356694221496582,0.4339345097541809],"screen_center":[0.3787437081336975,0.5965937376022339],"visualized_dimension":-1},{"camera0":[[0.8815568685531616,0.05234941840171814,-0.4691654443740845,0.8175913691520691],[-0.018796931952238083,-0.9891517758369446,-0.14568853378295898,0.7606333494186401],[-0.4717029631137848,0.1372516006231308,-0.8710097074508667,1.2695986032485962]],"camera1":[[0.8815568685531616,0.05234941840171814,-0.4691654443740845,0.8175913691520691],[-0.018796931952238083,-0.9891517758369446,-0.14568853378295898,0.7606333494186401],[-0.4717029631137848,0.1372516006231308,-0.8710097074508667,1.2695986032485962]],"full_resolution":[2064,2272],"relative_focal_length":[0.4356694221496582,0.4339345097541809],"screen_center":[0.6212562918663025,0.5965937376022339],"visualized_dimension":-1}]}
{"camera":{"aperture_size":0.0,"autofocus":false,"autofocus_depth":0.0,"autofocus_target":[0.5,0.5,0.5],"fov_axis":1,"matrix":[[0.5200160145759583,-0.05958280712366104,-0.8520753383636475,0.8520753383636475],[5.3551048040390015e-09,-0.997563898563385,0.069756418466568,-0.069756418466568],[-0.8541563749313354,-0.03627448529005051,-0.5187491178512573,1.5187489986419678]],"relative_focal_length":[1.0,1.0],"scale":1.0,"screen_center":[0.5007201433181763,0.4983441233634949],"zoom":1.0},"frame":10,"views":[{"camera0":[[0.8956239223480225,0.04973510652780533,-0.4420219659805298,0.7634625434875488],[-0.013494884595274925,-0.9902337789535522,-0.13876156508922577,0.7615599632263184],[-0.44460687041282654,0.1302432119846344,-0.8862059712409973,1.3039971590042114]],"camera1":[[0.8956239223480225,0.04973510652780533,-0.4420219659805298,0.7634625434875488],[-0.013494884595274925,-0.9902337789535522,-0.13876156508922577,0.7615599632263184],[-0.44460687041282654,0.1302432119846344,-0.8862059712409973,1.3039971590042114]],"full_resolution":[2064,2272],"relative_focal_length":[0.4356694221496582,0.4339345097541809],"screen_center":[0.3787437081336975,0.5965937376022339],"visualized_dimension":-1},{"camera0":[[0.8956239223480225,0.04973510652780533,-0.4420219659805298,0.8181084394454956],[-0.013494884595274925,-0.9902337789535522,-0.13876156508922577,0.7607365846633911],[-0.44460687041282654,0.1302432119846344,-0.8862059712409973,1.276869773864746]],"camera1":[[0.8956239223480225,0.04973510652780533,-0.4420219659805298,0.8181084394454956],[-0.013494884595274925,-0.9902337789535522,-0.13876156508922577,0.7607365846633911],[-0.44460687041282654,0.1302432119846344,-0.8862059712409973,1.276869773864746]],"full_resolution":[2064,2272],"relative_focal_length":[0.4356694221496582,0.4339345097541809],"screen_center":[0.6212562918663025,0.5965937376022339],"visualized_dimension":-1}]}
{"camera":{"aperture_size":0.0,"autofocus":false,"autofocus_depth":0.0,"autofocus_target":[0.5,0.5,0.5],"fov_axis":1,"matrix":[[0.5200160145759583,-0.05958280712366104,-0.8520753383636475,0.8520753383636475],[5.3551048040390015e-09,-0.997563898563385,0.069756418466568,-0.069756418466568],[-0.8541563749313354,-0.03627448529005051,-0.5187491178512573,1.5187489986419678]],"relative_focal_length":[1.0,1.0],"scale":1.0,"screen_center":[0.5007201433181763,0.4983441233634949],"zoom":1.0},"frame":11,"views":[{"camera0":[[0.9193365573883057,0.04299057275056839,-0.39111536741256714,0.7621649503707886],[-0.011978235095739365,-0.9904945492744446,-0.137028306722641,0.7584145069122314],[-0.39328905940055847,0.1306600272655487,-0.9100830554962158,1.3136049509048462]],"camera1":[[0.9193365573883057,0.04299057275056839,-0.39111536741256714,0.7621649503707886],[-0.011978235095739365,-0.9904945492744446,-0.137028306722641,0.7584145069122314],[-0.39328905940055847,0.1306600272655487,-0.9100830554962158,1.3136049509048462]],"full_resolution":[2064,2272],"relative_focal_length":[0.4356694221496582,0.4339345097541809],"screen_center":[0.3787437081336975,0.5965937376022339],"visualized_dimension":-1},{"camera0":[[0.9193365573883057,0.04299057275056839,-0.39111536741256714,0.8182575702667236],[-0.011978235095739365,-0.9904945492744446,-0.137028306722641,0.7576836347579956],[-0.39328905940055847,0.1306600272655487,-0.9100830554962158,1.2896087169647217]],"camera1":[[0.9193365573883057,0.04299057275056839,-0.39111536741256714,0.8182575702667236],[-0.011978235095739365,-0.9904945492744446,-0.137028306722641,0.7576836347579956],[-0.39328905940055847,0.1306600272655487,-0.9100830554962158,1.2896087169647217]],"full_resolution":[2064,2272],"relative_focal_length":[0.4356694221496582,0.4339345097541809],"screen_center":[0.6212562918663025,0.5965937376022339],"visualized_dimension":-1}]}
{"camera":{"aperture_size":0.0,"autofocus":false,"autofocus_depth":0.0,"autofocus_target":[0.5,0.5,0.5],"fov_axis":1,"matrix":[[0.5200160145759583,-0.05958280712366104,-0.8520753383636475,0.8520753383636475],[5.3551048040390015e-09,-0.997563898563385,0.069756418466568,-0.069756418466568],[-0.8541563749313354,-0.03627448529005051,-0.5187491178512573,1.5187489986419678]],"relative_focal_length":[1.0,1.0],"scale":1.0,"screen_center":[0.5007201433181763,0.4983441233634949],"zoom":1.0},"frame":12,"views":[{"camera0":[[0.9256470203399658,0.040676750242710114,-0.3761941194534302,0.7626749277114868],[-0.01152198575437069,-0.9907138347625732,-0.13547323644161224,0.7589764595031738],[-0.3782117962837219,0.12973491847515106,-0.9165829420089722,1.3207814693450928]],"camera1":[[0.9256470203399658,0.040676750242710114,-0.3761941194534302,0.7626749277114868],[-0.01152198575437069,-0.9907138347625732,-0.13547323644161224,0.7589764595031738],[-0.3782117962837219,0.12973491847515106,-0.9165829420089722,1.3207814693450928]],"full_resolution":[2064,2272],"relative_focal_length":[0.4356694221496582,0.4339345097541809],"screen_center":[0.3787437081336975,0.5965937376022339],"visualized_dimension":-1},{"camera0":[[0.9256470203399658,0.040676750242710114,-0.3761941194534302,0.8191526532173157],[-0.01152198575437069,-0.9907138347625732,-0.13547323644161224,0.7582734823226929],[-0.3782117962837219,0.12973491847515106,-0.9165829420089722,1.2977051734924316]],"camera1":[[0.9256470203399658,0.040676750242710114,-0.3761941194534302,0.8191526532173157],[-0.01152198575437069,-0.9907138347625732,-0.13547323644161224,0.7582734823226929],[-0.3782117962837219,0.12973491847515106,-0.9165829420089722,1.2977051734924316]],"full_resolution":[2064,2272],"relative_focal_length":[0.4356694221496582,0.4339345097541809],"screen_center":[0.6212562918663025,0.5965937376022339],"visualized_dimension":-1}]}
{"camera":{"aperture_size":0.0,"autofocus":false,"autofocus_depth":0.0,"autofocus_target":[0.5,0.5,0.5],"fov_axis":1,"matrix":[[0.5200160145759583,-0.05958280712366104,-0.8520753383636475,0.8520753383636475],[5.3551048040390015e-09,-0.997563898563385,0.069756418466568,-0.069756418466568],[-0.8541563749313354,-0.03627448529005051,-0.5187491178512573,1.5187489986419678]],"relative_focal_length":[1.0,1.0],"scale":1.0,"screen_center":[0.5007201433181763,0.4983441233634949],"zoom":1.0},"frame":13,"views":[{"camera0":[[0.9296804666519165,0.03363378345966339,-0.3668271005153656,0.7627617716789246],[-0.014814410358667374,-0.9916033744812012,-0.1284637153148651,0.7593790292739868],[-0.3680680990219116,0.12486454099416733,-0.9213762879371643,1.3277738094329834]],"camera1":[[0.9296804666519165,0.03363378345966339,-0.3668271005153656,0.7627617716789246],[-0.014814410358667374,-0.9916033744812012,-0.1284637153148651,0.7593790292739868],[-0.3680680990219116,0.12486454099416733,-0.9213762879371643,1.3277738094329834]],"full_resolution":[2064,2272],"relative_focal_length":[0.4356694221496582,0.4339345097541809],"screen_center":[0.3787437081336975,0.5965937376022339],"visualized_dimension":-1},{"camera0":[[0.9296804666519165,0.03363378345966339,-0.3668271005153656,0.819485604763031],[-0.014814410358667374,-0.9916033744812012,-0.1284637153148651,0.7584750652313232],[-0.3680680990219116,0.12486454099416733,-0.9213762879371643,1.30531644821167]],"camera1":[[0.9296804666519165,0.03363378345966339,-0.3668271005153656,0.819485604763031],[-0.014814410358667374,-0.9916033744812012,-0.1284637153148651,0.7584750652313232],[-0.3680680990219116,0.12486454099416733,-0.9213762879371643,1.30531644821167]],"full_resolution":[2064,2272],"relative_focal_length":[0.4356694221496582,0.4339345097541809],"screen_center":[0.6212562918663025,0.5965937376022339],"visualized_dimension":-1}]}
{"camera":{"aperture_size":0.0,"autofocus":false,"autofocus_depth":0.0,"autofocus_target":[0.5,0.5,0.5],"fov_axis":1,"matrix":[[0.5200160145759583,-0.05958280712366104,-0.8520753383636475,0.8520753383636475],[5.3551048040390015e-09,-0.997563898563385,0.069756418466568,-0.069756418466568],[-0.8541563749313354,-0.03627448529005051,-0.5187491178512573,1.5187489986419678]],"relative_focal_length":[1.0,1.0],"scale":1.0,"screen_center":[0.5007201433181763,0.4983441233634949],"zoom":1.0},"frame":14,"views":[{"camera0":[[0.9328340888023376,0.03553025424480438,-0.358549028635025,0.7631750702857971],[-0.01146729290485382,-0.9916940927505493,-0.12810562551021576,0.7585208415985107],[-0.3601229786872864,0.12361286580562592,-0.9246788620948792,1.3367106914520264]],"camera1":[[0.9328340888023376,0.03553025424480438,-0.358549028635025,0.7631750702857971],[-0.01146729290485382,-0.9916940927505493,-0.12810562551021576,0.7585208415985107],[-0.3601229786872864,0.12361286580562592,-0.9246788620948792,1.3367106914520264]],"full_resolution":[2064,2272],"relative_focal_length":[0.4356694221496582,0.4339345097541809],"screen_center":[0.3787437081336975,0.5965937376022339],"visualized_dimension":-1},{"camera0":[[0.9328340888023376,0.03553025424480438,-0.358549028635025,0.8200913071632385],[-0.01146729290485382,-0.9916940927505493,-0.12810562551021576,0.7578212022781372],[-0.3601229786872864,0.12361286580562592,-0.9246788620948792,1.3147380352020264]],"camera1":[[0.9328340888023376,0.03553025424480438,-0.358549028635025,0.8200913071632385],[-0.01146729290485382,-0.9916940927505493,-0.12810562551021576,0.7578212022781372],[-0.3601229786872864,0.12361286580562592,-0.9246788620948792,1.3147380352020264]],"full_resolution":[2064,2272],"relative_focal_length":[0.4356694221496582,0.4339345097541809],"screen_center":[0.6212562918663025,0.5965937376022339],"visualized_dimension":-1}]}
{"camera":{"aperture_size":0.0,"autofocus":false,"autofocus_depth":0.0,"autofocus_target":[0.5,0.5,0.5],"fov_axis":1,"matrix":[[0.5200160145759583,-0.05958280712366104,-0.8520753383636475,0.8520753383636475],[5.3551048040390015e-09,-0.997563898563385,0.069756418466568,-0.069756418466568],[-0.8541563749313354,-0.03627448529005051,-0.5187491178512573,1.5187489986419678]],"relative_focal_length":[1.0,1.0],"scale":1.0,"screen_center":[0.5007201433181763,0.4983441233634949],"zoom":1.0},"frame":15,"views":[{"camera0":[[0.9358752965927124,0.037816375494003296,-0.3502952754497528,0.7654001712799072],[-0.008382663130760193,-0.9915517568588257,-0.12943921983242035,0.757057785987854],[-0.3522311747074127,0.12407535314559937,-0.9276520013809204,1.3463358879089355]],"camera1":[[0.9358752965927124,0.037816375494003296,-0.3502952754497528,0.7654001712799072],[-0.008382663130760193,-0.9915517568588257,-0.12943921983242035,0.757057785987854],[-0.3522311747074127,0.12407535314559937,-0.9276520013809204,1.3463358879089355]],"full_resolution":[2064,2272],"relative_focal_length":[0.4356694221496582,0.4339345097541809],"screen_center":[0.3787437081336975,0.5965937376022339],"visualized_dimension":-1},{"camera0":[[0.9358752965927124,0.037816375494003296,-0.3502952754497528,0.8225019574165344],[-0.008382663130760193,-0.9915517568588257,-0.12943921983242035,0.7565462589263916],[-0.3522311747074127,0.12407535314559937,-0.9276520013809204,1.3248447179794312]],"camera1":[[0.9358752965927124,0.037816375494003296,-0.3502952754497528,0.8225019574165344],[-0.008382663130760193,-0.9915517568588257,-0.12943921983242035,0.7565462589263916],[-0.3522311747074127,0.12407535314559937,-0.9276520013809204,1.3248447179794312]],"full_resolution":[2064,2272],"relative_focal_length":[0.4356694221496582,0.4339345097541809],"screen_center":[0.6212562918663025,0.5965937376022339],"visualized_dimension":-1}]}
{"camera":{"aperture_size":0.0,"autofocus":false,"autofocus_depth":0.0,"autofocus_target":[0.5,0.5,0.5],"fov_axis":1,"matrix":[[0.5200160145759583,-0.05958280712366104,-0.8520753383636475,0.8520753383636475],[5.3551048040390015e-09,-0.997563898563385,0.069756418466568,-0.069756418466568],[-0.8541563749313354,-0.03627448529005051,-0.5187491178512573,1.5187489986419678]],"relative_focal_length":[1.0,1.0],"scale":1.0,"screen_center":[0.5007201433181763,0.4983441233634949],"zoom":1.0},"frame":16,"views":[{"camera0":[[0.9364574551582336,0.036478668451309204,-0.34887799620628357,0.7677472829818726],[-0.011177919805049896,-0.9909695386886597,-0.1336192935705185,0.7564380168914795],[-0.3506021499633789,0.12902849912643433,-0.9275932908058167,1.348109245300293]],"camera1":[[0.9364574551582336,0.036478668451309204,-0.34887799620628357,0.7677472829818726],[-0.011177919805049896,-0.9909695386886597,-0.1336192935705185,0.7564380168914795],[-0.3506021499633789,0.12902849912643433,-0.9275932908058167,1.348109245300293]],"full_resolution":[2064,2272],"relative_focal_length":[0.4356694221496582,0.4339345097541809],"screen_center":[0.3787437081336975,0.5965937376022339],"visualized_dimension":-1},{"camera0":[[0.9364574551582336,0.036478668451309204,-0.34887799620628357,0.8248845934867859],[-0.011177919805049896,-0.9909695386886597,-0.1336192935705185,0.755756139755249],[-0.3506021499633789,0.12902849912643433,-0.9275932908058167,1.326717495918274]],"camera1":[[0.9364574551582336,0.036478668451309204,-0.34887799620628357,0.8248845934867859],[-0.011177919805049896,-0.9909695386886597,-0.1336192935705185,0.755756139755249],[-0.3506021499633789,0.12902849912643433,-0.9275932908058167,1.326717495918274]],"full_resolution":[2064,2272],"relative_focal_length":[0.4356694221496582,0.4339345097541809],"screen_center":[0.6212562918663025,0.5965937376022339],"visualized_dimension":-1}]}
{"camera":{"aperture_size":0.0,"autofocus":false,"autofocus_depth":0.0,"autofocus_target":[0.5,0.5,0.5],"fov_axis":1,"matrix":[[0.5200160145759583,-0.05958280712366104,-0.8520753383636475,0.8520753383636475],[5.3551048040390015e-09,-0.997563898563385,0.069756418466568,-0.069756418466568],[-0.8541563749313354,-0.03627448529005051,-0.5187491178512573,1.5187489986419678]],"relative_focal_length":[1.0,1.0],"scale":1.0,"screen_center":[0.5007201433181763,0.4983441233634949],"zoom":1.0},"frame":17,"views":[{"camera0":[[0.9394533634185791,0.04251304268836975,-0.3400282561779022,0.7702265977859497],[-0.008558966219425201,-0.9890537261962891,-0.14730651676654816,0.7546693086624146],[-0.34256914258003235,0.14129789173603058,-0.9288061261177063,1.3494560718536377]],"camera1":[[0.9394533634185791,0.04251304268836975,-0.3400282561779022,0.7702265977859497],[-0.008558966219425201,-0.9890537261962891,-0.14730651676654816,0.7546693086624146],[-0.34256914258003235,0.14129789173603058,-0.9288061261177063,1.3494560718536377]],"full_resolution":[2064,2272],"relative_focal_length":[0.4356694221496582,0.4339345097541809],"screen_center":[0.3787437081336975,0.5965937376022339],"visualized_dimension":-1},{"camera0":[[0.9394533634185791,0.04251304268836975,-0.3400282561779022,0.8275466561317444],[-0.008558966219425201,-0.9890537261962891,-0.14730651676654816,0.7541470527648926],[-0.34256914258003235,0.14129789173603058,-0.9288061261177063,1.3285545110702515]],"camera1":[[0.9394533634185791,0.04251304268836975,-0.3400282561779022,0.8275466561317444],[-0.008558966219425201,-0.9890537261962891,-0.14730651676654816,0.7541470527648926],[-0.34256914258003235,0.14129789173603058,-0.9288061261177063,1.3285545110702515]],"full_resolution":[2064,2272],"relative_focal_length":[0.4356694221496582,0.4339345097541809],"screen_center":[0.6212562918663025,0.5965937376022339],"visualized_dimension":-1}]}
{"camera":{"aperture_size":0.0,"autofocus":false,"autofocus_depth":0.0,"autofocus_target":[0.5,0.5,0.5],"fov_axis":1,"matrix":[[0.5200160145759583,-0.05958280712366104,-0.8520753383636475,0.8520753383636475],[5.3551048040390015e-09,-0.997563898563385,0.069756418466568,-0.069756418466568],[-0.8541563749313354,-0.03627448529005051,-0.5187491178512573,1.5187489986419678]],"relative_focal_length":[1.0,1.0],"scale":1.0,"screen_center":[0.5007201433181763,0.4983441233634949],"zoom":1.0},"frame":18,"views":[{"camera0":[[0.9393954277038574,0.0444771945476532,-0.3399370610713959,0.7719283103942871],[-0.010371476411819458,-0.9874080419540405,-0.15785273909568787,0.7522530555725098],[-0.34267786145210266,0.15181177854537964,-0.9271054863929749,1.3484159708023071]],"camera1":[[0.9393954277038574,0.0444771945476532,-0.3399370610713959,0.7719283103942871],[-0.010371476411819458,-0.9874080419540405,-0.15785273909568787,0.7522530555725098],[-0.34267786145210266,0.15181177854537964,-0.9271054863929749,1.3484159708023071]],"full_resolution":[2064,2272],"relative_focal_length":[0.4356694221496582,0.4339345097541809],"screen_center":[0.3787437081336975,0.5965937376022339],"visualized_dimension":-1},{"camera0":[[0.9393954277038574,0.0444771945476532,-0.3399370610713959,0.8292449116706848],[-0.010371476411819458,-0.9874080419540405,-0.15785273909568787,0.7516201734542847],[-0.34267786145210266,0.15181177854537964,-0.9271054863929749,1.327507734298706]],"camera1":[[0.9393954277038574,0.0444771945476532,-0.3399370610713959,0.8292449116706848],[-0.010371476411819458,-0.9874080419540405,-0.15785273909568787,0.7516201734542847],[-0.34267786145210266,0.15181177854537964,-0.9271054863929749,1.327507734298706]],"full_resolution":[2064,2272],"relative_focal_length":[0.4356694221496582,0.4339345097541809],"screen_center":[0.6212562918663025,0.5965937376022339],"visualized_dimension":-1}]}
{"camera":{"aperture_size":0.0,"autofocus":false,"autofocus_depth":0.0,"autofocus_target":[0.5,0.5,0.5],"fov_axis":1,"matrix":[[0.5200160145759583,-0.05958280712366104,-0.8520753383636475,0.8520753383636475],[5.3551048040390015e-09,-0.997563898563385,0.069756418466568,-0.069756418466568],[-0.8541563749313354,-0.03627448529005051,-0.5187491178512573,1.5187489986419678]],"relative_focal_length":[1.0,1.0],"scale":1.0,"screen_center":[0.5007201433181763,0.4983441233634949],"zoom":1.0},"frame":19,"views":[{"camera0":[[0.9407331943511963,0.04641392081975937,-0.33595526218414307,0.7737379670143127],[-0.010149452835321426,-0.9862943887710571,-0.1646815538406372,0.7515804767608643],[-0.33899474143981934,0.15833118557929993,-0.9273689985275269,1.3461015224456787]],"camera1":[[0.9407331943511963,0.04641392081975937,-0.33595526218414307,0.7737379670143127],[-0.010149452835321426,-0.9862943887710571,-0.1646815538406372,0.7515804767608643],[-0.33899474143981934,0.15833118557929993,-0.9273689985275269,1.3461015224456787]],"full_resolution":[2064,2272],"relative_focal_length":[0.4356694221496582,0.4339345097541809],"screen_center":[0.3787437081336975,0.5965937376022339],"visualized_dimension":-1},{"camera0":[[0.9407331943511963,0.04641392081975937,-0.33595526218414307,0.831136167049408],[-0.010149452835321426,-0.9862943887710571,-0.1646815538406372,0.7509613037109375],[-0.33899474143981934,0.15833118557929993,-0.9273689985275269,1.3254179954528809]],"camera1":[[0.9407331943511963,0.04641392081975937,-0.33595526218414307,0.831136167049408],[-0.010149452835321426,-0.9862943887710571,-0.1646815538406372,0.7509613037109375],[-0.33899474143981934,0.15833118557929993,-0.9273689985275269,1.3254179954528809]],"full_resolution":[2064,2272],"relative_focal_length":[0.4356694221496582,0.4339345097541809],"screen_center":[0.6212562918663025,0.5965937376022339],"visualized_dimension":-1}]}
{"camera":{"aperture_size":0.0,"autofocus":false,"autofocus_depth":0.0,"autofocus_target":[0.5,0.5,0.5],"fov_axis":1,"matrix":[[0.5200160145759583,-0.05958280712366104,-0.8520753383636475,0.8520753383636475],[5.3551048040390015e-09,-0.997563898563385,0.069756418466568,-0.069756418466568],[-0.8541563749313354,-0.03627448529005051,-0.5187491178512573,1.5187489986419678]],"relative_focal_length":[1.0,1.0],"scale":1.0,"screen_center":[0.5007201433181763,0.4983441233634949],"zoom":1.0},"frame":20,"views":[{"camera0":[[0.9389805793762207,0.050299517810344696,-0.3402712941169739,0.7740983366966248],[-0.008764736354351044,-0.9854300618171692,-0.16985422372817993,0.7505683898925781],[-0.3438575565814972,0.1624722182750702,-0.9248591065406799,1.3440312147140503]],"camera1":[[0.9389805793762207,0.050299517810344696,-0.3402712941169739,0.7740983366966248],[-0.008764736354351044,-0.9854300618171692,-0.16985422372817993,0.7505683898925781],[-0.3438575565814972,0.1624722182750702,-0.9248591065406799,1.3440312147140503]],"full_resolution":[2064,2272],"relative_focal_length":[0.4356694221496582,0.4339345097541809],"screen_center":[0.3787437081336975,0.5965937376022339],"visualized_dimension":-1},{"camera0":[[0.9389805793762207,0.050299517810344696,-0.3402712941169739,0.8313895463943481],[-0.008764736354351044,-0.9854300618171692,-0.16985422372817993,0.7500336170196533],[-0.3438575565814972,0.1624722182750702,-0.9248591065406799,1.3230509757995605]],"camera1":[[0.9389805793762207,0.050299517810344696,-0.3402712941169739,0.8313895463943481],[-0.008764736354351044,-0.9854300618171692,-0.16985422372817993,0.7500336170196533],[-0.3438575565814972,0.1624722182750702,-0.9248591065406799,1.3230509757995605]],"full_resolution":[2064,2272],"relative_focal_length":[0.4356694221496582,0.4339345097541809],"screen_center":[0.6212562918663025,0.5965937376022339],"visualized_dimension":-1}]}
{"camera":{"aperture_size":0.0,"autofocus":false,"autofocus_depth":0.0,"autofocus_target":[0.5,0.5,0.5],"fov_axis":1,"matrix":[[0.5200160145759583,-0.05958280712366104,-0.8520753383636475,0.8520753383636475],[5.3551048040390015e-09,-0.997563898563385,0.069756418466568,-0.069756418466568],[-0.8541563749313354,-0.03627448529005051,-0.5187491178512573,1.5187489986419678]],"relative_focal_length":[1.0,1.0],"scale":1.0,"screen_center":[0.5007201433181763,0.4983441233634949],"zoom":1.0},"frame":21,"views":[{"camera0":[[0.9377106428146362,0.055567607283592224,-0.3429434299468994,0.773155927658081],[-0.005565319210290909,-0.9845965504646301,-0.1747526377439499,0.7502137422561646],[-0.34737199544906616,0.16577601432800293,-0.9229575395584106,1.3415170907974243]],"camera1":[[0.9377106428146362,0.055567607283592224,-0.3429434299468994,0.773155927658081],[-0.005565319210290909,-0.9845965504646301,-0.1747526377439499,0.7502137422561646],[-0.34737199544906616,0.16577601432800293,-0.9229575395584106,1.3415170907974243]],"full_resolution":[2064,2272],"relative_focal_length":[0.4356694221496582,0.4339345097541809],"screen_center":[0.3787437081336975,0.5965937376022339],"visualized_dimension":-1},{"camera0":[[0.9377106428146362,0.055567607283592224,-0.3429434299468994,0.8303697109222412],[-0.005565319210290909,-0.9845965504646301,-0.1747526377439499,0.7498742341995239],[-0.34737199544906616,0.16577601432800293,-0.9229575395584106,1.3203225135803223]],"camera1":[[0.9377106428146362,0.055567607283592224,-0.3429434299468994,0.8303697109222412],[-0.005565319210290909,-0.9845965504646301,-0.1747526377439499,0.7498742341995239],[-0.34737199544906616,0.16577601432800293,-0.9229575395584106,1.3203225135803223]],"full_resolution":[2064,2272],"relative_focal_length":[0.4356694221496582,0.4339345097541809],"screen_center":[0.6212562918663025,0.5965937376022339],"visualized_dimension":-1}]}
