{"camera":{"aperture_size":0.0,"autofocus":false,"autofocus_depth":0.0,"autofocus_target":[0.5,0.5,0.5],"fov_axis":1,"matrix":[[0.9205042123794556,0.03631848469376564,-0.38903942704200745,0.12303932011127472],[2.0954757928848267e-09,-0.995670735836029,-0.09295005351305008,0.26977601647377014],[-0.3907308876514435,0.08556077629327774,-0.916519820690155,1.0650557279586792]],"relative_focal_length":[1.0,1.0],"scale":0.14864350855350494,"screen_center":[0.5000522136688232,0.49666839838027954],"zoom":1.0},"frame":1,"views":[{"camera0":[[0.978696346282959,0.17255613207817078,0.11124983429908752,0.2398233711719513],[0.13183316588401794,-0.9435772895812988,0.30377909541130066,0.31348514556884766],[0.15739226341247559,-0.28264138102531433,-0.9462248086929321,1.4090315103530884]],"camera1":[[0.978696346282959,0.17255613207817078,0.11124983429908752,0.2398233711719513],[0.13183316588401794,-0.9435772895812988,0.30377909541130066,0.31348514556884766],[0.15739226341247559,-0.28264138102531433,-0.9462248086929321,1.4090315103530884]],"full_resolution":[2064,2272],"relative_focal_length":[0.4356694221496582,0.4339345097541809],"screen_center":[0.3787437081336975,0.5965937376022339],"visualized_dimension":-1},{"camera0":[[0.978696346282959,0.17255613207817078,0.11124983429908752,0.24865689873695374],[0.13183316588401794,-0.9435772895812988,0.30377909541130066,0.3146750330924988],[0.15739226341247559,-0.28264138102531433,-0.9462248086929321,1.410452127456665]],"camera1":[[0.978696346282959,0.17255613207817078,0.11124983429908752,0.24865689873695374],[0.13183316588401794,-0.9435772895812988,0.30377909541130066,0.3146750330924988],[0.15739226341247559,-0.28264138102531433,-0.9462248086929321,1.410452127456665]],"full_resolution":[2064,2272],"relative_focal_length":[0.4356694221496582,0.4339345097541809],"screen_center":[0.6212562918663025,0.5965937376022339],"visualized_dimension":-1}]}
{"camera":{"aperture_size":0.0,"autofocus":false,"autofocus_depth":0.0,"autofocus_target":[0.5,0.5,0.5],"fov_axis":1,"matrix":[[0.9205042123794556,0.03631848469376564,-0.38903942704200745,0.12303932011127472],[2.0954757928848267e-09,-0.995670735836029,-0.09295005351305008,0.26977601647377014],[-0.3907308876514435,0.08556077629327774,-0.916519820690155,1.0650557279586792]],"relative_focal_length":[1.0,1.0],"scale":0.14864350855350494,"screen_center":[0.5000522136688232,0.49666839838027954],"zoom":1.0},"frame":2,"views":[{"camera0":[[0.9818987250328064,0.1573936939239502,0.10536056756973267,0.2378198802471161],[0.12211485207080841,-0.9512959122657776,0.28306201100349426,0.31289392709732056],[0.1447816789150238,-0.26507246494293213,-0.9532968401908875,1.407294511795044]],"camera1":[[0.9818987250328064,0.1573936939239502,0.10536056756973267,0.2378198802471161],[0.12211485207080841,-0.9512959122657776,0.28306201100349426,0.31289392709732056],[0.1447816789150238,-0.26507246494293213,-0.9532968401908875,1.407294511795044]],"full_resolution":[2064,2272],"relative_focal_length":[0.4356694221496582,0.4339345097541809],"screen_center":[0.3787437081336975,0.5965937376022339],"visualized_dimension":-1},{"camera0":[[0.9818987250328064,0.1573936939239502,0.10536056756973267,0.2466823160648346],[0.12211485207080841,-0.9512959122657776,0.28306201100349426,0.3139961361885071],[0.1447816789150238,-0.26507246494293213,-0.9532968401908875,1.4086012840270996]],"camera1":[[0.9818987250328064,0.1573936939239502,0.10536056756973267,0.2466823160648346],[0.12211485207080841,-0.9512959122657776,0.28306201100349426,0.3139961361885071],[0.1447816789150238,-0.26507246494293213,-0.9532968401908875,1.4086012840270996]],"full_resolution":[2064,2272],"relative_focal_length":[0.4356694221496582,0.4339345097541809],"screen_center":[0.6212562918663025,0.5965937376022339],"visualized_dimension":-1}]}
{"camera":{"aperture_size":0.0,"autofocus":false,"autofocus_depth":0.0,"autofocus_target":[0.5,0.5,0.5],"fov_axis":1,"matrix":[[0.9205042123794556,0.03631848469376564,-0.38903942704200745,0.12303932011127472],[2.0954757928848267e-09,-0.995670735836029,-0.09295005351305008,0.26977601647377014],[-0.3907308876514435,0.08556077629327774,-0.916519820690155,1.0650557279586792]],"relative_focal_length":[1.0,1.0],"scale":0.14864350855350494,"screen_center":[0.5000522136688232,0.49666839838027954],"zoom":1.0},"frame":3,"views":[{"camera0":[[0.9834245443344116,0.14754247665405273,0.10538551211357117,0.2369149625301361],[0.11465556919574738,-0.9563108086585999,0.26893043518066406,0.31246417760849],[0.14046043157577515,-0.2523900866508484,-0.9573765993118286,1.4064018726348877]],"camera1":[[0.9834245443344116,0.14754247665405273,0.10538551211357117,0.2369149625301361],[0.11465556919574738,-0.9563108086585999,0.26893043518066406,0.31246417760849],[0.14046043157577515,-0.2523900866508484,-0.9573765993118286,1.4064018726348877]],"full_resolution":[2064,2272],"relative_focal_length":[0.4356694221496582,0.4339345097541809],"screen_center":[0.3787437081336975,0.5965937376022339],"visualized_dimension":-1},{"camera0":[[0.9834245443344116,0.14754247665405273,0.10538551211357117,0.24579116702079773],[0.11465556919574738,-0.9563108086585999,0.26893043518066406,0.3134990334510803],[0.14046043157577515,-0.2523900866508484,-0.9573765993118286,1.4076696634292603]],"camera1":[[0.9834245443344116,0.14754247665405273,0.10538551211357117,0.24579116702079773],[0.11465556919574738,-0.9563108086585999,0.26893043518066406,0.3134990334510803],[0.14046043157577515,-0.2523900866508484,-0.9573765993118286,1.4076696634292603]],"full_resolution":[2064,2272],"relative_focal_length":[0.4356694221496582,0.4339345097541809],"screen_center":[0.6212562918663025,0.5965937376022339],"visualized_dimension":-1}]}
{"camera":{"aperture_size":0.0,"autofocus":false,"autofocus_depth":0.0,"autofocus_target":[0.5,0.5,0.5],"fov_axis":1,"matrix":[[0.9205042123794556,0.03631848469376564,-0.38903942704200745,0.12303932011127472],[2.0954757928848267e-09,-0.995670735836029,-0.09295005351305008,0.26977601647377014],[-0.3907308876514435,0.08556077629327774,-0.916519820690155,1.0650557279586792]],"relative_focal_length":[1.0,1.0],"scale":0.14864350855350494,"screen_center":[0.5000522136688232,0.49666839838027954],"zoom":1.0},"frame":3,"views":[{"camera0":[[0.9867005944252014,0.11921536177396774,0.11049103736877441,0.23408888280391693],[0.09066534042358398,-0.9678504467010498,0.23461705446243286,0.31154942512512207],[0.1349092423915863,-0.2214793711900711,-0.9657878875732422,1.4038560390472412]],"camera1":[[0.9867005944252014,0.11921536177396774,0.11049103736877441,0.23408888280391693],[0.09066534042358398,-0.9678504467010498,0.23461705446243286,0.31154942512512207],[0.1349092423915863,-0.2214793711900711,-0.9657878875732422,1.4038560390472412]],"full_resolution":[2064,2272],"relative_focal_length":[0.4356694221496582,0.4339345097541809],"screen_center":[0.3787437081336975,0.5965937376022339],"visualized_dimension":-1},{"camera0":[[0.9867005944252014,0.11921536177396774,0.11049103736877441,0.24299466609954834],[0.09066534042358398,-0.9678504467010498,0.23461705446243286,0.3123677670955658],[0.1349092423915863,-0.2214793711900711,-0.9657878875732422,1.4050737619400024]],"camera1":[[0.9867005944252014,0.11921536177396774,0.11049103736877441,0.24299466609954834],[0.09066534042358398,-0.9678504467010498,0.23461705446243286,0.3123677670955658],[0.1349092423915863,-0.2214793711900711,-0.9657878875732422,1.4050737619400024]],"full_resolution":[2064,2272],"relative_focal_length":[0.4356694221496582,0.4339345097541809],"screen_center":[0.6212562918663025,0.5965937376022339],"visualized_dimension":-1}]}
{"camera":{"aperture_size":0.0,"autofocus":false,"autofocus_depth":0.0,"autofocus_target":[0.5,0.5,0.5],"fov_axis":1,"matrix":[[0.9205042123794556,0.03631848469376564,-0.38903942704200745,0.12303932011127472],[2.0954757928848267e-09,-0.995670735836029,-0.09295005351305008,0.26977601647377014],[-0.3907308876514435,0.08556077629327774,-0.916519820690155,1.0650557279586792]],"relative_focal_length":[1.0,1.0],"scale":0.14864350855350494,"screen_center":[0.5000522136688232,0.49666839838027954],"zoom":1.0},"frame":4,"views":[{"camera0":[[0.9861955642700195,0.12146417051553726,0.1125328540802002,0.2330392301082611],[0.09471523016691208,-0.9712722301483154,0.21830980479717255,0.3110731840133667],[0.13581731915473938,-0.2046378254890442,-0.9693692922592163,1.4031940698623657]],"camera1":[[0.9861955642700195,0.12146417051553726,0.1125328540802002,0.2330392301082611],[0.09471523016691208,-0.9712722301483154,0.21830980479717255,0.3110731840133667],[0.13581731915473938,-0.2046378254890442,-0.9693692922592163,1.4031940698623657]],"full_resolution":[2064,2272],"relative_focal_length":[0.4356694221496582,0.4339345097541809],"screen_center":[0.3787437081336975,0.5965937376022339],"visualized_dimension":-1},{"camera0":[[0.9861955642700195,0.12146417051553726,0.1125328540802002,0.2419404685497284],[0.09471523016691208,-0.9712722301483154,0.21830980479717255,0.31192806363105774],[0.13581731915473938,-0.2046378254890442,-0.9693692922592163,1.404420018196106]],"camera1":[[0.9861955642700195,0.12146417051553726,0.1125328540802002,0.2419404685497284],[0.09471523016691208,-0.9712722301483154,0.21830980479717255,0.31192806363105774],[0.13581731915473938,-0.2046378254890442,-0.9693692922592163,1.404420018196106]],"full_resolution":[2064,2272],"relative_focal_length":[0.4356694221496582,0.4339345097541809],"screen_center":[0.6212562918663025,0.5965937376022339],"visualized_dimension":-1}]}
{"camera":{"aperture_size":0.0,"autofocus":false,"autofocus_depth":0.0,"autofocus_target":[0.5,0.5,0.5],"fov_axis":1,"matrix":[[0.9205042123794556,0.03631848469376564,-0.38903942704200745,0.12303932011127472],[2.0954757928848267e-09,-0.995670735836029,-0.09295005351305008,0.26977601647377014],[-0.3907308876514435,0.08556077629327774,-0.916519820690155,1.0650557279586792]],"relative_focal_length":[1.0,1.0],"scale":0.14864350855350494,"screen_center":[0.5000522136688232,0.49666839838027954],"zoom":1.0},"frame":5,"views":[{"camera0":[[0.9864840507507324,0.11882996559143066,0.11281576752662659,0.23098325729370117],[0.09559401869773865,-0.9765805602073669,0.19274860620498657,0.31042447686195374],[0.13307848572731018,-0.17935919761657715,-0.9747411012649536,1.4018213748931885]],"camera1":[[0.9864840507507324,0.11882996559143066,0.11281576752662659,0.23098325729370117],[0.09559401869773865,-0.9765805602073669,0.19274860620498657,0.31042447686195374],[0.13307848572731018,-0.17935919761657715,-0.9747411012649536,1.4018213748931885]],"full_resolution":[2064,2272],"relative_focal_length":[0.4356694221496582,0.4339345097541809],"screen_center":[0.3787437081336975,0.5965937376022339],"visualized_dimension":-1},{"camera0":[[0.9864840507507324,0.11882996559143066,0.11281576752662659,0.2398870885372162],[0.09559401869773865,-0.9765805602073669,0.19274860620498657,0.3112872838973999],[0.13307848572731018,-0.17935919761657715,-0.9747411012649536,1.4030225276947021]],"camera1":[[0.9864840507507324,0.11882996559143066,0.11281576752662659,0.2398870885372162],[0.09559401869773865,-0.9765805602073669,0.19274860620498657,0.3112872838973999],[0.13307848572731018,-0.17935919761657715,-0.9747411012649536,1.4030225276947021]],"full_resolution":[2064,2272],"relative_focal_length":[0.4356694221496582,0.4339345097541809],"screen_center":[0.6212562918663025,0.5965937376022339],"visualized_dimension":-1}]}
{"camera":{"aperture_size":0.0,"autofocus":false,"autofocus_depth":0.0,"autofocus_target":[0.5,0.5,0.5],"fov_axis":1,"matrix":[[0.9205042123794556,0.03631848469376564,-0.38903942704200745,0.12303932011127472],[2.0954757928848267e-09,-0.995670735836029,-0.09295005351305008,0.26977601647377014],[-0.3907308876514435,0.08556077629327774,-0.916519820690155,1.0650557279586792]],"relative_focal_length":[1.0,1.0],"scale":0.14864350855350494,"screen_center":[0.5000522136688232,0.49666839838027954],"zoom":1.0},"frame":5,"views":[{"camera0":[[0.9880295395851135,0.11346251517534256,0.10451090335845947,0.228984534740448],[0.09422817826271057,-0.9803209900856018,0.17346946895122528,0.30998101830482483],[0.12213695049285889,-0.16154532134532928,-0.979278028011322,1.400718092918396]],"camera1":[[0.9880295395851135,0.11346251517534256,0.10451090335845947,0.228984534740448],[0.09422817826271057,-0.9803209900856018,0.17346946895122528,0.30998101830482483],[0.12213695049285889,-0.16154532134532928,-0.979278028011322,1.400718092918396]],"full_resolution":[2064,2272],"relative_focal_length":[0.4356694221496582,0.4339345097541809],"screen_center":[0.3787437081336975,0.5965937376022339],"visualized_dimension":-1},{"camera0":[[0.9880295395851135,0.11346251517534256,0.10451090335845947,0.23790232837200165],[0.09422817826271057,-0.9803209900856018,0.17346946895122528,0.3108315169811249],[0.12213695049285889,-0.16154532134532928,-0.979278028011322,1.401820421218872]],"camera1":[[0.9880295395851135,0.11346251517534256,0.10451090335845947,0.23790232837200165],[0.09422817826271057,-0.9803209900856018,0.17346946895122528,0.3108315169811249],[0.12213695049285889,-0.16154532134532928,-0.979278028011322,1.401820421218872]],"full_resolution":[2064,2272],"relative_focal_length":[0.4356694221496582,0.4339345097541809],"screen_center":[0.6212562918663025,0.5965937376022339],"visualized_dimension":-1}]}
{"camera":{"aperture_size":0.0,"autofocus":false,"autofocus_depth":0.0,"autofocus_target":[0.5,0.5,0.5],"fov_axis":1,"matrix":[[0.9205042123794556,0.03631848469376564,-0.38903942704200745,0.12303932011127472],[2.0954757928848267e-09,-0.995670735836029,-0.09295005351305008,0.26977601647377014],[-0.3907308876514435,0.08556077629327774,-0.916519820690155,1.0650557279586792]],"relative_focal_length":[1.0,1.0],"scale":0.14864350855350494,"screen_center":[0.5000522136688232,0.49666839838027954],"zoom":1.0},"frame":6,"views":[{"camera0":[[0.9896374344825745,0.10661927610635757,0.09617099165916443,0.2270265519618988],[0.09096622467041016,-0.9837826490402222,0.15458554029464722,0.3095528781414032],[0.11109358072280884,-0.14423558115959167,-0.9832874536514282,1.399627685546875]],"camera1":[[0.9896374344825745,0.10661927610635757,0.09617099165916443,0.2270265519618988],[0.09096622467041016,-0.9837826490402222,0.15458554029464722,0.3095528781414032],[0.11109358072280884,-0.14423558115959167,-0.9832874536514282,1.399627685546875]],"full_resolution":[2064,2272],"relative_focal_length":[0.4356694221496582,0.4339345097541809],"screen_center":[0.3787437081336975,0.5965937376022339],"visualized_dimension":-1},{"camera0":[[0.9896374344825745,0.10661927610635757,0.09617099165916443,0.23595884442329407],[0.09096622467041016,-0.9837826490402222,0.15458554029464722,0.3103739321231842],[0.11109358072280884,-0.14423558115959167,-0.9832874536514282,1.4006304740905762]],"camera1":[[0.9896374344825745,0.10661927610635757,0.09617099165916443,0.23595884442329407],[0.09096622467041016,-0.9837826490402222,0.15458554029464722,0.3103739321231842],[0.11109358072280884,-0.14423558115959167,-0.9832874536514282,1.4006304740905762]],"full_resolution":[2064,2272],"relative_focal_length":[0.4356694221496582,0.4339345097541809],"screen_center":[0.6212562918663025,0.5965937376022339],"visualized_dimension":-1}]}
{"camera":{"aperture_size":0.0,"autofocus":false,"autofocus_depth":0.0,"autofocus_target":[0.5,0.5,0.5],"fov_axis":1,"matrix":[[0.9205042123794556,0.03631848469376564,-0.38903942704200745,0.12303932011127472],[2.0954757928848267e-09,-0.995670735836029,-0.09295005351305008,0.26977601647377014],[-0.3907308876514435,0.08556077629327774,-0.916519820690155,1.0650557279586792]],"relative_focal_length":[1.0,1.0],"scale":0.14864350855350494,"screen_center":[0.5000522136688232,0.49666839838027954],"zoom":1.0},"frame":7,"views":[{"camera0":[[0.9902783632278442,0.10577883571386337,0.09032374620437622,0.22610315680503845],[0.0910550132393837,-0.9838773012161255,0.15393029153347015,0.3095322847366333],[0.10515046119689941,-0.14420965313911438,-0.9839445352554321,1.3994371891021729]],"camera1":[[0.9902783632278442,0.10577883571386337,0.09032374620437622,0.22610315680503845],[0.0910550132393837,-0.9838773012161255,0.15393029153347015,0.3095322847366333],[0.10515046119689941,-0.14420965313911438,-0.9839445352554321,1.3994371891021729]],"full_resolution":[2064,2272],"relative_focal_length":[0.4356694221496582,0.4339345097541809],"screen_center":[0.3787437081336975,0.5965937376022339],"visualized_dimension":-1},{"camera0":[[0.9902783632278442,0.10577883571386337,0.09032374620437622,0.23504121601581573],[0.0910550132393837,-0.9838773012161255,0.15393029153347015,0.3103541135787964],[0.10515046119689941,-0.14420965313911438,-0.9839445352554321,1.4003862142562866]],"camera1":[[0.9902783632278442,0.10577883571386337,0.09032374620437622,0.23504121601581573],[0.0910550132393837,-0.9838773012161255,0.15393029153347015,0.3103541135787964],[0.10515046119689941,-0.14420965313911438,-0.9839445352554321,1.4003862142562866]],"full_resolution":[2064,2272],"relative_focal_length":[0.4356694221496582,0.4339345097541809],"screen_center":[0.6212562918663025,0.5965937376022339],"visualized_dimension":-1}]}
{"camera":{"aperture_size":0.0,"autofocus":false,"autofocus_depth":0.0,"autofocus_target":[0.5,0.5,0.5],"fov_axis":1,"matrix":[[0.9205042123794556,0.03631848469376564,-0.38903942704200745,0.12303932011127472],[2.0954757928848267e-09,-0.995670735836029,-0.09295005351305008,0.26977601647377014],[-0.3907308876514435,0.08556077629327774,-0.916519820690155,1.0650557279586792]],"relative_focal_length":[1.0,1.0],"scale":0.14864350855350494,"screen_center":[0.5000522136688232,0.49666839838027954],"zoom":1.0},"frame":7,"views":[{"camera0":[[0.9908276796340942,0.10521439462900162,0.0847892165184021,0.22427809238433838],[0.09269534051418304,-0.9857958555221558,0.1400505006313324,0.30929937958717346],[0.0983206033706665,-0.1309065967798233,-0.9865071177482605,1.3987913131713867]],"camera1":[[0.9908276796340942,0.10521439462900162,0.0847892165184021,0.22427809238433838],[0.09269534051418304,-0.9857958555221558,0.1400505006313324,0.30929937958717346],[0.0983206033706665,-0.1309065967798233,-0.9865071177482605,1.3987913131713867]],"full_resolution":[2064,2272],"relative_focal_length":[0.4356694221496582,0.4339345097541809],"screen_center":[0.3787437081336975,0.5965937376022339],"visualized_dimension":-1},{"camera0":[[0.9908276796340942,0.10521439462900162,0.0847892165184021,0.2332211285829544],[0.09269534051418304,-0.9857958555221558,0.1400505006313324,0.31013602018356323],[0.0983206033706665,-0.1309065967798233,-0.9865071177482605,1.3996787071228027]],"camera1":[[0.9908276796340942,0.10521439462900162,0.0847892165184021,0.2332211285829544],[0.09269534051418304,-0.9857958555221558,0.1400505006313324,0.31013602018356323],[0.0983206033706665,-0.1309065967798233,-0.9865071177482605,1.3996787071228027]],"full_resolution":[2064,2272],"relative_focal_length":[0.4356694221496582,0.4339345097541809],"screen_center":[0.6212562918663025,0.5965937376022339],"visualized_dimension":-1}]}
{"camera":{"aperture_size":0.0,"autofocus":false,"autofocus_depth":0.0,"autofocus_target":[0.5,0.5,0.5],"fov_axis":1,"matrix":[[0.9205042123794556,0.03631848469376564,-0.38903942704200745,0.12303932011127472],[2.0954757928848267e-09,-0.995670735836029,-0.09295005351305008,0.26977601647377014],[-0.3907308876514435,0.08556077629327774,-0.916519820690155,1.0650557279586792]],"relative_focal_length":[1.0,1.0],"scale":0.14864350855350494,"screen_center":[0.5000522136688232,0.49666839838027954],"zoom":1.0},"frame":8,"views":[{"camera0":[[0.9907870292663574,0.10794215649366379,0.0817810595035553,0.2236120104789734],[0.09595058858394623,-0.9856951832771301,0.1385582983493805,0.30930984020233154],[0.09556791186332703,-0.12943509221076965,-0.9869716763496399,1.398533582687378]],"camera1":[[0.9907870292663574,0.10794215649366379,0.0817810595035553,0.2236120104789734],[0.09595058858394623,-0.9856951832771301,0.1385582983493805,0.30930984020233154],[0.09556791186332703,-0.12943509221076965,-0.9869716763496399,1.398533582687378]],"full_resolution":[2064,2272],"relative_focal_length":[0.4356694221496582,0.4339345097541809],"screen_center":[0.3787437081336975,0.5965937376022339],"visualized_dimension":-1},{"camera0":[[0.9907870292663574,0.10794215649366379,0.0817810595035553,0.23255467414855957],[0.09595058858394623,-0.9856951832771301,0.1385582983493805,0.31017589569091797],[0.09556791186332703,-0.12943509221076965,-0.9869716763496399,1.3993961811065674]],"camera1":[[0.9907870292663574,0.10794215649366379,0.0817810595035553,0.23255467414855957],[0.09595058858394623,-0.9856951832771301,0.1385582983493805,0.31017589569091797],[0.09556791186332703,-0.12943509221076965,-0.9869716763496399,1.3993961811065674]],"full_resolution":[2064,2272],"relative_focal_length":[0.4356694221496582,0.4339345097541809],"screen_center":[0.6212562918663025,0.5965937376022339],"visualized_dimension":-1}]}
{"camera":{"aperture_size":0.0,"autofocus":false,"autofocus_depth":0.0,"autofocus_target":[0.5,0.5,0.5],"fov_axis":1,"matrix":[[0.9205042123794556,0.03631848469376564,-0.38903942704200745,0.12303932011127472],[2.0954757928848267e-09,-0.995670735836029,-0.09295005351305008,0.26977601647377014],[-0.3907308876514435,0.08556077629327774,-0.916519820690155,1.0650557279586792]],"relative_focal_length":[1.0,1.0],"scale":0.14864350855350494,"screen_center":[0.5000522136688232,0.49666839838027954],"zoom":1.0},"frame":9,"views":[{"camera0":[[0.9907875061035156,0.11500637978315353,0.07150056958198547,0.22202104330062866],[0.10471831262111664,-0.9854384660720825,0.13395853340625763,0.30911871790885925],[0.08586594462394714,-0.12523728609085083,-0.9884040355682373,1.3979212045669556]],"camera1":[[0.9907875061035156,0.11500637978315353,0.07150056958198547,0.22202104330062866],[0.10471831262111664,-0.9854384660720825,0.13395853340625763,0.30911871790885925],[0.08586594462394714,-0.12523728609085083,-0.9884040355682373,1.3979212045669556]],"full_resolution":[2064,2272],"relative_focal_length":[0.4356694221496582,0.4339345097541809],"screen_center":[0.3787437081336975,0.5965937376022339],"visualized_dimension":-1},{"camera0":[[0.9907875061035156,0.11500637978315353,0.07150056958198547,0.23096373677253723],[0.10471831262111664,-0.9854384660720825,0.13395853340625763,0.310063898563385],[0.08586594462394714,-0.12523728609085083,-0.9884040355682373,1.3986961841583252]],"camera1":[[0.9907875061035156,0.11500637978315353,0.07150056958198547,0.23096373677253723],[0.10471831262111664,-0.9854384660720825,0.13395853340625763,0.310063898563385],[0.08586594462394714,-0.12523728609085083,-0.9884040355682373,1.3986961841583252]],"full_resolution":[2064,2272],"relative_focal_length":[0.4356694221496582,0.4339345097541809],"screen_center":[0.6212562918663025,0.5965937376022339],"visualized_dimension":-1}]}
{"camera":{"aperture_size":0.0,"autofocus":false,"autofocus_depth":0.0,"autofocus_target":[0.5,0.5,0.5],"fov_axis":1,"matrix":[[0.9205042123794556,0.03631848469376564,-0.38903942704200745,0.12303932011127472],[2.0954757928848267e-09,-0.995670735836029,-0.09295005351305008,0.26977601647377014],[-0.3907308876514435,0.08556077629327774,-0.916519820690155,1.0650557279586792]],"relative_focal_length":[1.0,1.0],"scale":0.14864350855350494,"screen_center":[0.5000522136688232,0.49666839838027954],"zoom":1.0},"frame":9,"views":[{"camera0":[[0.9911879301071167,0.11898957192897797,0.05819544196128845,0.2213214933872223],[0.11035218834877014,-0.9848085641860962,0.13406884670257568,0.3090633153915405],[0.07326456904411316,-0.12646567821502686,-0.9892616271972656,1.3976829051971436]],"camera1":[[0.9911879301071167,0.11898957192897797,0.05819544196128845,0.2213214933872223],[0.11035218834877014,-0.9848085641860962,0.13406884670257568,0.3090633153915405],[0.07326456904411316,-0.12646567821502686,-0.9892616271972656,1.3976829051971436]],"full_resolution":[2064,2272],"relative_focal_length":[0.4356694221496582,0.4339345097541809],"screen_center":[0.3787437081336975,0.5965937376022339],"visualized_dimension":-1},{"camera0":[[0.9911879301071167,0.11898957192897797,0.05819544196128845,0.23026776313781738],[0.11035218834877014,-0.9848085641860962,0.13406884670257568,0.3100593090057373],[0.07326456904411316,-0.12646567821502686,-0.9892616271972656,1.3983441591262817]],"camera1":[[0.9911879301071167,0.11898957192897797,0.05819544196128845,0.23026776313781738],[0.11035218834877014,-0.9848085641860962,0.13406884670257568,0.3100593090057373],[0.07326456904411316,-0.12646567821502686,-0.9892616271972656,1.3983441591262817]],"full_resolution":[2064,2272],"relative_focal_length":[0.4356694221496582,0.4339345097541809],"screen_center":[0.6212562918663025,0.5965937376022339],"visualized_dimension":-1}]}
{"camera":{"aperture_size":0.0,"autofocus":false,"autofocus_depth":0.0,"autofocus_target":[0.5,0.5,0.5],"fov_axis":1,"matrix":[[0.9205042123794556,0.03631848469376564,-0.38903942704200745,0.12303932011127472],[2.0954757928848267e-09,-0.995670735836029,-0.09295005351305008,0.26977601647377014],[-0.3907308876514435,0.08556077629327774,-0.916519820690155,1.0650557279586792]],"relative_focal_length":[1.0,1.0],"scale":0.14864350855350494,"screen_center":[0.5000522136688232,0.49666839838027954],"zoom":1.0},"frame":10,"views":[{"camera0":[[0.9918813705444336,0.12418510019779205,0.02735239267349243,0.21991708874702454],[0.1196073591709137,-0.9841524958610535,0.13091224431991577,0.3089757561683655],[0.043176621198654175,-0.12657810747623444,-0.9910165071487427,1.397081971168518]],"camera1":[[0.9918813705444336,0.12418510019779205,0.02735239267349243,0.21991708874702454],[0.1196073591709137,-0.9841524958610535,0.13091224431991577,0.3089757561683655],[0.043176621198654175,-0.12657810747623444,-0.9910165071487427,1.397081971168518]],"full_resolution":[2064,2272],"relative_focal_length":[0.4356694221496582,0.4339345097541809],"screen_center":[0.3787437081336975,0.5965937376022339],"visualized_dimension":-1},{"camera0":[[0.9918813705444336,0.12418510019779205,0.02735239267349243,0.22886963188648224],[0.1196073591709137,-0.9841524958610535,0.13091224431991577,0.31005531549453735],[0.043176621198654175,-0.12657810747623444,-0.9910165071487427,1.3974716663360596]],"camera1":[[0.9918813705444336,0.12418510019779205,0.02735239267349243,0.22886963188648224],[0.1196073591709137,-0.9841524958610535,0.13091224431991577,0.31005531549453735],[0.043176621198654175,-0.12657810747623444,-0.9910165071487427,1.3974716663360596]],"full_resolution":[2064,2272],"relative_focal_length":[0.4356694221496582,0.4339345097541809],"screen_center":[0.6212562918663025,0.5965937376022339],"visualized_dimension":-1}]}
{"camera":{"aperture_size":0.0,"autofocus":false,"autofocus_depth":0.0,"autofocus_target":[0.5,0.5,0.5],"fov_axis":1,"matrix":[[0.9205042123794556,0.03631848469376564,-0.38903942704200745,0.12303932011127472],[2.0954757928848267e-09,-0.995670735836029,-0.09295005351305008,0.26977601647377014],[-0.3907308876514435,0.08556077629327774,-0.916519820690155,1.0650557279586792]],"relative_focal_length":[1.0,1.0],"scale":0.14864350855350494,"screen_center":[0.5000522136688232,0.49666839838027954],"zoom":1.0},"frame":11,"views":[{"camera0":[[0.9933393001556396,0.11505956947803497,-0.0060891807079315186,0.2192995697259903],[0.11490362137556076,-0.9853047728538513,0.12637871503829956,0.30892571806907654],[0.008541762828826904,-0.12623685598373413,-0.991963267326355,1.3968335390090942]],"camera1":[[0.9933393001556396,0.11505956947803497,-0.0060891807079315186,0.2192995697259903],[0.11490362137556076,-0.9853047728538513,0.12637871503829956,0.30892571806907654],[0.008541762828826904,-0.12623685598373413,-0.991963267326355,1.3968335390090942]],"full_resolution":[2064,2272],"relative_focal_length":[0.4356694221496582,0.4339345097541809],"screen_center":[0.3787437081336975,0.5965937376022339],"visualized_dimension":-1},{"camera0":[[0.9933393001556396,0.11505956947803497,-0.0060891807079315186,0.22826527059078217],[0.11490362137556076,-0.9853047728538513,0.12637871503829956,0.30996280908584595],[0.008541762828826904,-0.12623685598373413,-0.991963267326355,1.3969106674194336]],"camera1":[[0.9933393001556396,0.11505956947803497,-0.0060891807079315186,0.22826527059078217],[0.11490362137556076,-0.9853047728538513,0.12637871503829956,0.30996280908584595],[0.008541762828826904,-0.12623685598373413,-0.991963267326355,1.3969106674194336]],"full_resolution":[2064,2272],"relative_focal_length":[0.4356694221496582,0.4339345097541809],"screen_center":[0.6212562918663025,0.5965937376022339],"visualized_dimension":-1}]}
{"camera":{"aperture_size":0.0,"autofocus":false,"autofocus_depth":0.0,"autofocus_target":[0.5,0.5,0.5],"fov_axis":1,"matrix":[[0.9205042123794556,0.03631848469376564,-0.38903942704200745,0.12303932011127472],[2.0954757928848267e-09,-0.995670735836029,-0.09295005351305008,0.26977601647377014],[-0.3907308876514435,0.08556077629327774,-0.916519820690155,1.0650557279586792]],"relative_focal_length":[1.0,1.0],"scale":0.14864350855350494,"screen_center":[0.5000522136688232,0.49666839838027954],"zoom":1.0},"frame":11,"views":[{"camera0":[[0.992243230342865,0.1047971248626709,-0.06685489416122437,0.21793007850646973],[0.11248213052749634,-0.9858824610710144,0.12402985990047455,0.30884402990341187],[-0.052912771701812744,-0.13058802485466003,-0.9900236129760742,1.3963384628295898]],"camera1":[[0.992243230342865,0.1047971248626709,-0.06685489416122437,0.21793007850646973],[0.11248213052749634,-0.9858824610710144,0.12402985990047455,0.30884402990341187],[-0.052912771701812744,-0.13058802485466003,-0.9900236129760742,1.3963384628295898]],"full_resolution":[2064,2272],"relative_focal_length":[0.4356694221496582,0.4339345097541809],"screen_center":[0.3787437081336975,0.5965937376022339],"visualized_dimension":-1},{"camera0":[[0.992243230342865,0.1047971248626709,-0.06685489416122437,0.22688591480255127],[0.11248213052749634,-0.9858824610710144,0.12402985990047455,0.3098592758178711],[-0.052912771701812744,-0.13058802485466003,-0.9900236129760742,1.3958609104156494]],"camera1":[[0.992243230342865,0.1047971248626709,-0.06685489416122437,0.22688591480255127],[0.11248213052749634,-0.9858824610710144,0.12402985990047455,0.3098592758178711],[-0.052912771701812744,-0.13058802485466003,-0.9900236129760742,1.3958609104156494]],"full_resolution":[2064,2272],"relative_focal_length":[0.4356694221496582,0.4339345097541809],"screen_center":[0.6212562918663025,0.5965937376022339],"visualized_dimension":-1}]}
{"camera":{"aperture_size":0.0,"autofocus":false,"autofocus_depth":0.0,"autofocus_target":[0.5,0.5,0.5],"fov_axis":1,"matrix":[[0.9205042123794556,0.03631848469376564,-0.38903942704200745,0.12303932011127472],[2.0954757928848267e-09,-0.995670735836029,-0.09295005351305008,0.26977601647377014],[-0.3907308876514435,0.08556077629327774,-0.916519820690155,1.0650557279586792]],"relative_focal_length":[1.0,1.0],"scale":0.14864350855350494,"screen_center":[0.5000522136688232,0.49666839838027954],"zoom":1.0},"frame":12,"views":[{"camera0":[[0.9875563979148865,0.08788783848285675,-0.13040989637374878,0.21719641983509064],[0.10441327095031738,-0.9865422248840332,0.12582597136497498,0.30860036611557007],[-0.11759597063064575,-0.13787700235843658,-0.9834433794021606,1.3963208198547363]],"camera1":[[0.9875563979148865,0.08788783848285675,-0.13040989637374878,0.21719641983509064],[0.10441327095031738,-0.9865422248840332,0.12582597136497498,0.30860036611557007],[-0.11759597063064575,-0.13787700235843658,-0.9834433794021606,1.3963208198547363]],"full_resolution":[2064,2272],"relative_focal_length":[0.4356694221496582,0.4339345097541809],"screen_center":[0.3787437081336975,0.5965937376022339],"visualized_dimension":-1},{"camera0":[[0.9875563979148865,0.08788783848285675,-0.13040989637374878,0.22610995173454285],[0.10441327095031738,-0.9865422248840332,0.12582597136497498,0.30954277515411377],[-0.11759597063064575,-0.13787700235843658,-0.9834433794021606,1.3952594995498657]],"camera1":[[0.9875563979148865,0.08788783848285675,-0.13040989637374878,0.22610995173454285],[0.10441327095031738,-0.9865422248840332,0.12582597136497498,0.30954277515411377],[-0.11759597063064575,-0.13787700235843658,-0.9834433794021606,1.3952594995498657]],"full_resolution":[2064,2272],"relative_focal_length":[0.4356694221496582,0.4339345097541809],"screen_center":[0.6212562918663025,0.5965937376022339],"visualized_dimension":-1}]}
{"camera":{"aperture_size":0.0,"autofocus":false,"autofocus_depth":0.0,"autofocus_target":[0.5,0.5,0.5],"fov_axis":1,"matrix":[[0.9205042123794556,0.03631848469376564,-0.38903942704200745,0.12303932011127472],[2.0954757928848267e-09,-0.995670735836029,-0.09295005351305008,0.26977601647377014],[-0.3907308876514435,0.08556077629327774,-0.916519820690155,1.0650557279586792]],"relative_focal_length":[1.0,1.0],"scale":0.14864350855350494,"screen_center":[0.5000522136688232,0.49666839838027954],"zoom":1.0},"frame":12,"views":[{"camera0":[[0.9698655009269714,0.06463468074798584,-0.23490823805332184,0.21565786004066467],[0.09665482491254807,-0.9871238470077515,0.1274530291557312,0.30847233533859253],[-0.2236453890800476,-0.14631758630275726,-0.9636253118515015,1.3961679935455322]],"camera1":[[0.9698655009269714,0.06463468074798584,-0.23490823805332184,0.21565786004066467],[0.09665482491254807,-0.9871238470077515,0.1274530291557312,0.30847233533859253],[-0.2236453890800476,-0.14631758630275726,-0.9636253118515015,1.3961679935455322]],"full_resolution":[2064,2272],"relative_focal_length":[0.4356694221496582,0.4339345097541809],"screen_center":[0.3787437081336975,0.5965937376022339],"visualized_dimension":-1},{"camera0":[[0.9698655009269714,0.06463468074798584,-0.23490823805332184,0.22441169619560242],[0.09665482491254807,-0.9871238470077515,0.1274530291557312,0.30934473872184753],[-0.2236453890800476,-0.14631758630275726,-0.9636253118515015,1.3941493034362793]],"camera1":[[0.9698655009269714,0.06463468074798584,-0.23490823805332184,0.22441169619560242],[0.09665482491254807,-0.9871238470077515,0.1274530291557312,0.30934473872184753],[-0.2236453890800476,-0.14631758630275726,-0.9636253118515015,1.3941493034362793]],"full_resolution":[2064,2272],"relative_focal_length":[0.4356694221496582,0.4339345097541809],"screen_center":[0.6212562918663025,0.5965937376022339],"visualized_dimension":-1}]}
{"camera":{"aperture_size":0.0,"autofocus":false,"autofocus_depth":0.0,"autofocus_target":[0.5,0.5,0.5],"fov_axis":1,"matrix":[[0.9205042123794556,0.03631848469376564,-0.38903942704200745,0.12303932011127472],[2.0954757928848267e-09,-0.995670735836029,-0.09295005351305008,0.26977601647377014],[-0.3907308876514435,0.08556077629327774,-0.916519820690155,1.0650557279586792]],"relative_focal_length":[1.0,1.0],"scale":0.14864350855350494,"screen_center":[0.5000522136688232,0.49666839838027954],"zoom":1.0},"frame":13,"views":[{"camera0":[[0.9522442817687988,0.041288457810878754,-0.3025307357311249,0.21560201048851013],[0.08271503448486328,-0.9886488318443298,0.125425785779953,0.30830928683280945],[-0.29391783475875854,-0.14446009695529938,-0.9448509812355042,1.3963215351104736]],"camera1":[[0.9522442817687988,0.041288457810878754,-0.3025307357311249,0.21560201048851013],[0.08271503448486328,-0.9886488318443298,0.125425785779953,0.30830928683280945],[-0.29391783475875854,-0.14446009695529938,-0.9448509812355042,1.3963215351104736]],"full_resolution":[2064,2272],"relative_focal_length":[0.4356694221496582,0.4339345097541809],"screen_center":[0.3787437081336975,0.5965937376022339],"visualized_dimension":-1},{"camera0":[[0.9522442817687988,0.041288457810878754,-0.3025307357311249,0.22419680655002594],[0.08271503448486328,-0.9886488318443298,0.125425785779953,0.3090558648109436],[-0.29391783475875854,-0.14446009695529938,-0.9448509812355042,1.3936686515808105]],"camera1":[[0.9522442817687988,0.041288457810878754,-0.3025307357311249,0.22419680655002594],[0.08271503448486328,-0.9886488318443298,0.125425785779953,0.3090558648109436],[-0.29391783475875854,-0.14446009695529938,-0.9448509812355042,1.3936686515808105]],"full_resolution":[2064,2272],"relative_focal_length":[0.4356694221496582,0.4339345097541809],"screen_center":[0.6212562918663025,0.5965937376022339],"visualized_dimension":-1}]}
{"camera":{"aperture_size":0.0,"autofocus":false,"autofocus_depth":0.0,"autofocus_target":[0.5,0.5,0.5],"fov_axis":1,"matrix":[[0.9205042123794556,0.03631848469376564,-0.38903942704200745,0.12303932011127472],[2.0954757928848267e-09,-0.995670735836029,-0.09295005351305008,0.26977601647377014],[-0.3907308876514435,0.08556077629327774,-0.916519820690155,1.0650557279586792]],"relative_focal_length":[1.0,1.0],"scale":0.14864350855350494,"screen_center":[0.5000522136688232,0.49666839838027954],"zoom":1.0},"frame":13,"views":[{"camera0":[[0.9236841797828674,0.01983129233121872,-0.38263946771621704,0.21540728211402893],[0.07275047153234482,-0.989570140838623,0.12433118373155594,0.3081410825252533],[-0.37618282437324524,-0.14268024265766144,-0.9154937267303467,1.395941972732544]],"camera1":[[0.9236841797828674,0.01983129233121872,-0.38263946771621704,0.21540728211402893],[0.07275047153234482,-0.989570140838623,0.12433118373155594,0.3081410825252533],[-0.37618282437324524,-0.14268024265766144,-0.9154937267303467,1.395941972732544]],"full_resolution":[2064,2272],"relative_focal_length":[0.4356694221496582,0.4339345097541809],"screen_center":[0.3787437081336975,0.5965937376022339],"visualized_dimension":-1},{"camera0":[[0.9236841797828674,0.01983129233121872,-0.38263946771621704,0.22374430298805237],[0.07275047153234482,-0.989570140838623,0.12433118373155594,0.3087977170944214],[-0.37618282437324524,-0.14268024265766144,-0.9154937267303467,1.3925466537475586]],"camera1":[[0.9236841797828674,0.01983129233121872,-0.38263946771621704,0.22374430298805237],[0.07275047153234482,-0.989570140838623,0.12433118373155594,0.3087977170944214],[-0.37618282437324524,-0.14268024265766144,-0.9154937267303467,1.3925466537475586]],"full_resolution":[2064,2272],"relative_focal_length":[0.4356694221496582,0.4339345097541809],"screen_center":[0.6212562918663025,0.5965937376022339],"visualized_dimension":-1}]}
