{"camera":{"aperture_size":0.0,"autofocus":false,"autofocus_depth":0.0,"autofocus_target":[0.5,0.5,0.5],"fov_axis":1,"matrix":[[0.9205042123794556,0.03631848469376564,-0.38903942704200745,0.09987065196037292],[2.0954757928848267e-09,-0.995670735836029,-0.09295005351305008,0.2972431480884552],[-0.3907308876514435,0.08556077629327774,-0.916519820690155,0.978329598903656]],"relative_focal_length":[1.0,1.0],"scale":0.14864350855350494,"screen_center":[0.5000522136688232,0.49666839838027954],"zoom":1.0},"frame":1,"views":[{"camera0":[[0.9253570437431335,0.17097729444503784,0.33834880590438843,0.1532035768032074],[0.07249131798744202,-0.9558533430099487,0.28476181626319885,0.3265431821346283],[0.37210026383399963,-0.2389792501926422,-0.8969002962112427,1.1518330574035645]],"camera1":[[0.9253570437431335,0.17097729444503784,0.33834880590438843,0.1532035768032074],[0.07249131798744202,-0.9558533430099487,0.28476181626319885,0.3265431821346283],[0.37210026383399963,-0.2389792501926422,-0.8969002962112427,1.1518330574035645]],"full_resolution":[2064,2272],"relative_focal_length":[0.4356694221496582,0.4339345097541809],"screen_center":[0.3787437081336975,0.5965937376022339],"visualized_dimension":-1},{"camera0":[[0.9253570437431335,0.17097729444503784,0.33834880590438843,0.161555677652359],[0.07249131798744202,-0.9558533430099487,0.28476181626319885,0.32719749212265015],[0.37210026383399963,-0.2389792501926422,-0.8969002962112427,1.1551915407180786]],"camera1":[[0.9253570437431335,0.17097729444503784,0.33834880590438843,0.161555677652359],[0.07249131798744202,-0.9558533430099487,0.28476181626319885,0.32719749212265015],[0.37210026383399963,-0.2389792501926422,-0.8969002962112427,1.1551915407180786]],"full_resolution":[2064,2272],"relative_focal_length":[0.4356694221496582,0.4339345097541809],"screen_center":[0.6212562918663025,0.5965937376022339],"visualized_dimension":-1}]}
{"camera":{"aperture_size":0.0,"autofocus":false,"autofocus_depth":0.0,"autofocus_target":[0.5,0.5,0.5],"fov_axis":1,"matrix":[[0.9205042123794556,0.03631848469376564,-0.38903942704200745,0.09964047372341156],[2.0954757928848267e-09,-0.995670735836029,-0.09295005351305008,0.2968885004520416],[-0.3907308876514435,0.08556077629327774,-0.916519820690155,0.9810601472854614]],"relative_focal_length":[1.0,1.0],"scale":0.14864350855350494,"screen_center":[0.5000522136688232,0.49666839838027954],"zoom":1.0},"frame":2,"views":[{"camera0":[[0.9242473840713501,0.17128634452819824,0.34121328592300415,0.15233653783798218],[0.07183963060379028,-0.9557726383209229,0.2851976156234741,0.3247269093990326],[0.37497326731681824,-0.2390807569026947,-0.895675778388977,1.15746009349823]],"camera1":[[0.9242473840713501,0.17128634452819824,0.34121328592300415,0.15233653783798218],[0.07183963060379028,-0.9557726383209229,0.2851976156234741,0.3247269093990326],[0.37497326731681824,-0.2390807569026947,-0.895675778388977,1.15746009349823]],"full_resolution":[2064,2272],"relative_focal_length":[0.4356694221496582,0.4339345097541809],"screen_center":[0.3787437081336975,0.5965937376022339],"visualized_dimension":-1},{"camera0":[[0.9242473840713501,0.17128634452819824,0.34121328592300415,0.16067862510681152],[0.07183963060379028,-0.9557726383209229,0.2851976156234741,0.3253753185272217],[0.37497326731681824,-0.2390807569026947,-0.895675778388977,1.1608445644378662]],"camera1":[[0.9242473840713501,0.17128634452819824,0.34121328592300415,0.16067862510681152],[0.07183963060379028,-0.9557726383209229,0.2851976156234741,0.3253753185272217],[0.37497326731681824,-0.2390807569026947,-0.895675778388977,1.1608445644378662]],"full_resolution":[2064,2272],"relative_focal_length":[0.4356694221496582,0.4339345097541809],"screen_center":[0.6212562918663025,0.5965937376022339],"visualized_dimension":-1}]}
{"camera":{"aperture_size":0.0,"autofocus":false,"autofocus_depth":0.0,"autofocus_target":[0.5,0.5,0.5],"fov_axis":1,"matrix":[[0.9205042123794556,0.03631848469376564,-0.38903942704200745,0.09857039153575897],[2.0954757928848267e-09,-0.995670735836029,-0.09295005351305008,0.29665449261665344],[-0.3907308876514435,0.08556077629327774,-0.916519820690155,0.9861624836921692]],"relative_focal_length":[1.0,1.0],"scale":0.14864350855350494,"screen_center":[0.5000522136688232,0.49666839838027954],"zoom":1.0},"frame":3,"views":[{"camera0":[[0.9228881001472473,0.16307495534420013,0.3488307297229767,0.15300920605659485],[0.06720779091119766,-0.9602079391479492,0.2710787355899811,0.32443320751190186],[0.3791567087173462,-0.22673146426677704,-0.8971247673034668,1.1624222993850708]],"camera1":[[0.9228881001472473,0.16307495534420013,0.3488307297229767,0.15300920605659485],[0.06720779091119766,-0.9602079391479492,0.2710787355899811,0.32443320751190186],[0.3791567087173462,-0.22673146426677704,-0.8971247673034668,1.1624222993850708]],"full_resolution":[2064,2272],"relative_focal_length":[0.4356694221496582,0.4339345097541809],"screen_center":[0.3787437081336975,0.5965937376022339],"visualized_dimension":-1},{"camera0":[[0.9228881001472473,0.16307495534420013,0.3488307297229767,0.16133902966976166],[0.06720779091119766,-0.9602079391479492,0.2710787355899811,0.325039803981781],[0.3791567087173462,-0.22673146426677704,-0.8971247673034668,1.1658445596694946]],"camera1":[[0.9228881001472473,0.16307495534420013,0.3488307297229767,0.16133902966976166],[0.06720779091119766,-0.9602079391479492,0.2710787355899811,0.325039803981781],[0.3791567087173462,-0.22673146426677704,-0.8971247673034668,1.1658445596694946]],"full_resolution":[2064,2272],"relative_focal_length":[0.4356694221496582,0.4339345097541809],"screen_center":[0.6212562918663025,0.5965937376022339],"visualized_dimension":-1}]}
{"camera":{"aperture_size":0.0,"autofocus":false,"autofocus_depth":0.0,"autofocus_target":[0.5,0.5,0.5],"fov_axis":1,"matrix":[[0.9205042123794556,0.03631848469376564,-0.38903942704200745,0.09780925512313843],[2.0954757928848267e-09,-0.995670735836029,-0.09295005351305008,0.2964555621147156],[-0.3907308876514435,0.08556077629327774,-0.916519820690155,0.9899230599403381]],"relative_focal_length":[1.0,1.0],"scale":0.14864350855350494,"screen_center":[0.5000522136688232,0.49666839838027954],"zoom":1.0},"frame":4,"views":[{"camera0":[[0.922737717628479,0.1520644724369049,0.3541613519191742,0.15308839082717896],[0.06173291057348251,-0.9653273224830627,0.25363773107528687,0.32436713576316833],[0.3804515302181244,-0.21217799186706543,-0.9001316428184509,1.1706552505493164]],"camera1":[[0.922737717628479,0.1520644724369049,0.3541613519191742,0.15308839082717896],[0.06173291057348251,-0.9653273224830627,0.25363773107528687,0.32436713576316833],[0.3804515302181244,-0.21217799186706543,-0.9001316428184509,1.1706552505493164]],"full_resolution":[2064,2272],"relative_focal_length":[0.4356694221496582,0.4339345097541809],"screen_center":[0.3787437081336975,0.5965937376022339],"visualized_dimension":-1},{"camera0":[[0.922737717628479,0.1520644724369049,0.3541613519191742,0.16141685843467712],[0.06173291057348251,-0.9653273224830627,0.25363773107528687,0.3249243199825287],[0.3804515302181244,-0.21217799186706543,-0.9001316428184509,1.1740891933441162]],"camera1":[[0.922737717628479,0.1520644724369049,0.3541613519191742,0.16141685843467712],[0.06173291057348251,-0.9653273224830627,0.25363773107528687,0.3249243199825287],[0.3804515302181244,-0.21217799186706543,-0.9001316428184509,1.1740891933441162]],"full_resolution":[2064,2272],"relative_focal_length":[0.4356694221496582,0.4339345097541809],"screen_center":[0.6212562918663025,0.5965937376022339],"visualized_dimension":-1}]}
{"camera":{"aperture_size":0.0,"autofocus":false,"autofocus_depth":0.0,"autofocus_target":[0.5,0.5,0.5],"fov_axis":1,"matrix":[[0.9205042123794556,0.03631848469376564,-0.38903942704200745,0.09724792838096619],[2.0954757928848267e-09,-0.995670735836029,-0.09295005351305008,0.2972108721733093],[-0.3907308876514435,0.08556077629327774,-0.916519820690155,0.9889020919799805]],"relative_focal_length":[1.0,1.0],"scale":0.14864350855350494,"screen_center":[0.5000522136688232,0.49666839838027954],"zoom":1.0},"frame":4,"views":[{"camera0":[[0.924705982208252,0.14232712984085083,0.3530731201171875,0.1530015468597412],[0.04920794069766998,-0.964387059211731,0.25987708568573,0.3244297206401825],[0.3774872124195099,-0.22293619811534882,-0.8987785577774048,1.176142930984497]],"camera1":[[0.924705982208252,0.14232712984085083,0.3530731201171875,0.1530015468597412],[0.04920794069766998,-0.964387059211731,0.25987708568573,0.3244297206401825],[0.3774872124195099,-0.22293619811534882,-0.8987785577774048,1.176142930984497]],"full_resolution":[2064,2272],"relative_focal_length":[0.4356694221496582,0.4339345097541809],"screen_center":[0.3787437081336975,0.5965937376022339],"visualized_dimension":-1},{"camera0":[[0.924705982208252,0.14232712984085083,0.3530731201171875,0.16134777665138245],[0.04920794069766998,-0.964387059211731,0.25987708568573,0.3248738646507263],[0.3774872124195099,-0.22293619811534882,-0.8987785577774048,1.179550051689148]],"camera1":[[0.924705982208252,0.14232712984085083,0.3530731201171875,0.16134777665138245],[0.04920794069766998,-0.964387059211731,0.25987708568573,0.3248738646507263],[0.3774872124195099,-0.22293619811534882,-0.8987785577774048,1.179550051689148]],"full_resolution":[2064,2272],"relative_focal_length":[0.4356694221496582,0.4339345097541809],"screen_center":[0.6212562918663025,0.5965937376022339],"visualized_dimension":-1}]}
{"camera":{"aperture_size":0.0,"autofocus":false,"autofocus_depth":0.0,"autofocus_target":[0.5,0.5,0.5],"fov_axis":1,"matrix":[[0.9205042123794556,0.03631848469376564,-0.38903942704200745,0.09656613320112228],[2.0954757928848267e-09,-0.995670735836029,-0.09295005351305008,0.29741668701171875],[-0.3907308876514435,0.08556077629327774,-0.916519820690155,0.9862083196640015]],"relative_focal_length":[1.0,1.0],"scale":0.14864350855350494,"screen_center":[0.5000522136688232,0.49666839838027954],"zoom":1.0},"frame":5,"views":[{"camera0":[[0.9237505197525024,0.13217630982398987,0.35946226119995117,0.15296728909015656],[0.03859295696020126,-0.965907871723175,0.2559930980205536,0.3251490294933319],[0.3810441792011261,-0.22260132431983948,-0.8973593711853027,1.176721215248108]],"camera1":[[0.9237505197525024,0.13217630982398987,0.35946226119995117,0.15296728909015656],[0.03859295696020126,-0.965907871723175,0.2559930980205536,0.3251490294933319],[0.3810441792011261,-0.22260132431983948,-0.8973593711853027,1.176721215248108]],"full_resolution":[2064,2272],"relative_focal_length":[0.4356694221496582,0.4339345097541809],"screen_center":[0.3787437081336975,0.5965937376022339],"visualized_dimension":-1},{"camera0":[[0.9237505197525024,0.13217630982398987,0.35946226119995117,0.16130490601062775],[0.03859295696020126,-0.965907871723175,0.2559930980205536,0.3254973590373993],[0.3810441792011261,-0.22260132431983948,-0.8973593711853027,1.180160403251648]],"camera1":[[0.9237505197525024,0.13217630982398987,0.35946226119995117,0.16130490601062775],[0.03859295696020126,-0.965907871723175,0.2559930980205536,0.3254973590373993],[0.3810441792011261,-0.22260132431983948,-0.8973593711853027,1.180160403251648]],"full_resolution":[2064,2272],"relative_focal_length":[0.4356694221496582,0.4339345097541809],"screen_center":[0.6212562918663025,0.5965937376022339],"visualized_dimension":-1}]}
{"camera":{"aperture_size":0.0,"autofocus":false,"autofocus_depth":0.0,"autofocus_target":[0.5,0.5,0.5],"fov_axis":1,"matrix":[[0.9205042123794556,0.03631848469376564,-0.38903942704200745,0.09565985947847366],[2.0954757928848267e-09,-0.995670735836029,-0.09295005351305008,0.2972773015499115],[-0.3907308876514435,0.08556077629327774,-0.916519820690155,0.9828092455863953]],"relative_focal_length":[1.0,1.0],"scale":0.14864350855350494,"screen_center":[0.5000522136688232,0.49666839838027954],"zoom":1.0},"frame":6,"views":[{"camera0":[[0.9198485612869263,0.12417003512382507,0.3721008896827698,0.15282189846038818],[0.03145650401711464,-0.9688730835914612,0.24555104970932007,0.3254599869251251],[0.3910091817378998,-0.21416506171226501,-0.8951228857040405,1.175438404083252]],"camera1":[[0.9198485612869263,0.12417003512382507,0.3721008896827698,0.15282189846038818],[0.03145650401711464,-0.9688730835914612,0.24555104970932007,0.3254599869251251],[0.3910091817378998,-0.21416506171226501,-0.8951228857040405,1.175438404083252]],"full_resolution":[2064,2272],"relative_focal_length":[0.4356694221496582,0.4339345097541809],"screen_center":[0.3787437081336975,0.5965937376022339],"visualized_dimension":-1},{"camera0":[[0.9198485612869263,0.12417003512382507,0.3721008896827698,0.16112428903579712],[0.03145650401711464,-0.9688730835914612,0.24555104970932007,0.3257438838481903],[0.3910091817378998,-0.21416506171226501,-0.8951228857040405,1.1789675951004028]],"camera1":[[0.9198485612869263,0.12417003512382507,0.3721008896827698,0.16112428903579712],[0.03145650401711464,-0.9688730835914612,0.24555104970932007,0.3257438838481903],[0.3910091817378998,-0.21416506171226501,-0.8951228857040405,1.1789675951004028]],"full_resolution":[2064,2272],"relative_focal_length":[0.4356694221496582,0.4339345097541809],"screen_center":[0.6212562918663025,0.5965937376022339],"visualized_dimension":-1}]}
{"camera":{"aperture_size":0.0,"autofocus":false,"autofocus_depth":0.0,"autofocus_target":[0.5,0.5,0.5],"fov_axis":1,"matrix":[[0.9205042123794556,0.03631848469376564,-0.38903942704200745,0.09504587203264236],[2.0954757928848267e-09,-0.995670735836029,-0.09295005351305008,0.2972753643989563],[-0.3907308876514435,0.08556077629327774,-0.916519820690155,0.978135347366333]],"relative_focal_length":[1.0,1.0],"scale":0.14864350855350494,"screen_center":[0.5000522136688232,0.49666839838027954],"zoom":1.0},"frame":6,"views":[{"camera0":[[0.9137687683105469,0.12276379764080048,0.3872396945953369,0.15245309472084045],[0.030029382556676865,-0.9710491895675659,0.23698455095291138,0.32536357641220093],[0.4051224887371063,-0.20492079854011536,-0.8910012245178223,1.1732990741729736]],"camera1":[[0.9137687683105469,0.12276379764080048,0.3872396945953369,0.15245309472084045],[0.030029382556676865,-0.9710491895675659,0.23698455095291138,0.32536357641220093],[0.4051224887371063,-0.20492079854011536,-0.8910012245178223,1.1732990741729736]],"full_resolution":[2064,2272],"relative_focal_length":[0.4356694221496582,0.4339345097541809],"screen_center":[0.3787437081336975,0.5965937376022339],"visualized_dimension":-1},{"camera0":[[0.9137687683105469,0.12276379764080048,0.3872396945953369,0.16070060431957245],[0.030029382556676865,-0.9710491895675659,0.23698455095291138,0.325634628534317],[0.4051224887371063,-0.20492079854011536,-0.8910012245178223,1.1769556999206543]],"camera1":[[0.9137687683105469,0.12276379764080048,0.3872396945953369,0.16070060431957245],[0.030029382556676865,-0.9710491895675659,0.23698455095291138,0.325634628534317],[0.4051224887371063,-0.20492079854011536,-0.8910012245178223,1.1769556999206543]],"full_resolution":[2064,2272],"relative_focal_length":[0.4356694221496582,0.4339345097541809],"screen_center":[0.6212562918663025,0.5965937376022339],"visualized_dimension":-1}]}
{"camera":{"aperture_size":0.0,"autofocus":false,"autofocus_depth":0.0,"autofocus_target":[0.5,0.5,0.5],"fov_axis":1,"matrix":[[0.9205042123794556,0.03631848469376564,-0.38903942704200745,0.09504587203264236],[2.0954757928848267e-09,-0.995670735836029,-0.09295005351305008,0.2972753643989563],[-0.3907308876514435,0.08556077629327774,-0.916519820690155,0.978135347366333]],"relative_focal_length":[1.0,1.0],"scale":0.14864350855350494,"screen_center":[0.5000522136688232,0.49666839838027954],"zoom":1.0},"frame":7,"views":[{"camera0":[[0.9048052430152893,0.12631824612617493,0.4066568911075592,0.1525651067495346],[0.030043717473745346,-0.9715452790260315,0.23494043946266174,0.32527801394462585],[0.42476344108581543,-0.20035815238952637,-0.8828547596931458,1.169809341430664]],"camera1":[[0.9048052430152893,0.12631824612617493,0.4066568911075592,0.1525651067495346],[0.030043717473745346,-0.9715452790260315,0.23494043946266174,0.32527801394462585],[0.42476344108581543,-0.20035815238952637,-0.8828547596931458,1.169809341430664]],"full_resolution":[2064,2272],"relative_focal_length":[0.4356694221496582,0.4339345097541809],"screen_center":[0.3787437081336975,0.5965937376022339],"visualized_dimension":-1},{"camera0":[[0.9048052430152893,0.12631824612617493,0.4066568911075592,0.1607317328453064],[0.030043717473745346,-0.9715452790260315,0.23494043946266174,0.3255491852760315],[0.42476344108581543,-0.20035815238952637,-0.8828547596931458,1.1736432313919067]],"camera1":[[0.9048052430152893,0.12631824612617493,0.4066568911075592,0.1607317328453064],[0.030043717473745346,-0.9715452790260315,0.23494043946266174,0.3255491852760315],[0.42476344108581543,-0.20035815238952637,-0.8828547596931458,1.1736432313919067]],"full_resolution":[2064,2272],"relative_focal_length":[0.4356694221496582,0.4339345097541809],"screen_center":[0.6212562918663025,0.5965937376022339],"visualized_dimension":-1}]}
{"camera":{"aperture_size":0.0,"autofocus":false,"autofocus_depth":0.0,"autofocus_target":[0.5,0.5,0.5],"fov_axis":1,"matrix":[[0.9205042123794556,0.03631848469376564,-0.38903942704200745,0.09504587203264236],[2.0954757928848267e-09,-0.995670735836029,-0.09295005351305008,0.2972753643989563],[-0.3907308876514435,0.08556077629327774,-0.916519820690155,0.978135347366333]],"relative_focal_length":[1.0,1.0],"scale":0.14864350855350494,"screen_center":[0.5000522136688232,0.49666839838027954],"zoom":1.0},"frame":8,"views":[{"camera0":[[0.8925173282623291,0.12357266992330551,0.4337526559829712,0.15343144536018372],[0.026127465069293976,-0.9742838144302368,0.22380411624908447,0.3252055048942566],[0.4502548575401306,-0.18841645121574402,-0.8727941513061523,1.1709116697311401]],"camera1":[[0.8925173282623291,0.12357266992330551,0.4337526559829712,0.15343144536018372],[0.026127465069293976,-0.9742838144302368,0.22380411624908447,0.3252055048942566],[0.4502548575401306,-0.18841645121574402,-0.8727941513061523,1.1709116697311401]],"full_resolution":[2064,2272],"relative_focal_length":[0.4356694221496582,0.4339345097541809],"screen_center":[0.3787437081336975,0.5965937376022339],"visualized_dimension":-1},{"camera0":[[0.8925173282623291,0.12357266992330551,0.4337526559829712,0.1614871472120285],[0.026127465069293976,-0.9742838144302368,0.22380411624908447,0.3254413306713104],[0.4502548575401306,-0.18841645121574402,-0.8727941513061523,1.1749756336212158]],"camera1":[[0.8925173282623291,0.12357266992330551,0.4337526559829712,0.1614871472120285],[0.026127465069293976,-0.9742838144302368,0.22380411624908447,0.3254413306713104],[0.4502548575401306,-0.18841645121574402,-0.8727941513061523,1.1749756336212158]],"full_resolution":[2064,2272],"relative_focal_length":[0.4356694221496582,0.4339345097541809],"screen_center":[0.6212562918663025,0.5965937376022339],"visualized_dimension":-1}]}
{"camera":{"aperture_size":0.0,"autofocus":false,"autofocus_depth":0.0,"autofocus_target":[0.5,0.5,0.5],"fov_axis":1,"matrix":[[0.9205042123794556,0.03631848469376564,-0.38903942704200745,0.09504587203264236],[2.0954757928848267e-09,-0.995670735836029,-0.09295005351305008,0.2972753643989563],[-0.3907308876514435,0.08556077629327774,-0.916519820690155,0.978135347366333]],"relative_focal_length":[1.0,1.0],"scale":0.14864350855350494,"screen_center":[0.5000522136688232,0.49666839838027954],"zoom":1.0},"frame":9,"views":[{"camera0":[[0.8724803328514099,0.1216820552945137,0.47325512766838074,0.15460942685604095],[0.023649271577596664,-0.9778789281845093,0.20783045887947083,0.3249876797199249],[0.4880760908126831,-0.17013609409332275,-0.8560581207275391,1.1720569133758545]],"camera1":[[0.8724803328514099,0.1216820552945137,0.47325512766838074,0.15460942685604095],[0.023649271577596664,-0.9778789281845093,0.20783045887947083,0.3249876797199249],[0.4880760908126831,-0.17013609409332275,-0.8560581207275391,1.1720569133758545]],"full_resolution":[2064,2272],"relative_focal_length":[0.4356694221496582,0.4339345097541809],"screen_center":[0.3787437081336975,0.5965937376022339],"visualized_dimension":-1},{"camera0":[[0.8724803328514099,0.1216820552945137,0.47325512766838074,0.1624842882156372],[0.023649271577596664,-0.9778789281845093,0.20783045887947083,0.325201153755188],[0.4880760908126831,-0.17013609409332275,-0.8560581207275391,1.176462173461914]],"camera1":[[0.8724803328514099,0.1216820552945137,0.47325512766838074,0.1624842882156372],[0.023649271577596664,-0.9778789281845093,0.20783045887947083,0.325201153755188],[0.4880760908126831,-0.17013609409332275,-0.8560581207275391,1.176462173461914]],"full_resolution":[2064,2272],"relative_focal_length":[0.4356694221496582,0.4339345097541809],"screen_center":[0.6212562918663025,0.5965937376022339],"visualized_dimension":-1}]}
{"camera":{"aperture_size":0.0,"autofocus":false,"autofocus_depth":0.0,"autofocus_target":[0.5,0.5,0.5],"fov_axis":1,"matrix":[[0.9205042123794556,0.03631848469376564,-0.38903942704200745,0.09504587203264236],[2.0954757928848267e-09,-0.995670735836029,-0.09295005351305008,0.2972753643989563],[-0.3907308876514435,0.08556077629327774,-0.916519820690155,0.978135347366333]],"relative_focal_length":[1.0,1.0],"scale":0.14864350855350494,"screen_center":[0.5000522136688232,0.49666839838027954],"zoom":1.0},"frame":10,"views":[{"camera0":[[0.8410993814468384,0.12076276540756226,0.5272257328033447,0.1559622883796692],[0.015838246792554855,-0.9798373579978943,0.1991676688194275,0.32499855756759644],[0.5406481027603149,-0.15916970372200012,-0.8260536193847656,1.1731928586959839]],"camera1":[[0.8410993814468384,0.12076276540756226,0.5272257328033447,0.1559622883796692],[0.015838246792554855,-0.9798373579978943,0.1991676688194275,0.32499855756759644],[0.5406481027603149,-0.15916970372200012,-0.8260536193847656,1.1731928586959839]],"full_resolution":[2064,2272],"relative_focal_length":[0.4356694221496582,0.4339345097541809],"screen_center":[0.3787437081336975,0.5965937376022339],"visualized_dimension":-1},{"camera0":[[0.8410993814468384,0.12076276540756226,0.5272257328033447,0.1635538935661316],[0.015838246792554855,-0.9798373579978943,0.1991676688194275,0.3251415193080902],[0.5406481027603149,-0.15916970372200012,-0.8260536193847656,1.1780725717544556]],"camera1":[[0.8410993814468384,0.12076276540756226,0.5272257328033447,0.1635538935661316],[0.015838246792554855,-0.9798373579978943,0.1991676688194275,0.3251415193080902],[0.5406481027603149,-0.15916970372200012,-0.8260536193847656,1.1780725717544556]],"full_resolution":[2064,2272],"relative_focal_length":[0.4356694221496582,0.4339345097541809],"screen_center":[0.6212562918663025,0.5965937376022339],"visualized_dimension":-1}]}
{"camera":{"aperture_size":0.0,"autofocus":false,"autofocus_depth":0.0,"autofocus_target":[0.5,0.5,0.5],"fov_axis":1,"matrix":[[0.9205042123794556,0.03631848469376564,-0.38903942704200745,0.09504587203264236],[2.0954757928848267e-09,-0.995670735836029,-0.09295005351305008,0.2972753643989563],[-0.3907308876514435,0.08556077629327774,-0.916519820690155,0.978135347366333]],"relative_focal_length":[1.0,1.0],"scale":0.14864350855350494,"screen_center":[0.5000522136688232,0.49666839838027954],"zoom":1.0},"frame":11,"views":[{"camera0":[[0.8017762899398804,0.11590396612882614,0.5862761735916138,0.15735924243927002],[-0.0007622018456459045,-0.9808139204978943,0.1949445605278015,0.3251582086086273],[0.597623348236084,-0.15674903988838196,-0.78630530834198,1.1743735074996948]],"camera1":[[0.8017762899398804,0.11590396612882614,0.5862761735916138,0.15735924243927002],[-0.0007622018456459045,-0.9808139204978943,0.1949445605278015,0.3251582086086273],[0.597623348236084,-0.15674903988838196,-0.78630530834198,1.1743735074996948]],"full_resolution":[2064,2272],"relative_focal_length":[0.4356694221496582,0.4339345097541809],"screen_center":[0.3787437081336975,0.5965937376022339],"visualized_dimension":-1},{"camera0":[[0.8017762899398804,0.11590396612882614,0.5862761735916138,0.16459593176841736],[-0.0007622018456459045,-0.9808139204978943,0.1949445605278015,0.32515132427215576],[0.597623348236084,-0.15674903988838196,-0.78630530834198,1.1797676086425781]],"camera1":[[0.8017762899398804,0.11590396612882614,0.5862761735916138,0.16459593176841736],[-0.0007622018456459045,-0.9808139204978943,0.1949445605278015,0.32515132427215576],[0.597623348236084,-0.15674903988838196,-0.78630530834198,1.1797676086425781]],"full_resolution":[2064,2272],"relative_focal_length":[0.4356694221496582,0.4339345097541809],"screen_center":[0.6212562918663025,0.5965937376022339],"visualized_dimension":-1}]}
{"camera":{"aperture_size":0.0,"autofocus":false,"autofocus_depth":0.0,"autofocus_target":[0.5,0.5,0.5],"fov_axis":1,"matrix":[[0.9205042123794556,0.03631848469376564,-0.38903942704200745,0.09504587203264236],[2.0954757928848267e-09,-0.995670735836029,-0.09295005351305008,0.2972753643989563],[-0.3907308876514435,0.08556077629327774,-0.916519820690155,0.978135347366333]],"relative_focal_length":[1.0,1.0],"scale":0.14864350855350494,"screen_center":[0.5000522136688232,0.49666839838027954],"zoom":1.0},"frame":12,"views":[{"camera0":[[0.7576258778572083,0.1194409504532814,0.6416661739349365,0.15868571400642395],[-0.014914475381374359,-0.979688286781311,0.19997072219848633,0.3253810405731201],[0.6525182723999023,-0.16107335686683655,-0.7404559850692749,1.1753183603286743]],"camera1":[[0.7576258778572083,0.1194409504532814,0.6416661739349365,0.15868571400642395],[-0.014914475381374359,-0.979688286781311,0.19997072219848633,0.3253810405731201],[0.6525182723999023,-0.16107335686683655,-0.7404559850692749,1.1753183603286743]],"full_resolution":[2064,2272],"relative_focal_length":[0.4356694221496582,0.4339345097541809],"screen_center":[0.3787437081336975,0.5965937376022339],"visualized_dimension":-1},{"camera0":[[0.7576258778572083,0.1194409504532814,0.6416661739349365,0.16552391648292542],[-0.014914475381374359,-0.979688286781311,0.19997072219848633,0.3252464234828949],[0.6525182723999023,-0.16107335686683655,-0.7404559850692749,1.1812078952789307]],"camera1":[[0.7576258778572083,0.1194409504532814,0.6416661739349365,0.16552391648292542],[-0.014914475381374359,-0.979688286781311,0.19997072219848633,0.3252464234828949],[0.6525182723999023,-0.16107335686683655,-0.7404559850692749,1.1812078952789307]],"full_resolution":[2064,2272],"relative_focal_length":[0.4356694221496582,0.4339345097541809],"screen_center":[0.6212562918663025,0.5965937376022339],"visualized_dimension":-1}]}
{"camera":{"aperture_size":0.0,"autofocus":false,"autofocus_depth":0.0,"autofocus_target":[0.5,0.5,0.5],"fov_axis":1,"matrix":[[0.9205042123794556,0.03631848469376564,-0.38903942704200745,0.09504587203264236],[2.0954757928848267e-09,-0.995670735836029,-0.09295005351305008,0.2972753643989563],[-0.3907308876514435,0.08556077629327774,-0.916519820690155,0.978135347366333]],"relative_focal_length":[1.0,1.0],"scale":0.14864350855350494,"screen_center":[0.5000522136688232,0.49666839838027954],"zoom":1.0},"frame":13,"views":[{"camera0":[[0.7154663801193237,0.1320117712020874,0.6860607862472534,0.1598898470401764],[-0.0215827077627182,-0.9773409962654114,0.21056760847568512,0.32563960552215576],[0.6983135342597961,-0.16546134650707245,-0.6964055299758911,1.1760528087615967]],"camera1":[[0.7154663801193237,0.1320117712020874,0.6860607862472534,0.1598898470401764],[-0.0215827077627182,-0.9773409962654114,0.21056760847568512,0.32563960552215576],[0.6983135342597961,-0.16546134650707245,-0.6964055299758911,1.1760528087615967]],"full_resolution":[2064,2272],"relative_focal_length":[0.4356694221496582,0.4339345097541809],"screen_center":[0.3787437081336975,0.5965937376022339],"visualized_dimension":-1},{"camera0":[[0.7154663801193237,0.1320117712020874,0.6860607862472534,0.16634753346443176],[-0.0215827077627182,-0.9773409962654114,0.21056760847568512,0.3254447877407074],[0.6983135342597961,-0.16546134650707245,-0.6964055299758911,1.1823556423187256]],"camera1":[[0.7154663801193237,0.1320117712020874,0.6860607862472534,0.16634753346443176],[-0.0215827077627182,-0.9773409962654114,0.21056760847568512,0.3254447877407074],[0.6983135342597961,-0.16546134650707245,-0.6964055299758911,1.1823556423187256]],"full_resolution":[2064,2272],"relative_focal_length":[0.4356694221496582,0.4339345097541809],"screen_center":[0.6212562918663025,0.5965937376022339],"visualized_dimension":-1}]}
{"camera":{"aperture_size":0.0,"autofocus":false,"autofocus_depth":0.0,"autofocus_target":[0.5,0.5,0.5],"fov_axis":1,"matrix":[[0.9205042123794556,0.03631848469376564,-0.38903942704200745,0.09504587203264236],[2.0954757928848267e-09,-0.995670735836029,-0.09295005351305008,0.2972753643989563],[-0.3907308876514435,0.08556077629327774,-0.916519820690155,0.978135347366333]],"relative_focal_length":[1.0,1.0],"scale":0.14864350855350494,"screen_center":[0.5000522136688232,0.49666839838027954],"zoom":1.0},"frame":14,"views":[{"camera0":[[0.6809324026107788,0.13636024296283722,0.7195385098457336,0.16053815186023712],[-0.017785415053367615,-0.9791436195373535,0.20238931477069855,0.3256106674671173],[0.7321300506591797,-0.15061098337173462,-0.664305567741394,1.1766643524169922]],"camera1":[[0.6809324026107788,0.13636024296283722,0.7195385098457336,0.16053815186023712],[-0.017785415053367615,-0.9791436195373535,0.20238931477069855,0.3256106674671173],[0.7321300506591797,-0.15061098337173462,-0.664305567741394,1.1766643524169922]],"full_resolution":[2064,2272],"relative_focal_length":[0.4356694221496582,0.4339345097541809],"screen_center":[0.3787437081336975,0.5965937376022339],"visualized_dimension":-1},{"camera0":[[0.6809324026107788,0.13636024296283722,0.7195385098457336,0.1666841357946396],[-0.017785415053367615,-0.9791436195373535,0.20238931477069855,0.3254501521587372],[0.7321300506591797,-0.15061098337173462,-0.664305567741394,1.183272361755371]],"camera1":[[0.6809324026107788,0.13636024296283722,0.7195385098457336,0.1666841357946396],[-0.017785415053367615,-0.9791436195373535,0.20238931477069855,0.3254501521587372],[0.7321300506591797,-0.15061098337173462,-0.664305567741394,1.183272361755371]],"full_resolution":[2064,2272],"relative_focal_length":[0.4356694221496582,0.4339345097541809],"screen_center":[0.6212562918663025,0.5965937376022339],"visualized_dimension":-1}]}
{"camera":{"aperture_size":0.0,"autofocus":false,"autofocus_depth":0.0,"autofocus_target":[0.5,0.5,0.5],"fov_axis":1,"matrix":[[0.9205042123794556,0.03631848469376564,-0.38903942704200745,0.09504587203264236],[2.0954757928848267e-09,-0.995670735836029,-0.09295005351305008,0.2972753643989563],[-0.3907308876514435,0.08556077629327774,-0.916519820690155,0.978135347366333]],"relative_focal_length":[1.0,1.0],"scale":0.14864350855350494,"screen_center":[0.5000522136688232,0.49666839838027954],"zoom":1.0},"frame":14,"views":[{"camera0":[[0.6394415497779846,0.14167803525924683,0.75567227602005,0.1614416390657425],[-0.020038791000843048,-0.9794695973396301,0.2005934864282608,0.3256731331348419],[0.7685783505439758,-0.1434108167886734,-0.6234745979309082,1.1773487329483032]],"camera1":[[0.6394415497779846,0.14167803525924683,0.75567227602005,0.1614416390657425],[-0.020038791000843048,-0.9794695973396301,0.2005934864282608,0.3256731331348419],[0.7685783505439758,-0.1434108167886734,-0.6234745979309082,1.1773487329483032]],"full_resolution":[2064,2272],"relative_focal_length":[0.4356694221496582,0.4339345097541809],"screen_center":[0.3787437081336975,0.5965937376022339],"visualized_dimension":-1},{"camera0":[[0.6394415497779846,0.14167803525924683,0.75567227602005,0.16721312701702118],[-0.020038791000843048,-0.9794695973396301,0.2005934864282608,0.325492262840271],[0.7685783505439758,-0.1434108167886734,-0.6234745979309082,1.1842857599258423]],"camera1":[[0.6394415497779846,0.14167803525924683,0.75567227602005,0.16721312701702118],[-0.020038791000843048,-0.9794695973396301,0.2005934864282608,0.325492262840271],[0.7685783505439758,-0.1434108167886734,-0.6234745979309082,1.1842857599258423]],"full_resolution":[2064,2272],"relative_focal_length":[0.4356694221496582,0.4339345097541809],"screen_center":[0.6212562918663025,0.5965937376022339],"visualized_dimension":-1}]}
{"camera":{"aperture_size":0.0,"autofocus":false,"autofocus_depth":0.0,"autofocus_target":[0.5,0.5,0.5],"fov_axis":1,"matrix":[[0.9205042123794556,0.03631848469376564,-0.38903942704200745,0.09504587203264236],[2.0954757928848267e-09,-0.995670735836029,-0.09295005351305008,0.2972753643989563],[-0.3907308876514435,0.08556077629327774,-0.916519820690155,0.978135347366333]],"relative_focal_length":[1.0,1.0],"scale":0.14864350855350494,"screen_center":[0.5000522136688232,0.49666839838027954],"zoom":1.0},"frame":14,"views":[{"camera0":[[0.6414990425109863,0.14828413724899292,0.752655029296875,0.16057777404785156],[-0.014869675040245056,-0.9785519242286682,0.20546278357505798,0.32599154114723206],[0.7669795751571655,-0.1429961621761322,-0.6255351901054382,1.1772816181182861]],"camera1":[[0.6414990425109863,0.14828413724899292,0.752655029296875,0.16057777404785156],[-0.014869675040245056,-0.9785519242286682,0.20546278357505798,0.32599154114723206],[0.7669795751571655,-0.1429961621761322,-0.6255351901054382,1.1772816181182861]],"full_resolution":[2064,2272],"relative_focal_length":[0.4356694221496582,0.4339345097541809],"screen_center":[0.3787437081336975,0.5965937376022339],"visualized_dimension":-1},{"camera0":[[0.6414990425109863,0.14828413724899292,0.752655029296875,0.16636782884597778],[-0.014869675040245056,-0.9785519242286682,0.20546278357505798,0.32585734128952026],[0.7669795751571655,-0.1429961621761322,-0.6255351901054382,1.184204339981079]],"camera1":[[0.6414990425109863,0.14828413724899292,0.752655029296875,0.16636782884597778],[-0.014869675040245056,-0.9785519242286682,0.20546278357505798,0.32585734128952026],[0.7669795751571655,-0.1429961621761322,-0.6255351901054382,1.184204339981079]],"full_resolution":[2064,2272],"relative_focal_length":[0.4356694221496582,0.4339345097541809],"screen_center":[0.6212562918663025,0.5965937376022339],"visualized_dimension":-1}]}
{"camera":{"aperture_size":0.0,"autofocus":false,"autofocus_depth":0.0,"autofocus_target":[0.5,0.5,0.5],"fov_axis":1,"matrix":[[0.9205042123794556,0.03631848469376564,-0.38903942704200745,0.09504587203264236],[2.0954757928848267e-09,-0.995670735836029,-0.09295005351305008,0.2972753643989563],[-0.3907308876514435,0.08556077629327774,-0.916519820690155,0.978135347366333]],"relative_focal_length":[1.0,1.0],"scale":0.14864350855350494,"screen_center":[0.5000522136688232,0.49666839838027954],"zoom":1.0},"frame":15,"views":[{"camera0":[[0.6246960759162903,0.1645776778459549,0.7633267641067505,0.16035938262939453],[-0.010418295860290527,-0.9756935834884644,0.21889136731624603,0.3261682987213135],[0.7807983756065369,-0.14469335973262787,-0.607797384262085,1.177146077156067]],"camera1":[[0.6246960759162903,0.1645776778459549,0.7633267641067505,0.16035938262939453],[-0.010418295860290527,-0.9756935834884644,0.21889136731624603,0.3261682987213135],[0.7807983756065369,-0.14469335973262787,-0.607797384262085,1.177146077156067]],"full_resolution":[2064,2272],"relative_focal_length":[0.4356694221496582,0.4339345097541809],"screen_center":[0.3787437081336975,0.5965937376022339],"visualized_dimension":-1},{"camera0":[[0.6246960759162903,0.1645776778459549,0.7633267641067505,0.16599777340888977],[-0.010418295860290527,-0.9756935834884644,0.21889136731624603,0.3260742723941803],[0.7807983756065369,-0.14469335973262787,-0.607797384262085,1.1841933727264404]],"camera1":[[0.6246960759162903,0.1645776778459549,0.7633267641067505,0.16599777340888977],[-0.010418295860290527,-0.9756935834884644,0.21889136731624603,0.3260742723941803],[0.7807983756065369,-0.14469335973262787,-0.607797384262085,1.1841933727264404]],"full_resolution":[2064,2272],"relative_focal_length":[0.4356694221496582,0.4339345097541809],"screen_center":[0.6212562918663025,0.5965937376022339],"visualized_dimension":-1}]}
{"camera":{"aperture_size":0.0,"autofocus":false,"autofocus_depth":0.0,"autofocus_target":[0.5,0.5,0.5],"fov_axis":1,"matrix":[[0.9205042123794556,0.03631848469376564,-0.38903942704200745,0.09524329751729965],[2.0954757928848267e-09,-0.995670735836029,-0.09295005351305008,0.29579851031303406],[-0.3907308876514435,0.08556077629327774,-0.916519820690155,0.9800181984901428]],"relative_focal_length":[1.0,1.0],"scale":0.14864350855350494,"screen_center":[0.5000522136688232,0.49666839838027954],"zoom":1.0},"frame":16,"views":[{"camera0":[[0.6106973886489868,0.17671307921409607,0.7718937993049622,0.16008156538009644],[-0.010061599314212799,-0.9729712009429932,0.23070701956748962,0.3262718617916107],[0.7918000221252441,-0.1486588716506958,-0.5924129486083984,1.1766693592071533]],"camera1":[[0.6106973886489868,0.17671307921409607,0.7718937993049622,0.16008156538009644],[-0.010061599314212799,-0.9729712009429932,0.23070701956748962,0.3262718617916107],[0.7918000221252441,-0.1486588716506958,-0.5924129486083984,1.1766693592071533]],"full_resolution":[2064,2272],"relative_focal_length":[0.4356694221496582,0.4339345097541809],"screen_center":[0.3787437081336975,0.5965937376022339],"visualized_dimension":-1},{"camera0":[[0.6106973886489868,0.17671307921409607,0.7718937993049622,0.16559362411499023],[-0.010061599314212799,-0.9729712009429932,0.23070701956748962,0.3261810541152954],[0.7918000221252441,-0.1486588716506958,-0.5924129486083984,1.1838160753250122]],"camera1":[[0.6106973886489868,0.17671307921409607,0.7718937993049622,0.16559362411499023],[-0.010061599314212799,-0.9729712009429932,0.23070701956748962,0.3261810541152954],[0.7918000221252441,-0.1486588716506958,-0.5924129486083984,1.1838160753250122]],"full_resolution":[2064,2272],"relative_focal_length":[0.4356694221496582,0.4339345097541809],"screen_center":[0.6212562918663025,0.5965937376022339],"visualized_dimension":-1}]}
{"camera":{"aperture_size":0.0,"autofocus":false,"autofocus_depth":0.0,"autofocus_target":[0.5,0.5,0.5],"fov_axis":1,"matrix":[[0.9205042123794556,0.03631848469376564,-0.38903942704200745,0.09591157734394073],[2.0954757928848267e-09,-0.995670735836029,-0.09295005351305008,0.2948817312717438],[-0.3907308876514435,0.08556077629327774,-0.916519820690155,0.9830595850944519]],"relative_focal_length":[1.0,1.0],"scale":0.14864350855350494,"screen_center":[0.5000522136688232,0.49666839838027954],"zoom":1.0},"frame":17,"views":[{"camera0":[[0.5966880917549133,0.1891876608133316,0.779852569103241,0.15990370512008667],[-0.0110582634806633,-0.9697814583778381,0.2437242716550827,0.3247305750846863],[0.8023968935012817,-0.15405139327049255,-0.5765650272369385,1.177567958831787]],"camera1":[[0.5966880917549133,0.1891876608133316,0.779852569103241,0.15990370512008667],[-0.0110582634806633,-0.9697814583778381,0.2437242716550827,0.3247305750846863],[0.8023968935012817,-0.15405139327049255,-0.5765650272369385,1.177567958831787]],"full_resolution":[2064,2272],"relative_focal_length":[0.4356694221496582,0.4339345097541809],"screen_center":[0.3787437081336975,0.5965937376022339],"visualized_dimension":-1},{"camera0":[[0.5966880917549133,0.1891876608133316,0.779852569103241,0.16528931260108948],[-0.0110582634806633,-0.9697814583778381,0.2437242716550827,0.3246307969093323],[0.8023968935012817,-0.15405139327049255,-0.5765650272369385,1.1848102807998657]],"camera1":[[0.5966880917549133,0.1891876608133316,0.779852569103241,0.16528931260108948],[-0.0110582634806633,-0.9697814583778381,0.2437242716550827,0.3246307969093323],[0.8023968935012817,-0.15405139327049255,-0.5765650272369385,1.1848102807998657]],"full_resolution":[2064,2272],"relative_focal_length":[0.4356694221496582,0.4339345097541809],"screen_center":[0.6212562918663025,0.5965937376022339],"visualized_dimension":-1}]}
