{"camera":{"aperture_size":0.0,"autofocus":false,"autofocus_depth":0.0,"autofocus_target":[0.5,0.5,0.5],"fov_axis":1,"matrix":[[0.9205042123794556,0.03631848469376564,-0.38903942704200745,0.1091609075665474],[2.0954757928848267e-09,-0.995670735836029,-0.09295005351305008,0.29942408204078674],[-0.3907308876514435,0.08556077629327774,-0.916519820690155,0.9583427309989929]],"relative_focal_length":[1.0,1.0],"scale":0.14864350855350494,"screen_center":[0.5000522136688232,0.49666839838027954],"zoom":1.0},"frame":1,"views":[{"camera0":[[0.9773757457733154,-0.14411789178848267,-0.15480755269527435,0.2596697211265564],[-0.1293674260377884,-0.9863865971565247,0.10151564329862595,0.33408430218696594],[-0.16733011603355408,-0.07919217646121979,-0.9827151298522949,1.2141531705856323]],"camera1":[[0.9773757457733154,-0.14411789178848267,-0.15480755269527435,0.2596697211265564],[-0.1293674260377884,-0.9863865971565247,0.10151564329862595,0.33408430218696594],[-0.16733011603355408,-0.07919217646121979,-0.9827151298522949,1.2141531705856323]],"full_resolution":[2064,2272],"relative_focal_length":[0.4356694221496582,0.4339345097541809],"screen_center":[0.3787437081336975,0.5965937376022339],"visualized_dimension":-1},{"camera0":[[0.9773757457733154,-0.14411789178848267,-0.15480755269527435,0.26849135756492615],[-0.1293674260377884,-0.9863865971565247,0.10151564329862595,0.33291664719581604],[-0.16733011603355408,-0.07919217646121979,-0.9827151298522949,1.212642788887024]],"camera1":[[0.9773757457733154,-0.14411789178848267,-0.15480755269527435,0.26849135756492615],[-0.1293674260377884,-0.9863865971565247,0.10151564329862595,0.33291664719581604],[-0.16733011603355408,-0.07919217646121979,-0.9827151298522949,1.212642788887024]],"full_resolution":[2064,2272],"relative_focal_length":[0.4356694221496582,0.4339345097541809],"screen_center":[0.6212562918663025,0.5965937376022339],"visualized_dimension":-1}]}
{"camera":{"aperture_size":0.0,"autofocus":false,"autofocus_depth":0.0,"autofocus_target":[0.5,0.5,0.5],"fov_axis":1,"matrix":[[0.9205042123794556,0.03631848469376564,-0.38903942704200745,0.1091609075665474],[2.0954757928848267e-09,-0.995670735836029,-0.09295005351305008,0.29942408204078674],[-0.3907308876514435,0.08556077629327774,-0.916519820690155,0.9583427309989929]],"relative_focal_length":[1.0,1.0],"scale":0.14864350855350494,"screen_center":[0.5000522136688232,0.49666839838027954],"zoom":1.0},"frame":2,"views":[{"camera0":[[0.9790425896644592,-0.14123544096946716,-0.14672037959098816,0.2577055096626282],[-0.12924179434776306,-0.9876704812049866,0.08833717554807663,0.33356577157974243],[-0.15738748013973236,-0.0675237625837326,-0.9852256178855896,1.2139097452163696]],"camera1":[[0.9790425896644592,-0.14123544096946716,-0.14672037959098816,0.2577055096626282],[-0.12924179434776306,-0.9876704812049866,0.08833717554807663,0.33356577157974243],[-0.15738748013973236,-0.0675237625837326,-0.9852256178855896,1.2139097452163696]],"full_resolution":[2064,2272],"relative_focal_length":[0.4356694221496582,0.4339345097541809],"screen_center":[0.3787437081336975,0.5965937376022339],"visualized_dimension":-1},{"camera0":[[0.9790425896644592,-0.14123544096946716,-0.14672037959098816,0.2665421664714813],[-0.12924179434776306,-0.9876704812049866,0.08833717554807663,0.33239924907684326],[-0.15738748013973236,-0.0675237625837326,-0.9852256178855896,1.2124892473220825]],"camera1":[[0.9790425896644592,-0.14123544096946716,-0.14672037959098816,0.2665421664714813],[-0.12924179434776306,-0.9876704812049866,0.08833717554807663,0.33239924907684326],[-0.15738748013973236,-0.0675237625837326,-0.9852256178855896,1.2124892473220825]],"full_resolution":[2064,2272],"relative_focal_length":[0.4356694221496582,0.4339345097541809],"screen_center":[0.6212562918663025,0.5965937376022339],"visualized_dimension":-1}]}
{"camera":{"aperture_size":0.0,"autofocus":false,"autofocus_depth":0.0,"autofocus_target":[0.5,0.5,0.5],"fov_axis":1,"matrix":[[0.9205042123794556,0.03631848469376564,-0.38903942704200745,0.1091609075665474],[2.0954757928848267e-09,-0.995670735836029,-0.09295005351305008,0.29942408204078674],[-0.3907308876514435,0.08556077629327774,-0.916519820690155,0.9583427309989929]],"relative_focal_length":[1.0,1.0],"scale":0.14864350855350494,"screen_center":[0.5000522136688232,0.49666839838027954],"zoom":1.0},"frame":3,"views":[{"camera0":[[0.9836838245391846,-0.1326468586921692,-0.12152983248233795,0.2536720633506775],[-0.12472160160541534,-0.9896708130836487,0.07068314403295517,0.33322054147720337],[-0.12965013086795807,-0.05437275022268295,-0.9900678396224976,1.2133572101593018]],"camera1":[[0.9836838245391846,-0.1326468586921692,-0.12152983248233795,0.2536720633506775],[-0.12472160160541534,-0.9896708130836487,0.07068314403295517,0.33322054147720337],[-0.12965013086795807,-0.05437275022268295,-0.9900678396224976,1.2133572101593018]],"full_resolution":[2064,2272],"relative_focal_length":[0.4356694221496582,0.4339345097541809],"screen_center":[0.3787437081336975,0.5965937376022339],"visualized_dimension":-1},{"camera0":[[0.9836838245391846,-0.1326468586921692,-0.12152983248233795,0.26255062222480774],[-0.12472160160541534,-0.9896708130836487,0.07068314403295517,0.33209481835365295],[-0.12965013086795807,-0.05437275022268295,-0.9900678396224976,1.2121869325637817]],"camera1":[[0.9836838245391846,-0.1326468586921692,-0.12152983248233795,0.26255062222480774],[-0.12472160160541534,-0.9896708130836487,0.07068314403295517,0.33209481835365295],[-0.12965013086795807,-0.05437275022268295,-0.9900678396224976,1.2121869325637817]],"full_resolution":[2064,2272],"relative_focal_length":[0.4356694221496582,0.4339345097541809],"screen_center":[0.6212562918663025,0.5965937376022339],"visualized_dimension":-1}]}
{"camera":{"aperture_size":0.0,"autofocus":false,"autofocus_depth":0.0,"autofocus_target":[0.5,0.5,0.5],"fov_axis":1,"matrix":[[0.9205042123794556,0.03631848469376564,-0.38903942704200745,0.1091609075665474],[2.0954757928848267e-09,-0.995670735836029,-0.09295005351305008,0.29942408204078674],[-0.3907308876514435,0.08556077629327774,-0.916519820690155,0.9583427309989929]],"relative_focal_length":[1.0,1.0],"scale":0.14864350855350494,"screen_center":[0.5000522136688232,0.49666839838027954],"zoom":1.0},"frame":3,"views":[{"camera0":[[0.990761399269104,-0.10177552700042725,-0.08962267637252808,0.2470698356628418],[-0.09467979520559311,-0.992275059223175,0.08016100525856018,0.3330436646938324],[-0.0970885157585144,-0.07093526422977448,-0.9927445650100708,1.2128537893295288]],"camera1":[[0.990761399269104,-0.10177552700042725,-0.08962267637252808,0.2470698356628418],[-0.09467979520559311,-0.992275059223175,0.08016100525856018,0.3330436646938324],[-0.0970885157585144,-0.07093526422977448,-0.9927445650100708,1.2128537893295288]],"full_resolution":[2064,2272],"relative_focal_length":[0.4356694221496582,0.4339345097541809],"screen_center":[0.3787437081336975,0.5965937376022339],"visualized_dimension":-1},{"camera0":[[0.990761399269104,-0.10177552700042725,-0.08962267637252808,0.25601229071617126],[-0.09467979520559311,-0.992275059223175,0.08016100525856018,0.33218908309936523],[-0.0970885157585144,-0.07093526422977448,-0.9927445650100708,1.211977481842041]],"camera1":[[0.990761399269104,-0.10177552700042725,-0.08962267637252808,0.25601229071617126],[-0.09467979520559311,-0.992275059223175,0.08016100525856018,0.33218908309936523],[-0.0970885157585144,-0.07093526422977448,-0.9927445650100708,1.211977481842041]],"full_resolution":[2064,2272],"relative_focal_length":[0.4356694221496582,0.4339345097541809],"screen_center":[0.6212562918663025,0.5965937376022339],"visualized_dimension":-1}]}
{"camera":{"aperture_size":0.0,"autofocus":false,"autofocus_depth":0.0,"autofocus_target":[0.5,0.5,0.5],"fov_axis":1,"matrix":[[0.9205042123794556,0.03631848469376564,-0.38903942704200745,0.1091609075665474],[2.0954757928848267e-09,-0.995670735836029,-0.09295005351305008,0.29942408204078674],[-0.3907308876514435,0.08556077629327774,-0.916519820690155,0.9583427309989929]],"relative_focal_length":[1.0,1.0],"scale":0.14864350855350494,"screen_center":[0.5000522136688232,0.49666839838027954],"zoom":1.0},"frame":4,"views":[{"camera0":[[0.9926803708076477,-0.08602190762758255,-0.08476221561431885,0.24458709359169006],[-0.07899556308984756,-0.993411123752594,0.08302982151508331,0.3338843286037445],[-0.09134581685066223,-0.07572651654481888,-0.9929356575012207,1.212631344795227]],"camera1":[[0.9926803708076477,-0.08602190762758255,-0.08476221561431885,0.24458709359169006],[-0.07899556308984756,-0.993411123752594,0.08302982151508331,0.3338843286037445],[-0.09134581685066223,-0.07572651654481888,-0.9929356575012207,1.212631344795227]],"full_resolution":[2064,2272],"relative_focal_length":[0.4356694221496582,0.4339345097541809],"screen_center":[0.3787437081336975,0.5965937376022339],"visualized_dimension":-1},{"camera0":[[0.9926803708076477,-0.08602190762758255,-0.08476221561431885,0.2535468637943268],[-0.07899556308984756,-0.993411123752594,0.08302982151508331,0.3331713378429413],[-0.09134581685066223,-0.07572651654481888,-0.9929356575012207,1.2118068933486938]],"camera1":[[0.9926803708076477,-0.08602190762758255,-0.08476221561431885,0.2535468637943268],[-0.07899556308984756,-0.993411123752594,0.08302982151508331,0.3331713378429413],[-0.09134581685066223,-0.07572651654481888,-0.9929356575012207,1.2118068933486938]],"full_resolution":[2064,2272],"relative_focal_length":[0.4356694221496582,0.4339345097541809],"screen_center":[0.6212562918663025,0.5965937376022339],"visualized_dimension":-1}]}
{"camera":{"aperture_size":0.0,"autofocus":false,"autofocus_depth":0.0,"autofocus_target":[0.5,0.5,0.5],"fov_axis":1,"matrix":[[0.9205042123794556,0.03631848469376564,-0.38903942704200745,0.1091609075665474],[2.0954757928848267e-09,-0.995670735836029,-0.09295005351305008,0.29942408204078674],[-0.3907308876514435,0.08556077629327774,-0.916519820690155,0.9583427309989929]],"relative_focal_length":[1.0,1.0],"scale":0.14864350855350494,"screen_center":[0.5000522136688232,0.49666839838027954],"zoom":1.0},"frame":5,"views":[{"camera0":[[0.9947749376296997,-0.05694517120718956,-0.08472779393196106,0.23987549543380737],[-0.049975231289863586,-0.9953598380088806,0.08222628384828568,0.3338701128959656],[-0.08901673555374146,-0.0775626003742218,-0.9930055141448975,1.2125318050384521]],"camera1":[[0.9947749376296997,-0.05694517120718956,-0.08472779393196106,0.23987549543380737],[-0.049975231289863586,-0.9953598380088806,0.08222628384828568,0.3338701128959656],[-0.08901673555374146,-0.0775626003742218,-0.9930055141448975,1.2125318050384521]],"full_resolution":[2064,2272],"relative_focal_length":[0.4356694221496582,0.4339345097541809],"screen_center":[0.3787437081336975,0.5965937376022339],"visualized_dimension":-1},{"camera0":[[0.9947749376296997,-0.05694517120718956,-0.08472779393196106,0.2488541603088379],[-0.049975231289863586,-0.9953598380088806,0.08222628384828568,0.3334190249443054],[-0.08901673555374146,-0.0775626003742218,-0.9930055141448975,1.2117284536361694]],"camera1":[[0.9947749376296997,-0.05694517120718956,-0.08472779393196106,0.2488541603088379],[-0.049975231289863586,-0.9953598380088806,0.08222628384828568,0.3334190249443054],[-0.08901673555374146,-0.0775626003742218,-0.9930055141448975,1.2117284536361694]],"full_resolution":[2064,2272],"relative_focal_length":[0.4356694221496582,0.4339345097541809],"screen_center":[0.6212562918663025,0.5965937376022339],"visualized_dimension":-1}]}
{"camera":{"aperture_size":0.0,"autofocus":false,"autofocus_depth":0.0,"autofocus_target":[0.5,0.5,0.5],"fov_axis":1,"matrix":[[0.9205042123794556,0.03631848469376564,-0.38903942704200745,0.1091609075665474],[2.0954757928848267e-09,-0.995670735836029,-0.09295005351305008,0.29942408204078674],[-0.3907308876514435,0.08556077629327774,-0.916519820690155,0.9583427309989929]],"relative_focal_length":[1.0,1.0],"scale":0.14864350855350494,"screen_center":[0.5000522136688232,0.49666839838027954],"zoom":1.0},"frame":6,"views":[{"camera0":[[0.996256411075592,-0.03465035557746887,-0.07919132709503174,0.23529291152954102],[-0.028587980195879936,-0.9966638088226318,0.07644522935152054,0.33393967151641846],[-0.08157569169998169,-0.07389537245035172,-0.9939239025115967,1.2123725414276123]],"camera1":[[0.996256411075592,-0.03465035557746887,-0.07919132709503174,0.23529291152954102],[-0.028587980195879936,-0.9966638088226318,0.07644522935152054,0.33393967151641846],[-0.08157569169998169,-0.07389537245035172,-0.9939239025115967,1.2123725414276123]],"full_resolution":[2064,2272],"relative_focal_length":[0.4356694221496582,0.4339345097541809],"screen_center":[0.3787437081336975,0.5965937376022339],"visualized_dimension":-1},{"camera0":[[0.996256411075592,-0.03465035557746887,-0.07919132709503174,0.2442849576473236],[-0.028587980195879936,-0.9966638088226318,0.07644522935152054,0.3336816430091858],[-0.08157569169998169,-0.07389537245035172,-0.9939239025115967,1.2116363048553467]],"camera1":[[0.996256411075592,-0.03465035557746887,-0.07919132709503174,0.2442849576473236],[-0.028587980195879936,-0.9966638088226318,0.07644522935152054,0.3336816430091858],[-0.08157569169998169,-0.07389537245035172,-0.9939239025115967,1.2116363048553467]],"full_resolution":[2064,2272],"relative_focal_length":[0.4356694221496582,0.4339345097541809],"screen_center":[0.6212562918663025,0.5965937376022339],"visualized_dimension":-1}]}
{"camera":{"aperture_size":0.0,"autofocus":false,"autofocus_depth":0.0,"autofocus_target":[0.5,0.5,0.5],"fov_axis":1,"matrix":[[0.9205042123794556,0.03631848469376564,-0.38903942704200745,0.1091609075665474],[2.0954757928848267e-09,-0.995670735836029,-0.09295005351305008,0.29942408204078674],[-0.3907308876514435,0.08556077629327774,-0.916519820690155,0.9583427309989929]],"relative_focal_length":[1.0,1.0],"scale":0.14864350855350494,"screen_center":[0.5000522136688232,0.49666839838027954],"zoom":1.0},"frame":7,"views":[{"camera0":[[0.996846616268158,-0.030220694839954376,-0.07336252927780151,0.23303134739398956],[-0.02542000822722912,-0.9975278973579407,0.06551217287778854,0.33357805013656616],[-0.07516071200370789,-0.06344098597764969,-0.9951512813568115,1.2123268842697144]],"camera1":[[0.996846616268158,-0.030220694839954376,-0.07336252927780151,0.23303134739398956],[-0.02542000822722912,-0.9975278973579407,0.06551217287778854,0.33357805013656616],[-0.07516071200370789,-0.06344098597764969,-0.9951512813568115,1.2123268842697144]],"full_resolution":[2064,2272],"relative_focal_length":[0.4356694221496582,0.4339345097541809],"screen_center":[0.3787437081336975,0.5965937376022339],"visualized_dimension":-1},{"camera0":[[0.996846616268158,-0.030220694839954376,-0.07336252927780151,0.24202871322631836],[-0.02542000822722912,-0.9975278973579407,0.06551217287778854,0.3333486318588257],[-0.07516071200370789,-0.06344098597764969,-0.9951512813568115,1.2116484642028809]],"camera1":[[0.996846616268158,-0.030220694839954376,-0.07336252927780151,0.24202871322631836],[-0.02542000822722912,-0.9975278973579407,0.06551217287778854,0.3333486318588257],[-0.07516071200370789,-0.06344098597764969,-0.9951512813568115,1.2116484642028809]],"full_resolution":[2064,2272],"relative_focal_length":[0.4356694221496582,0.4339345097541809],"screen_center":[0.6212562918663025,0.5965937376022339],"visualized_dimension":-1}]}
{"camera":{"aperture_size":0.0,"autofocus":false,"autofocus_depth":0.0,"autofocus_target":[0.5,0.5,0.5],"fov_axis":1,"matrix":[[0.9205042123794556,0.03631848469376564,-0.38903942704200745,0.1091609075665474],[2.0954757928848267e-09,-0.995670735836029,-0.09295005351305008,0.29942408204078674],[-0.3907308876514435,0.08556077629327774,-0.916519820690155,0.9583427309989929]],"relative_focal_length":[1.0,1.0],"scale":0.14864350855350494,"screen_center":[0.5000522136688232,0.49666839838027954],"zoom":1.0},"frame":7,"views":[{"camera0":[[0.99812251329422,-0.0126357302069664,-0.059920549392700195,0.22858071327209473],[-0.009063351899385452,-0.998185932636261,0.05952019244432449,0.3332342207431793],[-0.0605635941028595,-0.05886559933423996,-0.9964269399642944,1.2120940685272217]],"camera1":[[0.99812251329422,-0.0126357302069664,-0.059920549392700195,0.22858071327209473],[-0.009063351899385452,-0.998185932636261,0.05952019244432449,0.3332342207431793],[-0.0605635941028595,-0.05886559933423996,-0.9964269399642944,1.2120940685272217]],"full_resolution":[2064,2272],"relative_focal_length":[0.4356694221496582,0.4339345097541809],"screen_center":[0.3787437081336975,0.5965937376022339],"visualized_dimension":-1},{"camera0":[[0.99812251329422,-0.0126357302069664,-0.059920549392700195,0.23758959770202637],[-0.009063351899385452,-0.998185932636261,0.05952019244432449,0.3331524133682251],[-0.0605635941028595,-0.05886559933423996,-0.9964269399642944,1.2115473747253418]],"camera1":[[0.99812251329422,-0.0126357302069664,-0.059920549392700195,0.23758959770202637],[-0.009063351899385452,-0.998185932636261,0.05952019244432449,0.3331524133682251],[-0.0605635941028595,-0.05886559933423996,-0.9964269399642944,1.2115473747253418]],"full_resolution":[2064,2272],"relative_focal_length":[0.4356694221496582,0.4339345097541809],"screen_center":[0.6212562918663025,0.5965937376022339],"visualized_dimension":-1}]}
{"camera":{"aperture_size":0.0,"autofocus":false,"autofocus_depth":0.0,"autofocus_target":[0.5,0.5,0.5],"fov_axis":1,"matrix":[[0.9205042123794556,0.03631848469376564,-0.38903942704200745,0.1091609075665474],[2.0954757928848267e-09,-0.995670735836029,-0.09295005351305008,0.29942408204078674],[-0.3907308876514435,0.08556077629327774,-0.916519820690155,0.9583427309989929]],"relative_focal_length":[1.0,1.0],"scale":0.14864350855350494,"screen_center":[0.5000522136688232,0.49666839838027954],"zoom":1.0},"frame":7,"views":[{"camera0":[[0.9985047578811646,0.004380457103252411,-0.054477155208587646,0.22640596330165863],[0.007001832127571106,-0.9988216757774353,0.04802153259515762,0.3329409062862396],[-0.05420228838920593,-0.048331424593925476,-0.9973595142364502,1.2120189666748047]],"camera1":[[0.9985047578811646,0.004380457103252411,-0.054477155208587646,0.22640596330165863],[0.007001832127571106,-0.9988216757774353,0.04802153259515762,0.3329409062862396],[-0.05420228838920593,-0.048331424593925476,-0.9973595142364502,1.2120189666748047]],"full_resolution":[2064,2272],"relative_focal_length":[0.4356694221496582,0.4339345097541809],"screen_center":[0.3787437081336975,0.5965937376022339],"visualized_dimension":-1},{"camera0":[[0.9985047578811646,0.004380457103252411,-0.054477155208587646,0.23541828989982605],[0.007001832127571106,-0.9988216757774353,0.04802153259515762,0.3330041170120239],[-0.05420228838920593,-0.048331424593925476,-0.9973595142364502,1.2115297317504883]],"camera1":[[0.9985047578811646,0.004380457103252411,-0.054477155208587646,0.23541828989982605],[0.007001832127571106,-0.9988216757774353,0.04802153259515762,0.3330041170120239],[-0.05420228838920593,-0.048331424593925476,-0.9973595142364502,1.2115297317504883]],"full_resolution":[2064,2272],"relative_focal_length":[0.4356694221496582,0.4339345097541809],"screen_center":[0.6212562918663025,0.5965937376022339],"visualized_dimension":-1}]}
{"camera":{"aperture_size":0.0,"autofocus":false,"autofocus_depth":0.0,"autofocus_target":[0.5,0.5,0.5],"fov_axis":1,"matrix":[[0.9205042123794556,0.03631848469376564,-0.38903942704200745,0.1091609075665474],[2.0954757928848267e-09,-0.995670735836029,-0.09295005351305008,0.29942408204078674],[-0.3907308876514435,0.08556077629327774,-0.916519820690155,0.9583427309989929]],"relative_focal_length":[1.0,1.0],"scale":0.14864350855350494,"screen_center":[0.5000522136688232,0.49666839838027954],"zoom":1.0},"frame":7,"views":[{"camera0":[[0.9980054497718811,0.022797569632530212,-0.05885756015777588,0.2245710790157318],[0.025385305285453796,-0.9987265467643738,0.04359923303127289,0.3325943052768707],[-0.057788312435150146,-0.04500661790370941,-0.9973137974739075,1.2119196653366089]],"camera1":[[0.9980054497718811,0.022797569632530212,-0.05885756015777588,0.2245710790157318],[0.025385305285453796,-0.9987265467643738,0.04359923303127289,0.3325943052768707],[-0.057788312435150146,-0.04500661790370941,-0.9973137974739075,1.2119196653366089]],"full_resolution":[2064,2272],"relative_focal_length":[0.4356694221496582,0.4339345097541809],"screen_center":[0.3787437081336975,0.5965937376022339],"visualized_dimension":-1},{"camera0":[[0.9980054497718811,0.022797569632530212,-0.05885756015777588,0.2335788905620575],[0.025385305285453796,-0.9987265467643738,0.04359923303127289,0.33282342553138733],[-0.057788312435150146,-0.04500661790370941,-0.9973137974739075,1.2113980054855347]],"camera1":[[0.9980054497718811,0.022797569632530212,-0.05885756015777588,0.2335788905620575],[0.025385305285453796,-0.9987265467643738,0.04359923303127289,0.33282342553138733],[-0.057788312435150146,-0.04500661790370941,-0.9973137974739075,1.2113980054855347]],"full_resolution":[2064,2272],"relative_focal_length":[0.4356694221496582,0.4339345097541809],"screen_center":[0.6212562918663025,0.5965937376022339],"visualized_dimension":-1}]}
{"camera":{"aperture_size":0.0,"autofocus":false,"autofocus_depth":0.0,"autofocus_target":[0.5,0.5,0.5],"fov_axis":1,"matrix":[[0.9205042123794556,0.03631848469376564,-0.38903942704200745,0.1091609075665474],[2.0954757928848267e-09,-0.995670735836029,-0.09295005351305008,0.29942408204078674],[-0.3907308876514435,0.08556077629327774,-0.916519820690155,0.9583427309989929]],"relative_focal_length":[1.0,1.0],"scale":0.14864350855350494,"screen_center":[0.5000522136688232,0.49666839838027954],"zoom":1.0},"frame":8,"views":[{"camera0":[[0.9973084926605225,0.040592584758996964,-0.06104657053947449,0.22061043977737427],[0.042377956211566925,-0.998702347278595,0.028240583837032318,0.33213141560554504],[-0.05982062220573425,-0.03075180947780609,-0.9977352619171143,1.211828351020813]],"camera1":[[0.9973084926605225,0.040592584758996964,-0.06104657053947449,0.22061043977737427],[0.042377956211566925,-0.998702347278595,0.028240583837032318,0.33213141560554504],[-0.05982062220573425,-0.03075180947780609,-0.9977352619171143,1.211828351020813]],"full_resolution":[2064,2272],"relative_focal_length":[0.4356694221496582,0.4339345097541809],"screen_center":[0.3787437081336975,0.5965937376022339],"visualized_dimension":-1},{"camera0":[[0.9973084926605225,0.040592584758996964,-0.06104657053947449,0.22961196303367615],[0.042377956211566925,-0.998702347278595,0.028240583837032318,0.3325138986110687],[-0.05982062220573425,-0.03075180947780609,-0.9977352619171143,1.211288332939148]],"camera1":[[0.9973084926605225,0.040592584758996964,-0.06104657053947449,0.22961196303367615],[0.042377956211566925,-0.998702347278595,0.028240583837032318,0.3325138986110687],[-0.05982062220573425,-0.03075180947780609,-0.9977352619171143,1.211288332939148]],"full_resolution":[2064,2272],"relative_focal_length":[0.4356694221496582,0.4339345097541809],"screen_center":[0.6212562918663025,0.5965937376022339],"visualized_dimension":-1}]}
{"camera":{"aperture_size":0.0,"autofocus":false,"autofocus_depth":0.0,"autofocus_target":[0.5,0.5,0.5],"fov_axis":1,"matrix":[[0.9205042123794556,0.03631848469376564,-0.38903942704200745,0.1091609075665474],[2.0954757928848267e-09,-0.995670735836029,-0.09295005351305008,0.29942408204078674],[-0.3907308876514435,0.08556077629327774,-0.916519820690155,0.9583427309989929]],"relative_focal_length":[1.0,1.0],"scale":0.14864350855350494,"screen_center":[0.5000522136688232,0.49666839838027954],"zoom":1.0},"frame":9,"views":[{"camera0":[[0.9962329864501953,0.04956195503473282,-0.07114875316619873,0.21898454427719116],[0.05190157890319824,-0.998157799243927,0.0314190536737442,0.33196234703063965],[-0.06946012377738953,-0.03499364107847214,-0.9969707131385803,1.2117012739181519]],"camera1":[[0.9962329864501953,0.04956195503473282,-0.07114875316619873,0.21898454427719116],[0.05190157890319824,-0.998157799243927,0.0314190536737442,0.33196234703063965],[-0.06946012377738953,-0.03499364107847214,-0.9969707131385803,1.2117012739181519]],"full_resolution":[2064,2272],"relative_focal_length":[0.4356694221496582,0.4339345097541809],"screen_center":[0.3787437081336975,0.5965937376022339],"visualized_dimension":-1},{"camera0":[[0.9962329864501953,0.04956195503473282,-0.07114875316619873,0.22797638177871704],[0.05190157890319824,-0.998157799243927,0.0314190536737442,0.33243077993392944],[-0.06946012377738953,-0.03499364107847214,-0.9969707131385803,1.2110743522644043]],"camera1":[[0.9962329864501953,0.04956195503473282,-0.07114875316619873,0.22797638177871704],[0.05190157890319824,-0.998157799243927,0.0314190536737442,0.33243077993392944],[-0.06946012377738953,-0.03499364107847214,-0.9969707131385803,1.2110743522644043]],"full_resolution":[2064,2272],"relative_focal_length":[0.4356694221496582,0.4339345097541809],"screen_center":[0.6212562918663025,0.5965937376022339],"visualized_dimension":-1}]}
{"camera":{"aperture_size":0.0,"autofocus":false,"autofocus_depth":0.0,"autofocus_target":[0.5,0.5,0.5],"fov_axis":1,"matrix":[[0.9205042123794556,0.03631848469376564,-0.38903942704200745,0.1091609075665474],[2.0954757928848267e-09,-0.995670735836029,-0.09295005351305008,0.29942408204078674],[-0.3907308876514435,0.08556077629327774,-0.916519820690155,0.9583427309989929]],"relative_focal_length":[1.0,1.0],"scale":0.14864350855350494,"screen_center":[0.5000522136688232,0.49666839838027954],"zoom":1.0},"frame":10,"views":[{"camera0":[[0.9933983087539673,0.0717751532793045,-0.08948090672492981,0.21560516953468323],[0.07411564886569977,-0.9969817996025085,0.02310928702354431,0.3313613533973694],[-0.08755183219909668,-0.029588863253593445,-0.995720386505127,1.2115753889083862]],"camera1":[[0.9933983087539673,0.0717751532793045,-0.08948090672492981,0.21560516953468323],[0.07411564886569977,-0.9969817996025085,0.02310928702354431,0.3313613533973694],[-0.08755183219909668,-0.029588863253593445,-0.995720386505127,1.2115753889083862]],"full_resolution":[2064,2272],"relative_focal_length":[0.4356694221496582,0.4339345097541809],"screen_center":[0.3787437081336975,0.5965937376022339],"visualized_dimension":-1},{"camera0":[[0.9933983087539673,0.0717751532793045,-0.08948090672492981,0.22457140684127808],[0.07411564886569977,-0.9969817996025085,0.02310928702354431,0.3320302963256836],[-0.08755183219909668,-0.029588863253593445,-0.995720386505127,1.210785150527954]],"camera1":[[0.9933983087539673,0.0717751532793045,-0.08948090672492981,0.22457140684127808],[0.07411564886569977,-0.9969817996025085,0.02310928702354431,0.3320302963256836],[-0.08755183219909668,-0.029588863253593445,-0.995720386505127,1.210785150527954]],"full_resolution":[2064,2272],"relative_focal_length":[0.4356694221496582,0.4339345097541809],"screen_center":[0.6212562918663025,0.5965937376022339],"visualized_dimension":-1}]}
{"camera":{"aperture_size":0.0,"autofocus":false,"autofocus_depth":0.0,"autofocus_target":[0.5,0.5,0.5],"fov_axis":1,"matrix":[[0.9205042123794556,0.03631848469376564,-0.38903942704200745,0.1091609075665474],[2.0954757928848267e-09,-0.995670735836029,-0.09295005351305008,0.29942408204078674],[-0.3907308876514435,0.08556077629327774,-0.916519820690155,0.9583427309989929]],"relative_focal_length":[1.0,1.0],"scale":0.14864350855350494,"screen_center":[0.5000522136688232,0.49666839838027954],"zoom":1.0},"frame":11,"views":[{"camera0":[[0.9889660477638245,0.09550555050373077,-0.11324095726013184,0.21236321330070496],[0.09730979800224304,-0.9951987266540527,0.010500691831111908,0.3310774266719818],[-0.1116940975189209,-0.021404463797807693,-0.9935120344161987,1.2113769054412842]],"camera1":[[0.9889660477638245,0.09550555050373077,-0.11324095726013184,0.21236321330070496],[0.09730979800224304,-0.9951987266540527,0.010500691831111908,0.3310774266719818],[-0.1116940975189209,-0.021404463797807693,-0.9935120344161987,1.2113769054412842]],"full_resolution":[2064,2272],"relative_focal_length":[0.4356694221496582,0.4339345097541809],"screen_center":[0.3787437081336975,0.5965937376022339],"visualized_dimension":-1},{"camera0":[[0.9889660477638245,0.09550555050373077,-0.11324095726013184,0.22128944098949432],[0.09730979800224304,-0.9951987266540527,0.010500691831111908,0.3319557011127472],[-0.1116940975189209,-0.021404463797807693,-0.9935120344161987,1.2103687524795532]],"camera1":[[0.9889660477638245,0.09550555050373077,-0.11324095726013184,0.22128944098949432],[0.09730979800224304,-0.9951987266540527,0.010500691831111908,0.3319557011127472],[-0.1116940975189209,-0.021404463797807693,-0.9935120344161987,1.2103687524795532]],"full_resolution":[2064,2272],"relative_focal_length":[0.4356694221496582,0.4339345097541809],"screen_center":[0.6212562918663025,0.5965937376022339],"visualized_dimension":-1}]}
{"camera":{"aperture_size":0.0,"autofocus":false,"autofocus_depth":0.0,"autofocus_target":[0.5,0.5,0.5],"fov_axis":1,"matrix":[[0.9205042123794556,0.03631848469376564,-0.38903942704200745,0.1091609075665474],[2.0954757928848267e-09,-0.995670735836029,-0.09295005351305008,0.29942408204078674],[-0.3907308876514435,0.08556077629327774,-0.916519820690155,0.9583427309989929]],"relative_focal_length":[1.0,1.0],"scale":0.14864350855350494,"screen_center":[0.5000522136688232,0.49666839838027954],"zoom":1.0},"frame":11,"views":[{"camera0":[[0.9856529235839844,0.09271003305912018,-0.1410386711359024,0.21088939905166626],[0.09441256523132324,-0.9955183863639832,0.005413264036178589,0.33100247383117676],[-0.1399044692516327,-0.018651608377695084,-0.9899892807006836,1.211356282234192]],"camera1":[[0.9856529235839844,0.09271003305912018,-0.1410386711359024,0.21088939905166626],[0.09441256523132324,-0.9955183863639832,0.005413264036178589,0.33100247383117676],[-0.1399044692516327,-0.018651608377695084,-0.9899892807006836,1.211356282234192]],"full_resolution":[2064,2272],"relative_focal_length":[0.4356694221496582,0.4339345097541809],"screen_center":[0.3787437081336975,0.5965937376022339],"visualized_dimension":-1},{"camera0":[[0.9856529235839844,0.09271003305912018,-0.1410386711359024,0.21978572010993958],[0.09441256523132324,-0.9955183863639832,0.005413264036178589,0.33185461163520813],[-0.1399044692516327,-0.018651608377695084,-0.9899892807006836,1.2100934982299805]],"camera1":[[0.9856529235839844,0.09271003305912018,-0.1410386711359024,0.21978572010993958],[0.09441256523132324,-0.9955183863639832,0.005413264036178589,0.33185461163520813],[-0.1399044692516327,-0.018651608377695084,-0.9899892807006836,1.2100934982299805]],"full_resolution":[2064,2272],"relative_focal_length":[0.4356694221496582,0.4339345097541809],"screen_center":[0.6212562918663025,0.5965937376022339],"visualized_dimension":-1}]}
{"camera":{"aperture_size":0.0,"autofocus":false,"autofocus_depth":0.0,"autofocus_target":[0.5,0.5,0.5],"fov_axis":1,"matrix":[[0.9205042123794556,0.03631848469376564,-0.38903942704200745,0.1091609075665474],[2.0954757928848267e-09,-0.995670735836029,-0.09295005351305008,0.29942408204078674],[-0.3907308876514435,0.08556077629327774,-0.916519820690155,0.9583427309989929]],"relative_focal_length":[1.0,1.0],"scale":0.14864350855350494,"screen_center":[0.5000522136688232,0.49666839838027954],"zoom":1.0},"frame":12,"views":[{"camera0":[[0.9801360368728638,0.07807028293609619,-0.18230998516082764,0.2083379626274109],[0.08381952345371246,-0.9961910247802734,0.02403392642736435,0.3310306668281555],[-0.17973896861076355,-0.03883786499500275,-0.9829472899436951,1.210937738418579]],"camera1":[[0.9801360368728638,0.07807028293609619,-0.18230998516082764,0.2083379626274109],[0.08381952345371246,-0.9961910247802734,0.02403392642736435,0.3310306668281555],[-0.17973896861076355,-0.03883786499500275,-0.9829472899436951,1.210937738418579]],"full_resolution":[2064,2272],"relative_focal_length":[0.4356694221496582,0.4339345097541809],"screen_center":[0.3787437081336975,0.5965937376022339],"visualized_dimension":-1},{"camera0":[[0.9801360368728638,0.07807028293609619,-0.18230998516082764,0.21718449890613556],[0.08381952345371246,-0.9961910247802734,0.02403392642736435,0.33178719878196716],[-0.17973896861076355,-0.03883786499500275,-0.9829472899436951,1.209315538406372]],"camera1":[[0.9801360368728638,0.07807028293609619,-0.18230998516082764,0.21718449890613556],[0.08381952345371246,-0.9961910247802734,0.02403392642736435,0.33178719878196716],[-0.17973896861076355,-0.03883786499500275,-0.9829472899436951,1.209315538406372]],"full_resolution":[2064,2272],"relative_focal_length":[0.4356694221496582,0.4339345097541809],"screen_center":[0.6212562918663025,0.5965937376022339],"visualized_dimension":-1}]}
{"camera":{"aperture_size":0.0,"autofocus":false,"autofocus_depth":0.0,"autofocus_target":[0.5,0.5,0.5],"fov_axis":1,"matrix":[[0.9205042123794556,0.03631848469376564,-0.38903942704200745,0.1091609075665474],[2.0954757928848267e-09,-0.995670735836029,-0.09295005351305008,0.29942408204078674],[-0.3907308876514435,0.08556077629327774,-0.916519820690155,0.9583427309989929]],"relative_focal_length":[1.0,1.0],"scale":0.14864350855350494,"screen_center":[0.5000522136688232,0.49666839838027954],"zoom":1.0},"frame":12,"views":[{"camera0":[[0.9735456705093384,0.08179832994937897,-0.21334624290466309,0.20590586960315704],[0.09217318147420883,-0.9949739575386047,0.03912709653377533,0.3308170437812805],[-0.20907318592071533,-0.05775701254606247,-0.9761927723884583,1.2103495597839355]],"camera1":[[0.9735456705093384,0.08179832994937897,-0.21334624290466309,0.20590586960315704],[0.09217318147420883,-0.9949739575386047,0.03912709653377533,0.3308170437812805],[-0.20907318592071533,-0.05775701254606247,-0.9761927723884583,1.2103495597839355]],"full_resolution":[2064,2272],"relative_focal_length":[0.4356694221496582,0.4339345097541809],"screen_center":[0.3787437081336975,0.5965937376022339],"visualized_dimension":-1},{"camera0":[[0.9735456705093384,0.08179832994937897,-0.21334624290466309,0.21469292044639587],[0.09217318147420883,-0.9949739575386047,0.03912709653377533,0.33164897561073303],[-0.20907318592071533,-0.05775701254606247,-0.9761927723884583,1.2084624767303467]],"camera1":[[0.9735456705093384,0.08179832994937897,-0.21334624290466309,0.21469292044639587],[0.09217318147420883,-0.9949739575386047,0.03912709653377533,0.33164897561073303],[-0.20907318592071533,-0.05775701254606247,-0.9761927723884583,1.2084624767303467]],"full_resolution":[2064,2272],"relative_focal_length":[0.4356694221496582,0.4339345097541809],"screen_center":[0.6212562918663025,0.5965937376022339],"visualized_dimension":-1}]}
{"camera":{"aperture_size":0.0,"autofocus":false,"autofocus_depth":0.0,"autofocus_target":[0.5,0.5,0.5],"fov_axis":1,"matrix":[[0.9205042123794556,0.03631848469376564,-0.38903942704200745,0.1091609075665474],[2.0954757928848267e-09,-0.995670735836029,-0.09295005351305008,0.29942408204078674],[-0.3907308876514435,0.08556077629327774,-0.916519820690155,0.9583427309989929]],"relative_focal_length":[1.0,1.0],"scale":0.14864350855350494,"screen_center":[0.5000522136688232,0.49666839838027954],"zoom":1.0},"frame":13,"views":[{"camera0":[[0.9707537889480591,0.0891018807888031,-0.22292736172676086,0.205032080411911],[0.10113850980997086,-0.9939361810684204,0.04314865171909332,0.33048728108406067],[-0.21773073077201843,-0.06443348526954651,-0.9738795757293701,1.2097461223602295]],"camera1":[[0.9707537889480591,0.0891018807888031,-0.22292736172676086,0.205032080411911],[0.10113850980997086,-0.9939361810684204,0.04314865171909332,0.33048728108406067],[-0.21773073077201843,-0.06443348526954651,-0.9738795757293701,1.2097461223602295]],"full_resolution":[2064,2272],"relative_focal_length":[0.4356694221496582,0.4339345097541809],"screen_center":[0.3787437081336975,0.5965937376022339],"visualized_dimension":-1},{"camera0":[[0.9707537889480591,0.0891018807888031,-0.22292736172676086,0.21379393339157104],[0.10113850980997086,-0.9939361810684204,0.04314865171909332,0.33140015602111816],[-0.21773073077201843,-0.06443348526954651,-0.9738795757293701,1.2077808380126953]],"camera1":[[0.9707537889480591,0.0891018807888031,-0.22292736172676086,0.21379393339157104],[0.10113850980997086,-0.9939361810684204,0.04314865171909332,0.33140015602111816],[-0.21773073077201843,-0.06443348526954651,-0.9738795757293701,1.2077808380126953]],"full_resolution":[2064,2272],"relative_focal_length":[0.4356694221496582,0.4339345097541809],"screen_center":[0.6212562918663025,0.5965937376022339],"visualized_dimension":-1}]}
{"camera":{"aperture_size":0.0,"autofocus":false,"autofocus_depth":0.0,"autofocus_target":[0.5,0.5,0.5],"fov_axis":1,"matrix":[[0.9205042123794556,0.03631848469376564,-0.38903942704200745,0.1091609075665474],[2.0954757928848267e-09,-0.995670735836029,-0.09295005351305008,0.29942408204078674],[-0.3907308876514435,0.08556077629327774,-0.916519820690155,0.9583427309989929]],"relative_focal_length":[1.0,1.0],"scale":0.14864350855350494,"screen_center":[0.5000522136688232,0.49666839838027954],"zoom":1.0},"frame":14,"views":[{"camera0":[[0.9635205268859863,0.0966477245092392,-0.24957165122032166,0.20321759581565857],[0.10960788279771805,-0.9932277202606201,0.03853108733892441,0.3301462233066559],[-0.24415729939937592,-0.0644807368516922,-0.9675894379615784,1.2085330486297607]],"camera1":[[0.9635205268859863,0.0966477245092392,-0.24957165122032166,0.20321759581565857],[0.10960788279771805,-0.9932277202606201,0.03853108733892441,0.3301462233066559],[-0.24415729939937592,-0.0644807368516922,-0.9675894379615784,1.2085330486297607]],"full_resolution":[2064,2272],"relative_focal_length":[0.4356694221496582,0.4339345097541809],"screen_center":[0.3787437081336975,0.5965937376022339],"visualized_dimension":-1},{"camera0":[[0.9635205268859863,0.0966477245092392,-0.24957165122032166,0.21191416680812836],[0.10960788279771805,-0.9932277202606201,0.03853108733892441,0.3311355412006378],[-0.24415729939937592,-0.0644807368516922,-0.9675894379615784,1.206329345703125]],"camera1":[[0.9635205268859863,0.0966477245092392,-0.24957165122032166,0.21191416680812836],[0.10960788279771805,-0.9932277202606201,0.03853108733892441,0.3311355412006378],[-0.24415729939937592,-0.0644807368516922,-0.9675894379615784,1.206329345703125]],"full_resolution":[2064,2272],"relative_focal_length":[0.4356694221496582,0.4339345097541809],"screen_center":[0.6212562918663025,0.5965937376022339],"visualized_dimension":-1}]}
