{"camera":{"aperture_size":0.0,"autofocus":false,"autofocus_depth":0.0,"autofocus_target":[0.5,0.5,0.5],"fov_axis":1,"matrix":[[0.9205042123794556,0.03631848469376564,-0.38903942704200745,0.12303932011127472],[2.0954757928848267e-09,-0.995670735836029,-0.09295005351305008,0.26977601647377014],[-0.3907308876514435,0.08556077629327774,-0.916519820690155,1.0650557279586792]],"relative_focal_length":[1.0,1.0],"scale":0.14864350855350494,"screen_center":[0.5000522136688232,0.49666839838027954],"zoom":1.0},"frame":1,"views":[{"camera0":[[0.967168927192688,0.04145464301109314,-0.25072821974754333,0.3181722164154053],[0.11203613132238388,-0.9551075100898743,0.2742580473423004,0.30793094635009766],[-0.228102907538414,-0.2933448255062103,-0.9283952713012695,1.3115143775939941]],"camera1":[[0.967168927192688,0.04145464301109314,-0.25072821974754333,0.3181722164154053],[0.11203613132238388,-0.9551075100898743,0.2742580473423004,0.30793094635009766],[-0.228102907538414,-0.2933448255062103,-0.9283952713012695,1.3115143775939941]],"full_resolution":[2064,2272],"relative_focal_length":[0.4356694221496582,0.4339345097541809],"screen_center":[0.3787437081336975,0.5965937376022339],"visualized_dimension":-1},{"camera0":[[0.967168927192688,0.04145464301109314,-0.25072821974754333,0.32690173387527466],[0.11203613132238388,-0.9551075100898743,0.2742580473423004,0.30894213914871216],[-0.228102907538414,-0.2933448255062103,-0.9283952713012695,1.3094555139541626]],"camera1":[[0.967168927192688,0.04145464301109314,-0.25072821974754333,0.32690173387527466],[0.11203613132238388,-0.9551075100898743,0.2742580473423004,0.30894213914871216],[-0.228102907538414,-0.2933448255062103,-0.9283952713012695,1.3094555139541626]],"full_resolution":[2064,2272],"relative_focal_length":[0.4356694221496582,0.4339345097541809],"screen_center":[0.6212562918663025,0.5965937376022339],"visualized_dimension":-1}]}
{"camera":{"aperture_size":0.0,"autofocus":false,"autofocus_depth":0.0,"autofocus_target":[0.5,0.5,0.5],"fov_axis":1,"matrix":[[0.9205042123794556,0.03631848469376564,-0.38903942704200745,0.12303932011127472],[2.0954757928848267e-09,-0.995670735836029,-0.09295005351305008,0.26977601647377014],[-0.3907308876514435,0.08556077629327774,-0.916519820690155,1.0650557279586792]],"relative_focal_length":[1.0,1.0],"scale":0.14864350855350494,"screen_center":[0.5000522136688232,0.49666839838027954],"zoom":1.0},"frame":2,"views":[{"camera0":[[0.965161144733429,0.04057107865810394,-0.2584892511367798,0.3194334805011749],[0.11121878027915955,-0.9578297138214111,0.26493892073631287,0.3079715371131897],[-0.2368396371603012,-0.2844579815864563,-0.9289728403091431,1.3132460117340088]],"camera1":[[0.965161144733429,0.04057107865810394,-0.2584892511367798,0.3194334805011749],[0.11121878027915955,-0.9578297138214111,0.26493892073631287,0.3079715371131897],[-0.2368396371603012,-0.2844579815864563,-0.9289728403091431,1.3132460117340088]],"full_resolution":[2064,2272],"relative_focal_length":[0.4356694221496582,0.4339345097541809],"screen_center":[0.3787437081336975,0.5965937376022339],"visualized_dimension":-1},{"camera0":[[0.965161144733429,0.04057107865810394,-0.2584892511367798,0.3281448781490326],[0.11121878027915955,-0.9578297138214111,0.26493892073631287,0.3089753985404968],[-0.2368396371603012,-0.2844579815864563,-0.9289728403091431,1.3111083507537842]],"camera1":[[0.965161144733429,0.04057107865810394,-0.2584892511367798,0.3281448781490326],[0.11121878027915955,-0.9578297138214111,0.26493892073631287,0.3089753985404968],[-0.2368396371603012,-0.2844579815864563,-0.9289728403091431,1.3111083507537842]],"full_resolution":[2064,2272],"relative_focal_length":[0.4356694221496582,0.4339345097541809],"screen_center":[0.6212562918663025,0.5965937376022339],"visualized_dimension":-1}]}
{"camera":{"aperture_size":0.0,"autofocus":false,"autofocus_depth":0.0,"autofocus_target":[0.5,0.5,0.5],"fov_axis":1,"matrix":[[0.9205042123794556,0.03631848469376564,-0.38903942704200745,0.12303932011127472],[2.0954757928848267e-09,-0.995670735836029,-0.09295005351305008,0.26977601647377014],[-0.3907308876514435,0.08556077629327774,-0.916519820690155,1.0650557279586792]],"relative_focal_length":[1.0,1.0],"scale":0.14864350855350494,"screen_center":[0.5000522136688232,0.49666839838027954],"zoom":1.0},"frame":2,"views":[{"camera0":[[0.9632568359375,0.03521382808685303,-0.26626116037368774,0.32117778062820435],[0.10591574013233185,-0.9608300924301147,0.2561004161834717,0.30809882283210754],[-0.24681326746940613,-0.27489206194877625,-0.9292564392089844,1.3147664070129395]],"camera1":[[0.9632568359375,0.03521382808685303,-0.26626116037368774,0.32117778062820435],[0.10591574013233185,-0.9608300924301147,0.2561004161834717,0.30809882283210754],[-0.24681326746940613,-0.27489206194877625,-0.9292564392089844,1.3147664070129395]],"full_resolution":[2064,2272],"relative_focal_length":[0.4356694221496582,0.4339345097541809],"screen_center":[0.3787437081336975,0.5965937376022339],"visualized_dimension":-1},{"camera0":[[0.9632568359375,0.03521382808685303,-0.26626116037368774,0.3298719525337219],[0.10591574013233185,-0.9608300924301147,0.2561004161834717,0.30905479192733765],[-0.24681326746940613,-0.27489206194877625,-0.9292564392089844,1.3125386238098145]],"camera1":[[0.9632568359375,0.03521382808685303,-0.26626116037368774,0.3298719525337219],[0.10591574013233185,-0.9608300924301147,0.2561004161834717,0.30905479192733765],[-0.24681326746940613,-0.27489206194877625,-0.9292564392089844,1.3125386238098145]],"full_resolution":[2064,2272],"relative_focal_length":[0.4356694221496582,0.4339345097541809],"screen_center":[0.6212562918663025,0.5965937376022339],"visualized_dimension":-1}]}
{"camera":{"aperture_size":0.0,"autofocus":false,"autofocus_depth":0.0,"autofocus_target":[0.5,0.5,0.5],"fov_axis":1,"matrix":[[0.9205042123794556,0.03631848469376564,-0.38903942704200745,0.12303932011127472],[2.0954757928848267e-09,-0.995670735836029,-0.09295005351305008,0.26977601647377014],[-0.3907308876514435,0.08556077629327774,-0.916519820690155,1.0650557279586792]],"relative_focal_length":[1.0,1.0],"scale":0.14864350855350494,"screen_center":[0.5000522136688232,0.49666839838027954],"zoom":1.0},"frame":3,"views":[{"camera0":[[0.9642394185066223,0.028231069445610046,-0.2635226547718048,0.3243764042854309],[0.09639185667037964,-0.9635720252990723,0.24947448074817657,0.3081766963005066],[-0.2468799352645874,-0.2659548819065094,-0.931835949420929,1.3168152570724487]],"camera1":[[0.9642394185066223,0.028231069445610046,-0.2635226547718048,0.3243764042854309],[0.09639185667037964,-0.9635720252990723,0.24947448074817657,0.3081766963005066],[-0.2468799352645874,-0.2659548819065094,-0.931835949420929,1.3168152570724487]],"full_resolution":[2064,2272],"relative_focal_length":[0.4356694221496582,0.4339345097541809],"screen_center":[0.3787437081336975,0.5965937376022339],"visualized_dimension":-1},{"camera0":[[0.9642394185066223,0.028231069445610046,-0.2635226547718048,0.33307945728302],[0.09639185667037964,-0.9635720252990723,0.24947448074817657,0.3090467154979706],[-0.2468799352645874,-0.2659548819065094,-0.931835949420929,1.3145869970321655]],"camera1":[[0.9642394185066223,0.028231069445610046,-0.2635226547718048,0.33307945728302],[0.09639185667037964,-0.9635720252990723,0.24947448074817657,0.3090467154979706],[-0.2468799352645874,-0.2659548819065094,-0.931835949420929,1.3145869970321655]],"full_resolution":[2064,2272],"relative_focal_length":[0.4356694221496582,0.4339345097541809],"screen_center":[0.6212562918663025,0.5965937376022339],"visualized_dimension":-1}]}
{"camera":{"aperture_size":0.0,"autofocus":false,"autofocus_depth":0.0,"autofocus_target":[0.5,0.5,0.5],"fov_axis":1,"matrix":[[0.9205042123794556,0.03631848469376564,-0.38903942704200745,0.12303932011127472],[2.0954757928848267e-09,-0.995670735836029,-0.09295005351305008,0.26977601647377014],[-0.3907308876514435,0.08556077629327774,-0.916519820690155,1.0650557279586792]],"relative_focal_length":[1.0,1.0],"scale":0.14864350855350494,"screen_center":[0.5000522136688232,0.49666839838027954],"zoom":1.0},"frame":4,"views":[{"camera0":[[0.9676770567893982,0.02816341072320938,-0.25061243772506714,0.32694879174232483],[0.0916021317243576,-0.9651251435279846,0.24523955583572388,0.3084472715854645],[-0.23496533930301666,-0.2602697014808655,-0.9365099668502808,1.31788170337677]],"camera1":[[0.9676770567893982,0.02816341072320938,-0.25061243772506714,0.32694879174232483],[0.0916021317243576,-0.9651251435279846,0.24523955583572388,0.3084472715854645],[-0.23496533930301666,-0.2602697014808655,-0.9365099668502808,1.31788170337677]],"full_resolution":[2064,2272],"relative_focal_length":[0.4356694221496582,0.4339345097541809],"screen_center":[0.3787437081336975,0.5965937376022339],"visualized_dimension":-1},{"camera0":[[0.9676770567893982,0.02816341072320938,-0.25061243772506714,0.3356828987598419],[0.0916021317243576,-0.9651251435279846,0.24523955583572388,0.3092740476131439],[-0.23496533930301666,-0.2602697014808655,-0.9365099668502808,1.3157609701156616]],"camera1":[[0.9676770567893982,0.02816341072320938,-0.25061243772506714,0.3356828987598419],[0.0916021317243576,-0.9651251435279846,0.24523955583572388,0.3092740476131439],[-0.23496533930301666,-0.2602697014808655,-0.9365099668502808,1.3157609701156616]],"full_resolution":[2064,2272],"relative_focal_length":[0.4356694221496582,0.4339345097541809],"screen_center":[0.6212562918663025,0.5965937376022339],"visualized_dimension":-1}]}
{"camera":{"aperture_size":0.0,"autofocus":false,"autofocus_depth":0.0,"autofocus_target":[0.5,0.5,0.5],"fov_axis":1,"matrix":[[0.9205042123794556,0.03631848469376564,-0.38903942704200745,0.12303932011127472],[2.0954757928848267e-09,-0.995670735836029,-0.09295005351305008,0.26977601647377014],[-0.3907308876514435,0.08556077629327774,-0.916519820690155,1.0650557279586792]],"relative_focal_length":[1.0,1.0],"scale":0.14864350855350494,"screen_center":[0.5000522136688232,0.49666839838027954],"zoom":1.0},"frame":5,"views":[{"camera0":[[0.9730076193809509,0.019407637417316437,-0.22995266318321228,0.3297768533229828],[0.07667229324579239,-0.9670391082763672,0.2428099811077118,0.3094639778137207],[-0.21766062080860138,-0.2538872957229614,-0.942425012588501,1.3186442852020264]],"camera1":[[0.9730076193809509,0.019407637417316437,-0.22995266318321228,0.3297768533229828],[0.07667229324579239,-0.9670391082763672,0.2428099811077118,0.3094639778137207],[-0.21766062080860138,-0.2538872957229614,-0.942425012588501,1.3186442852020264]],"full_resolution":[2064,2272],"relative_focal_length":[0.4356694221496582,0.4339345097541809],"screen_center":[0.3787437081336975,0.5965937376022339],"visualized_dimension":-1},{"camera0":[[0.9730076193809509,0.019407637417316437,-0.22995266318321228,0.3385590612888336],[0.07667229324579239,-0.9670391082763672,0.2428099811077118,0.310155987739563],[-0.21766062080860138,-0.2538872957229614,-0.942425012588501,1.3166797161102295]],"camera1":[[0.9730076193809509,0.019407637417316437,-0.22995266318321228,0.3385590612888336],[0.07667229324579239,-0.9670391082763672,0.2428099811077118,0.310155987739563],[-0.21766062080860138,-0.2538872957229614,-0.942425012588501,1.3166797161102295]],"full_resolution":[2064,2272],"relative_focal_length":[0.4356694221496582,0.4339345097541809],"screen_center":[0.6212562918663025,0.5965937376022339],"visualized_dimension":-1}]}
{"camera":{"aperture_size":0.0,"autofocus":false,"autofocus_depth":0.0,"autofocus_target":[0.5,0.5,0.5],"fov_axis":1,"matrix":[[0.9205042123794556,0.03631848469376564,-0.38903942704200745,0.12303932011127472],[2.0954757928848267e-09,-0.995670735836029,-0.09295005351305008,0.26977601647377014],[-0.3907308876514435,0.08556077629327774,-0.916519820690155,1.0650557279586792]],"relative_focal_length":[1.0,1.0],"scale":0.14864350855350494,"screen_center":[0.5000522136688232,0.49666839838027954],"zoom":1.0},"frame":6,"views":[{"camera0":[[0.980029821395874,0.007814764976501465,-0.19869345426559448,0.3327074646949768],[0.055722739547491074,-0.9699847102165222,0.2366950809955597,0.30973920226097107],[-0.19087964296340942,-0.2430402934551239,-0.9510500431060791,1.319262146949768]],"camera1":[[0.980029821395874,0.007814764976501465,-0.19869345426559448,0.3327074646949768],[0.055722739547491074,-0.9699847102165222,0.2366950809955597,0.30973920226097107],[-0.19087964296340942,-0.2430402934551239,-0.9510500431060791,1.319262146949768]],"full_resolution":[2064,2272],"relative_focal_length":[0.4356694221496582,0.4339345097541809],"screen_center":[0.3787437081336975,0.5965937376022339],"visualized_dimension":-1},{"camera0":[[0.980029821395874,0.007814764976501465,-0.19869345426559448,0.3415530025959015],[0.055722739547491074,-0.9699847102165222,0.2366950809955597,0.31024211645126343],[-0.19087964296340942,-0.2430402934551239,-0.9510500431060791,1.3175393342971802]],"camera1":[[0.980029821395874,0.007814764976501465,-0.19869345426559448,0.3415530025959015],[0.055722739547491074,-0.9699847102165222,0.2366950809955597,0.31024211645126343],[-0.19087964296340942,-0.2430402934551239,-0.9510500431060791,1.3175393342971802]],"full_resolution":[2064,2272],"relative_focal_length":[0.4356694221496582,0.4339345097541809],"screen_center":[0.6212562918663025,0.5965937376022339],"visualized_dimension":-1}]}
{"camera":{"aperture_size":0.0,"autofocus":false,"autofocus_depth":0.0,"autofocus_target":[0.5,0.5,0.5],"fov_axis":1,"matrix":[[0.9205042123794556,0.03631848469376564,-0.38903942704200745,0.12303932011127472],[2.0954757928848267e-09,-0.995670735836029,-0.09295005351305008,0.26977601647377014],[-0.3907308876514435,0.08556077629327774,-0.916519820690155,1.0650557279586792]],"relative_focal_length":[1.0,1.0],"scale":0.14864350855350494,"screen_center":[0.5000522136688232,0.49666839838027954],"zoom":1.0},"frame":7,"views":[{"camera0":[[0.985883355140686,0.007183730602264404,-0.16727562248706818,0.3356766104698181],[0.045726582407951355,-0.9726497530937195,0.2277308851480484,0.30979931354522705],[-0.16106440126895905,-0.2321653664112091,-0.9592483043670654,1.3198031187057495]],"camera1":[[0.985883355140686,0.007183730602264404,-0.16727562248706818,0.3356766104698181],[0.045726582407951355,-0.9726497530937195,0.2277308851480484,0.30979931354522705],[-0.16106440126895905,-0.2321653664112091,-0.9592483043670654,1.3198031187057495]],"full_resolution":[2064,2272],"relative_focal_length":[0.4356694221496582,0.4339345097541809],"screen_center":[0.3787437081336975,0.5965937376022339],"visualized_dimension":-1},{"camera0":[[0.985883355140686,0.007183730602264404,-0.16727562248706818,0.3445749878883362],[0.045726582407951355,-0.9726497530937195,0.2277308851480484,0.31021204590797424],[-0.16106440126895905,-0.2321653664112091,-0.9592483043670654,1.3183493614196777]],"camera1":[[0.985883355140686,0.007183730602264404,-0.16727562248706818,0.3445749878883362],[0.045726582407951355,-0.9726497530937195,0.2277308851480484,0.31021204590797424],[-0.16106440126895905,-0.2321653664112091,-0.9592483043670654,1.3183493614196777]],"full_resolution":[2064,2272],"relative_focal_length":[0.4356694221496582,0.4339345097541809],"screen_center":[0.6212562918663025,0.5965937376022339],"visualized_dimension":-1}]}
{"camera":{"aperture_size":0.0,"autofocus":false,"autofocus_depth":0.0,"autofocus_target":[0.5,0.5,0.5],"fov_axis":1,"matrix":[[0.9205042123794556,0.03631848469376564,-0.38903942704200745,0.12303932011127472],[2.0954757928848267e-09,-0.995670735836029,-0.09295005351305008,0.26977601647377014],[-0.3907308876514435,0.08556077629327774,-0.916519820690155,1.0650557279586792]],"relative_focal_length":[1.0,1.0],"scale":0.14864350855350494,"screen_center":[0.5000522136688232,0.49666839838027954],"zoom":1.0},"frame":8,"views":[{"camera0":[[0.9897741675376892,0.003971584141254425,-0.14258331060409546,0.33838921785354614],[0.03622792661190033,-0.973832905292511,0.22435879707336426,0.3098127245903015],[-0.1379609853029251,-0.22723042964935303,-0.9640191793441772,1.3203611373901367]],"camera1":[[0.9897741675376892,0.003971584141254425,-0.14258331060409546,0.33838921785354614],[0.03622792661190033,-0.973832905292511,0.22435879707336426,0.3098127245903015],[-0.1379609853029251,-0.22723042964935303,-0.9640191793441772,1.3203611373901367]],"full_resolution":[2064,2272],"relative_focal_length":[0.4356694221496582,0.4339345097541809],"screen_center":[0.3787437081336975,0.5965937376022339],"visualized_dimension":-1},{"camera0":[[0.9897741675376892,0.003971584141254425,-0.14258331060409546,0.3473227620124817],[0.03622792661190033,-0.973832905292511,0.22435879707336426,0.3101397156715393],[-0.1379609853029251,-0.22723042964935303,-0.9640191793441772,1.3191158771514893]],"camera1":[[0.9897741675376892,0.003971584141254425,-0.14258331060409546,0.3473227620124817],[0.03622792661190033,-0.973832905292511,0.22435879707336426,0.3101397156715393],[-0.1379609853029251,-0.22723042964935303,-0.9640191793441772,1.3191158771514893]],"full_resolution":[2064,2272],"relative_focal_length":[0.4356694221496582,0.4339345097541809],"screen_center":[0.6212562918663025,0.5965937376022339],"visualized_dimension":-1}]}
{"camera":{"aperture_size":0.0,"autofocus":false,"autofocus_depth":0.0,"autofocus_target":[0.5,0.5,0.5],"fov_axis":1,"matrix":[[0.9205042123794556,0.03631848469376564,-0.38903942704200745,0.12303932011127472],[2.0954757928848267e-09,-0.995670735836029,-0.09295005351305008,0.26977601647377014],[-0.3907308876514435,0.08556077629327774,-0.916519820690155,1.0650557279586792]],"relative_focal_length":[1.0,1.0],"scale":0.14864350855350494,"screen_center":[0.5000522136688232,0.49666839838027954],"zoom":1.0},"frame":9,"views":[{"camera0":[[0.992542564868927,-0.007537476718425751,-0.12166030704975128,0.3408520817756653],[0.018420204520225525,-0.9773492217063904,0.21082961559295654,0.31003209948539734],[-0.12049347162246704,-0.2114986777305603,-0.9699224233627319,1.3210314512252808]],"camera1":[[0.992542564868927,-0.007537476718425751,-0.12166030704975128,0.3408520817756653],[0.018420204520225525,-0.9773492217063904,0.21082961559295654,0.31003209948539734],[-0.12049347162246704,-0.2114986777305603,-0.9699224233627319,1.3210314512252808]],"full_resolution":[2064,2272],"relative_focal_length":[0.4356694221496582,0.4339345097541809],"screen_center":[0.3787437081336975,0.5965937376022339],"visualized_dimension":-1},{"camera0":[[0.992542564868927,-0.007537476718425751,-0.12166030704975128,0.3498106002807617],[0.018420204520225525,-0.9773492217063904,0.21082961559295654,0.3101983666419983],[-0.12049347162246704,-0.2114986777305603,-0.9699224233627319,1.319943904876709]],"camera1":[[0.992542564868927,-0.007537476718425751,-0.12166030704975128,0.3498106002807617],[0.018420204520225525,-0.9773492217063904,0.21082961559295654,0.3101983666419983],[-0.12049347162246704,-0.2114986777305603,-0.9699224233627319,1.319943904876709]],"full_resolution":[2064,2272],"relative_focal_length":[0.4356694221496582,0.4339345097541809],"screen_center":[0.6212562918663025,0.5965937376022339],"visualized_dimension":-1}]}
{"camera":{"aperture_size":0.0,"autofocus":false,"autofocus_depth":0.0,"autofocus_target":[0.5,0.5,0.5],"fov_axis":1,"matrix":[[0.9205042123794556,0.03631848469376564,-0.38903942704200745,0.12303932011127472],[2.0954757928848267e-09,-0.995670735836029,-0.09295005351305008,0.26977601647377014],[-0.3907308876514435,0.08556077629327774,-0.916519820690155,1.0650557279586792]],"relative_focal_length":[1.0,1.0],"scale":0.14864350855350494,"screen_center":[0.5000522136688232,0.49666839838027954],"zoom":1.0},"frame":10,"views":[{"camera0":[[0.9942777156829834,-0.01884172111749649,-0.10514549911022186,0.3428226709365845],[0.0038720127195119858,-0.9773169159889221,0.21174657344818115,0.31029239296913147],[-0.10674986243247986,-0.21094238758087158,-0.9716520309448242,1.3218648433685303]],"camera1":[[0.9942777156829834,-0.01884172111749649,-0.10514549911022186,0.3428226709365845],[0.0038720127195119858,-0.9773169159889221,0.21174657344818115,0.31029239296913147],[-0.10674986243247986,-0.21094238758087158,-0.9716520309448242,1.3218648433685303]],"full_resolution":[2064,2272],"relative_focal_length":[0.4356694221496582,0.4339345097541809],"screen_center":[0.3787437081336975,0.5965937376022339],"visualized_dimension":-1},{"camera0":[[0.9942777156829834,-0.01884172111749649,-0.10514549911022186,0.35179680585861206],[0.0038720127195119858,-0.9773169159889221,0.21174657344818115,0.31032732129096985],[-0.10674986243247986,-0.21094238758087158,-0.9716520309448242,1.3209012746810913]],"camera1":[[0.9942777156829834,-0.01884172111749649,-0.10514549911022186,0.35179680585861206],[0.0038720127195119858,-0.9773169159889221,0.21174657344818115,0.31032732129096985],[-0.10674986243247986,-0.21094238758087158,-0.9716520309448242,1.3209012746810913]],"full_resolution":[2064,2272],"relative_focal_length":[0.4356694221496582,0.4339345097541809],"screen_center":[0.6212562918663025,0.5965937376022339],"visualized_dimension":-1}]}
{"camera":{"aperture_size":0.0,"autofocus":false,"autofocus_depth":0.0,"autofocus_target":[0.5,0.5,0.5],"fov_axis":1,"matrix":[[0.9205042123794556,0.03631848469376564,-0.38903942704200745,0.12303932011127472],[2.0954757928848267e-09,-0.995670735836029,-0.09295005351305008,0.26977601647377014],[-0.3907308876514435,0.08556077629327774,-0.916519820690155,1.0650557279586792]],"relative_focal_length":[1.0,1.0],"scale":0.14864350855350494,"screen_center":[0.5000522136688232,0.49666839838027954],"zoom":1.0},"frame":10,"views":[{"camera0":[[0.9954832792282104,-0.030657850205898285,-0.08984267711639404,0.3443913459777832],[-0.010997617617249489,-0.9772874712944031,0.2116321623325348,0.31043723225593567],[-0.09428995847702026,-0.20968857407569885,-0.9732112288475037,1.3227568864822388]],"camera1":[[0.9954832792282104,-0.030657850205898285,-0.08984267711639404,0.3443913459777832],[-0.010997617617249489,-0.9772874712944031,0.2116321623325348,0.31043723225593567],[-0.09428995847702026,-0.20968857407569885,-0.9732112288475037,1.3227568864822388]],"full_resolution":[2064,2272],"relative_focal_length":[0.4356694221496582,0.4339345097541809],"screen_center":[0.3787437081336975,0.5965937376022339],"visualized_dimension":-1},{"camera0":[[0.9954832792282104,-0.030657850205898285,-0.08984267711639404,0.35337644815444946],[-0.010997617617249489,-0.9772874712944031,0.2116321623325348,0.31033796072006226],[-0.09428995847702026,-0.20968857407569885,-0.9732112288475037,1.3219058513641357]],"camera1":[[0.9954832792282104,-0.030657850205898285,-0.08984267711639404,0.35337644815444946],[-0.010997617617249489,-0.9772874712944031,0.2116321623325348,0.31033796072006226],[-0.09428995847702026,-0.20968857407569885,-0.9732112288475037,1.3219058513641357]],"full_resolution":[2064,2272],"relative_focal_length":[0.4356694221496582,0.4339345097541809],"screen_center":[0.6212562918663025,0.5965937376022339],"visualized_dimension":-1}]}
{"camera":{"aperture_size":0.0,"autofocus":false,"autofocus_depth":0.0,"autofocus_target":[0.5,0.5,0.5],"fov_axis":1,"matrix":[[0.9205042123794556,0.03631848469376564,-0.38903942704200745,0.12303932011127472],[2.0954757928848267e-09,-0.995670735836029,-0.09295005351305008,0.26977601647377014],[-0.3907308876514435,0.08556077629327774,-0.916519820690155,1.0650557279586792]],"relative_focal_length":[1.0,1.0],"scale":0.14864350855350494,"screen_center":[0.5000522136688232,0.49666839838027954],"zoom":1.0},"frame":11,"views":[{"camera0":[[0.996243953704834,-0.04141523689031601,-0.07603633403778076,0.3452121913433075],[-0.025564996525645256,-0.9797310829162598,0.19867879152297974,0.3106357753276825],[-0.08272325992584229,-0.1959889978170395,-0.9771105647087097,1.323946475982666]],"camera1":[[0.996243953704834,-0.04141523689031601,-0.07603633403778076,0.3452121913433075],[-0.025564996525645256,-0.9797310829162598,0.19867879152297974,0.3106357753276825],[-0.08272325992584229,-0.1959889978170395,-0.9771105647087097,1.323946475982666]],"full_resolution":[2064,2272],"relative_focal_length":[0.4356694221496582,0.4339345097541809],"screen_center":[0.3787437081336975,0.5965937376022339],"visualized_dimension":-1},{"camera0":[[0.996243953704834,-0.04141523689031601,-0.07603633403778076,0.35420411825180054],[-0.025564996525645256,-0.9797310829162598,0.19867879152297974,0.31040504574775696],[-0.08272325992584229,-0.1959889978170395,-0.9771105647087097,1.32319974899292]],"camera1":[[0.996243953704834,-0.04141523689031601,-0.07603633403778076,0.35420411825180054],[-0.025564996525645256,-0.9797310829162598,0.19867879152297974,0.31040504574775696],[-0.08272325992584229,-0.1959889978170395,-0.9771105647087097,1.32319974899292]],"full_resolution":[2064,2272],"relative_focal_length":[0.4356694221496582,0.4339345097541809],"screen_center":[0.6212562918663025,0.5965937376022339],"visualized_dimension":-1}]}
{"camera":{"aperture_size":0.0,"autofocus":false,"autofocus_depth":0.0,"autofocus_target":[0.5,0.5,0.5],"fov_axis":1,"matrix":[[0.9205042123794556,0.03631848469376564,-0.38903942704200745,0.12303932011127472],[2.0954757928848267e-09,-0.995670735836029,-0.09295005351305008,0.26977601647377014],[-0.3907308876514435,0.08556077629327774,-0.916519820690155,1.0650557279586792]],"relative_focal_length":[1.0,1.0],"scale":0.14864350855350494,"screen_center":[0.5000522136688232,0.49666839838027954],"zoom":1.0},"frame":12,"views":[{"camera0":[[0.9963217377662659,-0.04143495857715607,-0.07499900460243225,0.3454068899154663],[-0.0261965524405241,-0.9806914329528809,0.1937989890575409,0.3108593821525574],[-0.08158057928085327,-0.19112175703048706,-0.9781701564788818,1.3251500129699707]],"camera1":[[0.9963217377662659,-0.04143495857715607,-0.07499900460243225,0.3454068899154663],[-0.0261965524405241,-0.9806914329528809,0.1937989890575409,0.3108593821525574],[-0.08158057928085327,-0.19112175703048706,-0.9781701564788818,1.3251500129699707]],"full_resolution":[2064,2272],"relative_focal_length":[0.4356694221496582,0.4339345097541809],"screen_center":[0.3787437081336975,0.5965937376022339],"visualized_dimension":-1},{"camera0":[[0.9963217377662659,-0.04143495857715607,-0.07499900460243225,0.35439950227737427],[-0.0261965524405241,-0.9806914329528809,0.1937989890575409,0.3106229305267334],[-0.08158057928085327,-0.19112175703048706,-0.9781701564788818,1.324413776397705]],"camera1":[[0.9963217377662659,-0.04143495857715607,-0.07499900460243225,0.35439950227737427],[-0.0261965524405241,-0.9806914329528809,0.1937989890575409,0.3106229305267334],[-0.08158057928085327,-0.19112175703048706,-0.9781701564788818,1.324413776397705]],"full_resolution":[2064,2272],"relative_focal_length":[0.4356694221496582,0.4339345097541809],"screen_center":[0.6212562918663025,0.5965937376022339],"visualized_dimension":-1}]}
{"camera":{"aperture_size":0.0,"autofocus":false,"autofocus_depth":0.0,"autofocus_target":[0.5,0.5,0.5],"fov_axis":1,"matrix":[[0.9205042123794556,0.03631848469376564,-0.38903942704200745,0.12303932011127472],[2.0954757928848267e-09,-0.995670735836029,-0.09295005351305008,0.26977601647377014],[-0.3907308876514435,0.08556077629327774,-0.916519820690155,1.0650557279586792]],"relative_focal_length":[1.0,1.0],"scale":0.14864350855350494,"screen_center":[0.5000522136688232,0.49666839838027954],"zoom":1.0},"frame":12,"views":[{"camera0":[[0.9951936602592468,-0.042371056973934174,-0.08827823400497437,0.34491610527038574],[-0.02429884485900402,-0.9801954627037048,0.1965360939502716,0.3111671805381775],[-0.09485706686973572,-0.19344671070575714,-0.976514458656311,1.3265570402145386]],"camera1":[[0.9951936602592468,-0.042371056973934174,-0.08827823400497437,0.34491610527038574],[-0.02429884485900402,-0.9801954627037048,0.1965360939502716,0.3111671805381775],[-0.09485706686973572,-0.19344671070575714,-0.976514458656311,1.3265570402145386]],"full_resolution":[2064,2272],"relative_focal_length":[0.4356694221496582,0.4339345097541809],"screen_center":[0.3787437081336975,0.5965937376022339],"visualized_dimension":-1},{"camera0":[[0.9951936602592468,-0.042371056973934174,-0.08827823400497437,0.3538985550403595],[-0.02429884485900402,-0.9801954627037048,0.1965360939502716,0.31094786524772644],[-0.09485706686973572,-0.19344671070575714,-0.976514458656311,1.3257007598876953]],"camera1":[[0.9951936602592468,-0.042371056973934174,-0.08827823400497437,0.3538985550403595],[-0.02429884485900402,-0.9801954627037048,0.1965360939502716,0.31094786524772644],[-0.09485706686973572,-0.19344671070575714,-0.976514458656311,1.3257007598876953]],"full_resolution":[2064,2272],"relative_focal_length":[0.4356694221496582,0.4339345097541809],"screen_center":[0.6212562918663025,0.5965937376022339],"visualized_dimension":-1}]}
{"camera":{"aperture_size":0.0,"autofocus":false,"autofocus_depth":0.0,"autofocus_target":[0.5,0.5,0.5],"fov_axis":1,"matrix":[[0.9205042123794556,0.03631848469376564,-0.38903942704200745,0.12303932011127472],[2.0954757928848267e-09,-0.995670735836029,-0.09295005351305008,0.26977601647377014],[-0.3907308876514435,0.08556077629327774,-0.916519820690155,1.0650557279586792]],"relative_focal_length":[1.0,1.0],"scale":0.14864350855350494,"screen_center":[0.5000522136688232,0.49666839838027954],"zoom":1.0},"frame":13,"views":[{"camera0":[[0.9928805232048035,-0.04234173148870468,-0.11132925748825073,0.34398478269577026],[-0.019175801426172256,-0.9793124198913574,0.20144322514533997,0.3113345205783844],[-0.11755526065826416,-0.1978745460510254,-0.973152756690979,1.3279898166656494]],"camera1":[[0.9928805232048035,-0.04234173148870468,-0.11132925748825073,0.34398478269577026],[-0.019175801426172256,-0.9793124198913574,0.20144322514533997,0.3113345205783844],[-0.11755526065826416,-0.1978745460510254,-0.973152756690979,1.3279898166656494]],"full_resolution":[2064,2272],"relative_focal_length":[0.4356694221496582,0.4339345097541809],"screen_center":[0.3787437081336975,0.5965937376022339],"visualized_dimension":-1},{"camera0":[[0.9928805232048035,-0.04234173148870468,-0.11132925748825073,0.35294634103775024],[-0.019175801426172256,-0.9793124198913574,0.20144322514533997,0.31116145849227905],[-0.11755526065826416,-0.1978745460510254,-0.973152756690979,1.3269288539886475]],"camera1":[[0.9928805232048035,-0.04234173148870468,-0.11132925748825073,0.35294634103775024],[-0.019175801426172256,-0.9793124198913574,0.20144322514533997,0.31116145849227905],[-0.11755526065826416,-0.1978745460510254,-0.973152756690979,1.3269288539886475]],"full_resolution":[2064,2272],"relative_focal_length":[0.4356694221496582,0.4339345097541809],"screen_center":[0.6212562918663025,0.5965937376022339],"visualized_dimension":-1}]}
{"camera":{"aperture_size":0.0,"autofocus":false,"autofocus_depth":0.0,"autofocus_target":[0.5,0.5,0.5],"fov_axis":1,"matrix":[[0.9205042123794556,0.03631848469376564,-0.38903942704200745,0.12303932011127472],[2.0954757928848267e-09,-0.995670735836029,-0.09295005351305008,0.26977601647377014],[-0.3907308876514435,0.08556077629327774,-0.916519820690155,1.0650557279586792]],"relative_focal_length":[1.0,1.0],"scale":0.14864350855350494,"screen_center":[0.5000522136688232,0.49666839838027954],"zoom":1.0},"frame":14,"views":[{"camera0":[[0.9897098541259766,-0.040911681950092316,-0.13711082935333252,0.34244853258132935],[-0.011373186483979225,-0.9777127504348755,0.20963865518569946,0.31135228276252747],[-0.142631396651268,-0.20592238008975983,-0.9681178331375122,1.3293910026550293]],"camera1":[[0.9897098541259766,-0.040911681950092316,-0.13711082935333252,0.34244853258132935],[-0.011373186483979225,-0.9777127504348755,0.20963865518569946,0.31135228276252747],[-0.142631396651268,-0.20592238008975983,-0.9681178331375122,1.3293910026550293]],"full_resolution":[2064,2272],"relative_focal_length":[0.4356694221496582,0.4339345097541809],"screen_center":[0.3787437081336975,0.5965937376022339],"visualized_dimension":-1},{"camera0":[[0.9897098541259766,-0.040911681950092316,-0.13711082935333252,0.35138148069381714],[-0.011373186483979225,-0.9777127504348755,0.20963865518569946,0.31124961376190186],[-0.142631396651268,-0.20592238008975983,-0.9681178331375122,1.3281036615371704]],"camera1":[[0.9897098541259766,-0.040911681950092316,-0.13711082935333252,0.35138148069381714],[-0.011373186483979225,-0.9777127504348755,0.20963865518569946,0.31124961376190186],[-0.142631396651268,-0.20592238008975983,-0.9681178331375122,1.3281036615371704]],"full_resolution":[2064,2272],"relative_focal_length":[0.4356694221496582,0.4339345097541809],"screen_center":[0.6212562918663025,0.5965937376022339],"visualized_dimension":-1}]}
{"camera":{"aperture_size":0.0,"autofocus":false,"autofocus_depth":0.0,"autofocus_target":[0.5,0.5,0.5],"fov_axis":1,"matrix":[[0.9205042123794556,0.03631848469376564,-0.38903942704200745,0.12303932011127472],[2.0954757928848267e-09,-0.995670735836029,-0.09295005351305008,0.26977601647377014],[-0.3907308876514435,0.08556077629327774,-0.916519820690155,1.0650557279586792]],"relative_focal_length":[1.0,1.0],"scale":0.14864350855350494,"screen_center":[0.5000522136688232,0.49666839838027954],"zoom":1.0},"frame":15,"views":[{"camera0":[[0.9860389232635498,-0.03879716247320175,-0.16192813217639923,0.3406757712364197],[-0.0030495263636112213,-0.9765211343765259,0.21540004014968872,0.31142398715019226],[-0.16648289561271667,-0.21189934015274048,-0.9630067348480225,1.3307404518127441]],"camera1":[[0.9860389232635498,-0.03879716247320175,-0.16192813217639923,0.3406757712364197],[-0.0030495263636112213,-0.9765211343765259,0.21540004014968872,0.31142398715019226],[-0.16648289561271667,-0.21189934015274048,-0.9630067348480225,1.3307404518127441]],"full_resolution":[2064,2272],"relative_focal_length":[0.4356694221496582,0.4339345097541809],"screen_center":[0.3787437081336975,0.5965937376022339],"visualized_dimension":-1},{"camera0":[[0.9860389232635498,-0.03879716247320175,-0.16192813217639923,0.34957557916641235],[-0.0030495263636112213,-0.9765211343765259,0.21540004014968872,0.31139644980430603],[-0.16648289561271667,-0.21189934015274048,-0.9630067348480225,1.329237699508667]],"camera1":[[0.9860389232635498,-0.03879716247320175,-0.16192813217639923,0.34957557916641235],[-0.0030495263636112213,-0.9765211343765259,0.21540004014968872,0.31139644980430603],[-0.16648289561271667,-0.21189934015274048,-0.9630067348480225,1.329237699508667]],"full_resolution":[2064,2272],"relative_focal_length":[0.4356694221496582,0.4339345097541809],"screen_center":[0.6212562918663025,0.5965937376022339],"visualized_dimension":-1}]}
{"camera":{"aperture_size":0.0,"autofocus":false,"autofocus_depth":0.0,"autofocus_target":[0.5,0.5,0.5],"fov_axis":1,"matrix":[[0.9205042123794556,0.03631848469376564,-0.38903942704200745,0.12303932011127472],[2.0954757928848267e-09,-0.995670735836029,-0.09295005351305008,0.26977601647377014],[-0.3907308876514435,0.08556077629327774,-0.916519820690155,1.0650557279586792]],"relative_focal_length":[1.0,1.0],"scale":0.14864350855350494,"screen_center":[0.5000522136688232,0.49666839838027954],"zoom":1.0},"frame":16,"views":[{"camera0":[[0.9799614548683167,-0.03949785232543945,-0.19522875547409058,0.33825647830963135],[0.004944673739373684,-0.9750156402587891,0.22208118438720703,0.3113819360733032],[-0.19912254810333252,-0.2185966670513153,-0.955282986164093,1.332092046737671]],"camera1":[[0.9799614548683167,-0.03949785232543945,-0.19522875547409058,0.33825647830963135],[0.004944673739373684,-0.9750156402587891,0.22208118438720703,0.3113819360733032],[-0.19912254810333252,-0.2185966670513153,-0.955282986164093,1.332092046737671]],"full_resolution":[2064,2272],"relative_focal_length":[0.4356694221496582,0.4339345097541809],"screen_center":[0.3787437081336975,0.5965937376022339],"visualized_dimension":-1},{"camera0":[[0.9799614548683167,-0.03949785232543945,-0.19522875547409058,0.34710144996643066],[0.004944673739373684,-0.9750156402587891,0.22208118438720703,0.3114265501499176],[-0.19912254810333252,-0.2185966670513153,-0.955282986164093,1.3302948474884033]],"camera1":[[0.9799614548683167,-0.03949785232543945,-0.19522875547409058,0.34710144996643066],[0.004944673739373684,-0.9750156402587891,0.22208118438720703,0.3114265501499176],[-0.19912254810333252,-0.2185966670513153,-0.955282986164093,1.3302948474884033]],"full_resolution":[2064,2272],"relative_focal_length":[0.4356694221496582,0.4339345097541809],"screen_center":[0.6212562918663025,0.5965937376022339],"visualized_dimension":-1}]}
{"camera":{"aperture_size":0.0,"autofocus":false,"autofocus_depth":0.0,"autofocus_target":[0.5,0.5,0.5],"fov_axis":1,"matrix":[[0.9205042123794556,0.03631848469376564,-0.38903942704200745,0.12303932011127472],[2.0954757928848267e-09,-0.995670735836029,-0.09295005351305008,0.26977601647377014],[-0.3907308876514435,0.08556077629327774,-0.916519820690155,1.0650557279586792]],"relative_focal_length":[1.0,1.0],"scale":0.14864350855350494,"screen_center":[0.5000522136688232,0.49666839838027954],"zoom":1.0},"frame":17,"views":[{"camera0":[[0.9695966243743896,-0.041655026376247406,-0.24113485217094421,0.33538758754730225],[0.015972405672073364,-0.9725308418273926,0.232225239276886,0.3113362789154053],[-0.2441842406988144,-0.22901663184165955,-0.9422978758811951,1.333665132522583]],"camera1":[[0.9695966243743896,-0.041655026376247406,-0.24113485217094421,0.33538758754730225],[0.015972405672073364,-0.9725308418273926,0.232225239276886,0.3113362789154053],[-0.2441842406988144,-0.22901663184165955,-0.9422978758811951,1.333665132522583]],"full_resolution":[2064,2272],"relative_focal_length":[0.4356694221496582,0.4339345097541809],"screen_center":[0.3787437081336975,0.5965937376022339],"visualized_dimension":-1},{"camera0":[[0.9695966243743896,-0.041655026376247406,-0.24113485217094421,0.3441389799118042],[0.015972405672073364,-0.9725308418273926,0.232225239276886,0.31148046255111694],[-0.2441842406988144,-0.22901663184165955,-0.9422978758811951,1.3314611911773682]],"camera1":[[0.9695966243743896,-0.041655026376247406,-0.24113485217094421,0.3441389799118042],[0.015972405672073364,-0.9725308418273926,0.232225239276886,0.31148046255111694],[-0.2441842406988144,-0.22901663184165955,-0.9422978758811951,1.3314611911773682]],"full_resolution":[2064,2272],"relative_focal_length":[0.4356694221496582,0.4339345097541809],"screen_center":[0.6212562918663025,0.5965937376022339],"visualized_dimension":-1}]}
