{"camera":{"aperture_size":0.0,"autofocus":false,"autofocus_depth":0.0,"autofocus_target":[0.5,0.5,0.5],"fov_axis":1,"matrix":[[1.0,0.0,0.0,0.0],[0.0,1.0,0.0,0.0],[0.0,0.0,1.0,0.0]],"relative_focal_length":[1.0,1.0],"scale":1.0,"screen_center":[0.5000522136688232,0.49666839838027954],"zoom":1.0},"frame":1,"views":[{"camera0":[[1.0,0.0,0.0,0.0],[0.0,1.0,0.0,0.0],[0.0,0.0,1.0,0.0]],"camera1":[[1.0,0.0,0.0,0.0],[0.0,1.0,0.0,0.0],[0.0,0.0,1.0,0.0]],"full_resolution":[1920,1080],"relative_focal_length":[1.0,1.0],"screen_center":[0.5000522136688232,0.49666839838027954],"visualized_dimension":-1}]}
{"camera":{"aperture_size":0.0,"autofocus":false,"autofocus_depth":0.0,"autofocus_target":[0.5,0.5,0.5],"fov_axis":1,"matrix":[[1.0,0.0,0.0,0.0],[0.0,1.0,0.0,0.0],[0.0,0.0,1.0,0.0]],"relative_focal_length":[1.0,1.0],"scale":1.0,"screen_center":[0.5000522136688232,0.49666839838027954],"zoom":1.0},"frame":1,"views":[{"camera0":[[1.0,0.0,0.0,0.0],[0.0,1.0,0.0,0.0],[0.0,0.0,1.0,0.0]],"camera1":[[1.0,0.0,0.0,0.0],[0.0,1.0,0.0,0.0],[0.0,0.0,1.0,0.0]],"full_resolution":[1920,1080],"relative_focal_length":[1.0,1.0],"screen_center":[0.5000522136688232,0.49666839838027954],"visualized_dimension":-1}]}
{"camera":{"aperture_size":0.0,"autofocus":false,"autofocus_depth":0.0,"autofocus_target":[0.5,0.5,0.5],"fov_axis":1,"matrix":[[1.0,0.0,0.0,0.0],[0.0,1.0,0.0,0.0],[0.0,0.0,1.0,0.0]],"relative_focal_length":[1.0,1.0],"scale":1.0,"screen_center":[0.5000522136688232,0.49666839838027954],"zoom":1.0},"frame":1,"views":[{"camera0":[[1.0,0.0,0.0,0.0],[0.0,1.0,0.0,0.0],[0.0,0.0,1.0,0.0]],"camera1":[[1.0,0.0,0.0,0.0],[0.0,1.0,0.0,0.0],[0.0,0.0,1.0,0.0]],"full_resolution":[1920,1080],"relative_focal_length":[1.0,1.0],"screen_center":[0.5000522136688232,0.49666839838027954],"visualized_dimension":-1}]}
{"camera":{"aperture_size":0.0,"autofocus":false,"autofocus_depth":0.0,"autofocus_target":[0.5,0.5,0.5],"fov_axis":1,"matrix":[[1.0,0.0,0.0,0.0],[0.0,1.0,0.0,0.0],[0.0,0.0,1.0,0.0]],"relative_focal_length":[1.0,1.0],"scale":1.0,"screen_center":[0.5000522136688232,0.49666839838027954],"zoom":1.0},"frame":1,"views":[{"camera0":[[1.0,0.0,0.0,0.0],[0.0,1.0,0.0,0.0],[0.0,0.0,1.0,0.0]],"camera1":[[1.0,0.0,0.0,0.0],[0.0,1.0,0.0,0.0],[0.0,0.0,1.0,0.0]],"full_resolution":[1920,1080],"relative_focal_length":[1.0,1.0],"screen_center":[0.5000522136688232,0.49666839838027954],"visualized_dimension":-1}]}
{"camera":{"aperture_size":0.0,"autofocus":false,"autofocus_depth":0.0,"autofocus_target":[0.5,0.5,0.5],"fov_axis":1,"matrix":[[1.0,0.0,0.0,0.0],[0.0,1.0,0.0,0.0],[0.0,0.0,1.0,0.0]],"relative_focal_length":[1.0,1.0],"scale":1.0,"screen_center":[0.5000522136688232,0.49666839838027954],"zoom":1.0},"frame":1,"views":[{"camera0":[[1.0,0.0,0.0,0.0],[0.0,1.0,0.0,0.0],[0.0,0.0,1.0,0.0]],"camera1":[[1.0,0.0,0.0,0.0],[0.0,1.0,0.0,0.0],[0.0,0.0,1.0,0.0]],"full_resolution":[1920,1080],"relative_focal_length":[1.0,1.0],"screen_center":[0.5000522136688232,0.49666839838027954],"visualized_dimension":-1}]}
{"camera":{"aperture_size":0.0,"autofocus":false,"autofocus_depth":0.0,"autofocus_target":[0.5,0.5,0.5],"fov_axis":1,"matrix":[[1.0,0.0,0.0,0.0],[0.0,1.0,0.0,0.0],[0.0,0.0,1.0,0.0]],"relative_focal_length":[1.0,1.0],"scale":1.0,"screen_center":[0.5000522136688232,0.49666839838027954],"zoom":1.0},"frame":1,"views":[{"camera0":[[1.0,0.0,0.0,0.0],[0.0,1.0,0.0,0.0],[0.0,0.0,1.0,0.0]],"camera1":[[1.0,0.0,0.0,0.0],[0.0,1.0,0.0,0.0],[0.0,0.0,1.0,0.0]],"full_resolution":[1920,1080],"relative_focal_length":[1.0,1.0],"screen_center":[0.5000522136688232,0.49666839838027954],"visualized_dimension":-1}]}
{"camera":{"aperture_size":0.0,"autofocus":false,"autofocus_depth":0.0,"autofocus_target":[0.5,0.5,0.5],"fov_axis":1,"matrix":[[1.0,0.0,0.0,0.0],[0.0,1.0,0.0,0.0],[0.0,0.0,1.0,0.0]],"relative_focal_length":[1.0,1.0],"scale":1.0,"screen_center":[0.5000522136688232,0.49666839838027954],"zoom":1.0},"frame":1,"views":[{"camera0":[[1.0,0.0,0.0,0.0],[0.0,1.0,0.0,0.0],[0.0,0.0,1.0,0.0]],"camera1":[[1.0,0.0,0.0,0.0],[0.0,1.0,0.0,0.0],[0.0,0.0,1.0,0.0]],"full_resolution":[1920,1080],"relative_focal_length":[1.0,1.0],"screen_center":[0.5000522136688232,0.49666839838027954],"visualized_dimension":-1}]}
{"camera":{"aperture_size":0.0,"autofocus":false,"autofocus_depth":0.0,"autofocus_target":[0.5,0.5,0.5],"fov_axis":1,"matrix":[[1.0,0.0,0.0,0.0],[0.0,1.0,0.0,0.0],[0.0,0.0,1.0,0.0]],"relative_focal_length":[1.0,1.0],"scale":1.0,"screen_center":[0.5000522136688232,0.49666839838027954],"zoom":1.0},"frame":1,"views":[{"camera0":[[1.0,0.0,0.0,0.0],[0.0,1.0,0.0,0.0],[0.0,0.0,1.0,0.0]],"camera1":[[1.0,0.0,0.0,0.0],[0.0,1.0,0.0,0.0],[0.0,0.0,1.0,0.0]],"full_resolution":[1920,1080],"relative_focal_length":[1.0,1.0],"screen_center":[0.5000522136688232,0.49666839838027954],"visualized_dimension":-1}]}
{"camera":{"aperture_size":0.0,"autofocus":false,"autofocus_depth":0.0,"autofocus_target":[0.5,0.5,0.5],"fov_axis":1,"matrix":[[1.0,0.0,0.0,0.0],[0.0,1.0,0.0,0.0],[0.0,0.0,1.0,0.0]],"relative_focal_length":[1.0,1.0],"scale":1.0,"screen_center":[0.5000522136688232,0.49666839838027954],"zoom":1.0},"frame":1,"views":[{"camera0":[[1.0,0.0,0.0,0.0],[0.0,1.0,0.0,0.0],[0.0,0.0,1.0,0.0]],"camera1":[[1.0,0.0,0.0,0.0],[0.0,1.0,0.0,0.0],[0.0,0.0,1.0,0.0]],"full_resolution":[1920,1080],"relative_focal_length":[1.0,1.0],"screen_center":[0.5000522136688232,0.49666839838027954],"visualized_dimension":-1}]}
{"camera":{"aperture_size":0.0,"autofocus":false,"autofocus_depth":0.0,"autofocus_target":[0.5,0.5,0.5],"fov_axis":1,"matrix":[[1.0,0.0,0.0,0.0],[0.0,1.0,0.0,0.0],[0.0,0.0,1.0,0.0]],"relative_focal_length":[1.0,1.0],"scale":1.0,"screen_center":[0.5000522136688232,0.49666839838027954],"zoom":1.0},"frame":1,"views":[{"camera0":[[1.0,0.0,0.0,0.0],[0.0,1.0,0.0,0.0],[0.0,0.0,1.0,0.0]],"camera1":[[1.0,0.0,0.0,0.0],[0.0,1.0,0.0,0.0],[0.0,0.0,1.0,0.0]],"full_resolution":[1920,1080],"relative_focal_length":[1.0,1.0],"screen_center":[0.5000522136688232,0.49666839838027954],"visualized_dimension":-1}]}
{"camera":{"aperture_size":0.0,"autofocus":false,"autofocus_depth":0.0,"autofocus_target":[0.5,0.5,0.5],"fov_axis":1,"matrix":[[1.0,0.0,0.0,0.0],[0.0,1.0,0.0,0.0],[0.0,0.0,1.0,0.0]],"relative_focal_length":[1.0,1.0],"scale":1.0,"screen_center":[0.5000522136688232,0.49666839838027954],"zoom":1.0},"frame":1,"views":[{"camera0":[[1.0,0.0,0.0,0.0],[0.0,1.0,0.0,0.0],[0.0,0.0,1.0,0.0]],"camera1":[[1.0,0.0,0.0,0.0],[0.0,1.0,0.0,0.0],[0.0,0.0,1.0,0.0]],"full_resolution":[1920,1080],"relative_focal_length":[1.0,1.0],"screen_center":[0.5000522136688232,0.49666839838027954],"visualized_dimension":-1}]}
{"camera":{"aperture_size":0.0,"autofocus":false,"autofocus_depth":0.0,"autofocus_target":[0.5,0.5,0.5],"fov_axis":1,"matrix":[[1.0,0.0,0.0,0.0],[0.0,1.0,0.0,0.0],[0.0,0.0,1.0,0.0]],"relative_focal_length":[1.0,1.0],"scale":1.0,"screen_center":[0.5000522136688232,0.49666839838027954],"zoom":1.0},"frame":1,"views":[{"camera0":[[1.0,0.0,0.0,0.0],[0.0,1.0,0.0,0.0],[0.0,0.0,1.0,0.0]],"camera1":[[1.0,0.0,0.0,0.0],[0.0,1.0,0.0,0.0],[0.0,0.0,1.0,0.0]],"full_resolution":[1920,1080],"relative_focal_length":[1.0,1.0],"screen_center":[0.5000522136688232,0.49666839838027954],"visualized_dimension":-1}]}
{"camera":{"aperture_size":0.0,"autofocus":false,"autofocus_depth":0.0,"autofocus_target":[0.5,0.5,0.5],"fov_axis":1,"matrix":[[1.0,0.0,0.0,0.0],[0.0,1.0,0.0,0.0],[0.0,0.0,1.0,0.0]],"relative_focal_length":[1.0,1.0],"scale":1.0,"screen_center":[0.5000522136688232,0.49666839838027954],"zoom":1.0},"frame":2,"views":[{"camera0":[[1.0,0.0,0.0,0.0],[0.0,1.0,0.0,0.0],[0.0,0.0,1.0,0.0]],"camera1":[[1.0,0.0,0.0,0.0],[0.0,1.0,0.0,0.0],[0.0,0.0,1.0,0.0]],"full_resolution":[1920,1080],"relative_focal_length":[1.0,1.0],"screen_center":[0.5000522136688232,0.49666839838027954],"visualized_dimension":-1}]}
{"camera":{"aperture_size":0.0,"autofocus":false,"autofocus_depth":0.0,"autofocus_target":[0.5,0.5,0.5],"fov_axis":1,"matrix":[[1.0,0.0,0.0,0.0],[0.0,1.0,0.0,0.0],[0.0,0.0,1.0,0.0]],"relative_focal_length":[1.0,1.0],"scale":1.0,"screen_center":[0.5000522136688232,0.49666839838027954],"zoom":1.0},"frame":3,"views":[{"camera0":[[1.0,0.0,0.0,0.0],[0.0,1.0,0.0,0.0],[0.0,0.0,1.0,0.0]],"camera1":[[1.0,0.0,0.0,0.0],[0.0,1.0,0.0,0.0],[0.0,0.0,1.0,0.0]],"full_resolution":[1920,1080],"relative_focal_length":[1.0,1.0],"screen_center":[0.5000522136688232,0.49666839838027954],"visualized_dimension":-1}]}
{"camera":{"aperture_size":0.0,"autofocus":false,"autofocus_depth":0.0,"autofocus_target":[0.5,0.5,0.5],"fov_axis":1,"matrix":[[1.0,0.0,0.0,0.0],[0.0,1.0,0.0,0.0],[0.0,0.0,1.0,0.0]],"relative_focal_length":[1.0,1.0],"scale":1.0,"screen_center":[0.5000522136688232,0.49666839838027954],"zoom":1.0},"frame":4,"views":[{"camera0":[[1.0,0.0,0.0,0.0],[0.0,1.0,0.0,0.0],[0.0,0.0,1.0,0.0]],"camera1":[[1.0,0.0,0.0,0.0],[0.0,1.0,0.0,0.0],[0.0,0.0,1.0,0.0]],"full_resolution":[1920,1080],"relative_focal_length":[1.0,1.0],"screen_center":[0.5000522136688232,0.49666839838027954],"visualized_dimension":-1}]}
{"camera":{"aperture_size":0.0,"autofocus":false,"autofocus_depth":0.0,"autofocus_target":[0.5,0.5,0.5],"fov_axis":1,"matrix":[[1.0,0.0,0.0,0.0],[0.0,1.0,0.0,0.0],[0.0,0.0,1.0,0.0]],"relative_focal_length":[1.0,1.0],"scale":1.0,"screen_center":[0.5000522136688232,0.49666839838027954],"zoom":1.0},"frame":5,"views":[{"camera0":[[1.0,0.0,0.0,0.0],[0.0,1.0,0.0,0.0],[0.0,0.0,1.0,0.0]],"camera1":[[1.0,0.0,0.0,0.0],[0.0,1.0,0.0,0.0],[0.0,0.0,1.0,0.0]],"full_resolution":[1920,1080],"relative_focal_length":[1.0,1.0],"screen_center":[0.5000522136688232,0.49666839838027954],"visualized_dimension":-1}]}
{"camera":{"aperture_size":0.0,"autofocus":false,"autofocus_depth":0.0,"autofocus_target":[0.5,0.5,0.5],"fov_axis":1,"matrix":[[1.0,0.0,0.0,0.0],[0.0,1.0,0.0,0.0],[0.0,0.0,1.0,0.0]],"relative_focal_length":[1.0,1.0],"scale":1.0,"screen_center":[0.5000522136688232,0.49666839838027954],"zoom":1.0},"frame":6,"views":[{"camera0":[[1.0,0.0,0.0,0.0],[0.0,1.0,0.0,0.0],[0.0,0.0,1.0,0.0]],"camera1":[[1.0,0.0,0.0,0.0],[0.0,1.0,0.0,0.0],[0.0,0.0,1.0,0.0]],"full_resolution":[1920,1080],"relative_focal_length":[1.0,1.0],"screen_center":[0.5000522136688232,0.49666839838027954],"visualized_dimension":-1}]}
{"camera":{"aperture_size":0.0,"autofocus":false,"autofocus_depth":0.0,"autofocus_target":[0.5,0.5,0.5],"fov_axis":1,"matrix":[[1.0,0.0,0.0,0.0],[0.0,1.0,0.0,0.0],[0.0,0.0,1.0,0.0]],"relative_focal_length":[1.0,1.0],"scale":1.0,"screen_center":[0.5000522136688232,0.49666839838027954],"zoom":1.0},"frame":7,"views":[{"camera0":[[1.0,0.0,0.0,0.0],[0.0,1.0,0.0,0.0],[0.0,0.0,1.0,0.0]],"camera1":[[1.0,0.0,0.0,0.0],[0.0,1.0,0.0,0.0],[0.0,0.0,1.0,0.0]],"full_resolution":[1920,1080],"relative_focal_length":[1.0,1.0],"screen_center":[0.5000522136688232,0.49666839838027954],"visualized_dimension":-1}]}
{"camera":{"aperture_size":0.0,"autofocus":false,"autofocus_depth":0.0,"autofocus_target":[0.5,0.5,0.5],"fov_axis":1,"matrix":[[1.0,0.0,0.0,0.0],[0.0,1.0,0.0,0.0],[0.0,0.0,1.0,0.0]],"relative_focal_length":[1.0,1.0],"scale":1.0,"screen_center":[0.5000522136688232,0.49666839838027954],"zoom":1.0},"frame":8,"views":[{"camera0":[[1.0,0.0,0.0,0.0],[0.0,1.0,0.0,0.0],[0.0,0.0,1.0,0.0]],"camera1":[[1.0,0.0,0.0,0.0],[0.0,1.0,0.0,0.0],[0.0,0.0,1.0,0.0]],"full_resolution":[1920,1080],"relative_focal_length":[1.0,1.0],"screen_center":[0.5000522136688232,0.49666839838027954],"visualized_dimension":-1}]}
{"camera":{"aperture_size":0.0,"autofocus":false,"autofocus_depth":0.0,"autofocus_target":[0.5,0.5,0.5],"fov_axis":1,"matrix":[[1.0,0.0,0.0,0.0],[0.0,1.0,0.0,0.0],[0.0,0.0,1.0,0.0]],"relative_focal_length":[1.0,1.0],"scale":1.0,"screen_center":[0.5000522136688232,0.49666839838027954],"zoom":1.0},"frame":8,"views":[{"camera0":[[1.0,0.0,0.0,0.0],[0.0,1.0,0.0,0.0],[0.0,0.0,1.0,0.0]],"camera1":[[1.0,0.0,0.0,0.0],[0.0,1.0,0.0,0.0],[0.0,0.0,1.0,0.0]],"full_resolution":[1920,1080],"relative_focal_length":[1.0,1.0],"screen_center":[0.5000522136688232,0.49666839838027954],"visualized_dimension":-1}]}
{"camera":{"aperture_size":0.0,"autofocus":false,"autofocus_depth":0.0,"autofocus_target":[0.5,0.5,0.5],"fov_axis":1,"matrix":[[1.0,0.0,0.0,0.0],[0.0,1.0,0.0,0.0],[0.0,0.0,1.0,0.0]],"relative_focal_length":[1.0,1.0],"scale":1.0,"screen_center":[0.5000522136688232,0.49666839838027954],"zoom":1.0},"frame":9,"views":[{"camera0":[[1.0,0.0,0.0,0.0],[0.0,1.0,0.0,0.0],[0.0,0.0,1.0,0.0]],"camera1":[[1.0,0.0,0.0,0.0],[0.0,1.0,0.0,0.0],[0.0,0.0,1.0,0.0]],"full_resolution":[1920,1080],"relative_focal_length":[1.0,1.0],"screen_center":[0.5000522136688232,0.49666839838027954],"visualized_dimension":-1}]}
{"camera":{"aperture_size":0.0,"autofocus":false,"autofocus_depth":0.0,"autofocus_target":[0.5,0.5,0.5],"fov_axis":1,"matrix":[[1.0,0.0,0.0,0.0],[0.0,1.0,0.0,0.0],[0.0,0.0,1.0,0.0]],"relative_focal_length":[1.0,1.0],"scale":1.0,"screen_center":[0.5000522136688232,0.49666839838027954],"zoom":1.0},"frame":9,"views":[{"camera0":[[1.0,0.0,0.0,0.0],[0.0,1.0,0.0,0.0],[0.0,0.0,1.0,0.0]],"camera1":[[1.0,0.0,0.0,0.0],[0.0,1.0,0.0,0.0],[0.0,0.0,1.0,0.0]],"full_resolution":[1920,1080],"relative_focal_length":[1.0,1.0],"screen_center":[0.5000522136688232,0.49666839838027954],"visualized_dimension":-1}]}
{"camera":{"aperture_size":0.0,"autofocus":false,"autofocus_depth":0.0,"autofocus_target":[0.5,0.5,0.5],"fov_axis":1,"matrix":[[1.0,0.0,0.0,0.0],[0.0,1.0,0.0,0.0],[0.0,0.0,1.0,0.0]],"relative_focal_length":[1.0,1.0],"scale":1.0,"screen_center":[0.5000522136688232,0.49666839838027954],"zoom":1.0},"frame":9,"views":[{"camera0":[[1.0,0.0,0.0,0.0],[0.0,1.0,0.0,0.0],[0.0,0.0,1.0,0.0]],"camera1":[[1.0,0.0,0.0,0.0],[0.0,1.0,0.0,0.0],[0.0,0.0,1.0,0.0]],"full_resolution":[1920,1080],"relative_focal_length":[1.0,1.0],"screen_center":[0.5000522136688232,0.49666839838027954],"visualized_dimension":-1}]}
{"camera":{"aperture_size":0.0,"autofocus":false,"autofocus_depth":0.0,"autofocus_target":[0.5,0.5,0.5],"fov_axis":1,"matrix":[[1.0,0.0,0.0,0.0],[0.0,1.0,0.0,0.0],[0.0,0.0,1.0,0.0]],"relative_focal_length":[1.0,1.0],"scale":1.0,"screen_center":[0.5000522136688232,0.49666839838027954],"zoom":1.0},"frame":9,"views":[{"camera0":[[1.0,0.0,0.0,0.0],[0.0,1.0,0.0,0.0],[0.0,0.0,1.0,0.0]],"camera1":[[1.0,0.0,0.0,0.0],[0.0,1.0,0.0,0.0],[0.0,0.0,1.0,0.0]],"full_resolution":[1920,1080],"relative_focal_length":[1.0,1.0],"screen_center":[0.5000522136688232,0.49666839838027954],"visualized_dimension":-1}]}
{"camera":{"aperture_size":0.0,"autofocus":false,"autofocus_depth":0.0,"autofocus_target":[0.5,0.5,0.5],"fov_axis":1,"matrix":[[1.0,0.0,0.0,0.0],[0.0,1.0,0.0,0.0],[0.0,0.0,1.0,0.0]],"relative_focal_length":[1.0,1.0],"scale":1.0,"screen_center":[0.5000522136688232,0.49666839838027954],"zoom":1.0},"frame":9,"views":[{"camera0":[[1.0,0.0,0.0,0.0],[0.0,1.0,0.0,0.0],[0.0,0.0,1.0,0.0]],"camera1":[[1.0,0.0,0.0,0.0],[0.0,1.0,0.0,0.0],[0.0,0.0,1.0,0.0]],"full_resolution":[1920,1080],"relative_focal_length":[1.0,1.0],"screen_center":[0.5000522136688232,0.49666839838027954],"visualized_dimension":-1}]}
{"camera":{"aperture_size":0.0,"autofocus":false,"autofocus_depth":0.0,"autofocus_target":[0.5,0.5,0.5],"fov_axis":1,"matrix":[[1.0,0.0,0.0,0.0],[0.0,0.9848077297210693,-0.1736481934785843,0.1736481934785843],[0.0,0.1736481934785843,0.9848077297210693,0.015192270278930664]],"relative_focal_length":[1.0,1.0],"scale":1.0,"screen_center":[0.5000522136688232,0.49666839838027954],"zoom":1.0},"frame":10,"views":[{"camera0":[[1.0,0.0,0.0,0.0],[0.0,0.9848077297210693,-0.1736481934785843,0.1736481934785843],[0.0,0.1736481934785843,0.9848077297210693,0.015192270278930664]],"camera1":[[1.0,0.0,0.0,0.0],[0.0,0.9848077297210693,-0.1736481934785843,0.1736481934785843],[0.0,0.1736481934785843,0.9848077297210693,0.015192270278930664]],"full_resolution":[1920,1080],"relative_focal_length":[1.0,1.0],"screen_center":[0.5000522136688232,0.49666839838027954],"visualized_dimension":-1}]}
{"camera":{"aperture_size":0.0,"autofocus":false,"autofocus_depth":0.0,"autofocus_target":[0.5,0.5,0.5],"fov_axis":1,"matrix":[[1.0,0.0,0.0,0.0],[0.0,0.9271838665008545,-0.3746066391468048,0.3746066391468048],[0.0,0.3746066391468048,0.9271838665008545,0.07281613349914551]],"relative_focal_length":[1.0,1.0],"scale":1.0,"screen_center":[0.5000522136688232,0.49666839838027954],"zoom":1.0},"frame":11,"views":[{"camera0":[[1.0,0.0,0.0,0.0],[0.0,0.9271838665008545,-0.3746066391468048,0.3746066391468048],[0.0,0.3746066391468048,0.9271838665008545,0.07281613349914551]],"camera1":[[1.0,0.0,0.0,0.0],[0.0,0.9271838665008545,-0.3746066391468048,0.3746066391468048],[0.0,0.3746066391468048,0.9271838665008545,0.07281613349914551]],"full_resolution":[1920,1080],"relative_focal_length":[1.0,1.0],"screen_center":[0.5000522136688232,0.49666839838027954],"visualized_dimension":-1}]}
{"camera":{"aperture_size":0.0,"autofocus":false,"autofocus_depth":0.0,"autofocus_target":[0.5,0.5,0.5],"fov_axis":1,"matrix":[[0.9999322891235352,-0.006450130604207516,-0.0096837617456913,0.0096837617456913],[0.0,0.8322768211364746,-0.5543603301048279,0.5543603301048279],[0.011635266244411469,0.5543228387832642,0.8322204351425171,0.1677795648574829]],"relative_focal_length":[1.0,1.0],"scale":1.0,"screen_center":[0.5000522136688232,0.49666839838027954],"zoom":1.0},"frame":12,"views":[{"camera0":[[0.9999322891235352,-0.006450130604207516,-0.0096837617456913,0.0096837617456913],[0.0,0.8322768211364746,-0.5543603301048279,0.5543603301048279],[0.011635266244411469,0.5543228387832642,0.8322204351425171,0.1677795648574829]],"camera1":[[0.9999322891235352,-0.006450130604207516,-0.0096837617456913,0.0096837617456913],[0.0,0.8322768211364746,-0.5543603301048279,0.5543603301048279],[0.011635266244411469,0.5543228387832642,0.8322204351425171,0.1677795648574829]],"full_resolution":[1920,1080],"relative_focal_length":[1.0,1.0],"screen_center":[0.5000522136688232,0.49666839838027954],"visualized_dimension":-1}]}
{"camera":{"aperture_size":0.0,"autofocus":false,"autofocus_depth":0.0,"autofocus_target":[0.5,0.5,0.5],"fov_axis":1,"matrix":[[0.9998476505279541,-0.011295780539512634,-0.013303828425705433,0.013303828425705433],[0.0,0.7622919678688049,-0.6472333073616028,0.6472333073616028],[0.017452407628297806,0.6471348404884338,0.7621757984161377,0.2378242015838623]],"relative_focal_length":[1.0,1.0],"scale":1.0,"screen_center":[0.5000522136688232,0.49666839838027954],"zoom":1.0},"frame":13,"views":[{"camera0":[[0.9998476505279541,-0.011295780539512634,-0.013303828425705433,0.013303828425705433],[0.0,0.7622919678688049,-0.6472333073616028,0.6472333073616028],[0.017452407628297806,0.6471348404884338,0.7621757984161377,0.2378242015838623]],"camera1":[[0.9998476505279541,-0.011295780539512634,-0.013303828425705433,0.013303828425705433],[0.0,0.7622919678688049,-0.6472333073616028,0.6472333073616028],[0.017452407628297806,0.6471348404884338,0.7621757984161377,0.2378242015838623]],"full_resolution":[1920,1080],"relative_focal_length":[1.0,1.0],"screen_center":[0.5000522136688232,0.49666839838027954],"visualized_dimension":-1}]}
{"camera":{"aperture_size":0.0,"autofocus":false,"autofocus_depth":0.0,"autofocus_target":[0.5,0.5,0.5],"fov_axis":1,"matrix":[[0.9998476505279541,-0.013563068583607674,-0.01098315604031086,0.01098315604031086],[-2.3283064365386963e-10,0.6293204426765442,-0.7771459221839905,0.7771459221839905],[0.017452407628297806,0.7770276665687561,0.6292245388031006,0.3707754611968994]],"relative_focal_length":[1.0,1.0],"scale":1.0,"screen_center":[0.5000522136688232,0.49666839838027954],"zoom":1.0},"frame":14,"views":[{"camera0":[[0.9998476505279541,-0.013563068583607674,-0.01098315604031086,0.01098315604031086],[-2.3283064365386963e-10,0.6293204426765442,-0.7771459221839905,0.7771459221839905],[0.017452407628297806,0.7770276665687561,0.6292245388031006,0.3707754611968994]],"camera1":[[0.9998476505279541,-0.013563068583607674,-0.01098315604031086,0.01098315604031086],[-2.3283064365386963e-10,0.6293204426765442,-0.7771459221839905,0.7771459221839905],[0.017452407628297806,0.7770276665687561,0.6292245388031006,0.3707754611968994]],"full_resolution":[1920,1080],"relative_focal_length":[1.0,1.0],"screen_center":[0.5000522136688232,0.49666839838027954],"visualized_dimension":-1}]}
{"camera":{"aperture_size":0.0,"autofocus":false,"autofocus_depth":0.0,"autofocus_target":[0.5,0.5,0.5],"fov_axis":1,"matrix":[[0.9998476505279541,-0.014959634281694889,-0.008988653309643269,0.008988653309643269],[-2.3283064365386963e-10,0.5150380730628967,-0.8571672439575195,0.8571672439575195],[0.017452409490942955,0.857036828994751,0.5149596333503723,0.4850403666496277]],"relative_focal_length":[1.0,1.0],"scale":1.0,"screen_center":[0.5000522136688232,0.49666839838027954],"zoom":1.0},"frame":15,"views":[{"camera0":[[0.9998476505279541,-0.014959634281694889,-0.008988653309643269,0.008988653309643269],[-2.3283064365386963e-10,0.5150380730628967,-0.8571672439575195,0.8571672439575195],[0.017452409490942955,0.857036828994751,0.5149596333503723,0.4850403666496277]],"camera1":[[0.9998476505279541,-0.014959634281694889,-0.008988653309643269,0.008988653309643269],[-2.3283064365386963e-10,0.5150380730628967,-0.8571672439575195,0.8571672439575195],[0.017452409490942955,0.857036828994751,0.5149596333503723,0.4850403666496277]],"full_resolution":[1920,1080],"relative_focal_length":[1.0,1.0],"screen_center":[0.5000522136688232,0.49666839838027954],"visualized_dimension":-1}]}
{"camera":{"aperture_size":0.0,"autofocus":false,"autofocus_depth":0.0,"autofocus_target":[0.5,0.5,0.5],"fov_axis":1,"matrix":[[0.9998476505279541,-0.015902001410722733,-0.007191167213022709,0.007191167213022709],[-2.3283064365386963e-10,0.4120444655418396,-0.9111636281013489,0.9111636281013489],[0.017452409490942955,0.9110249876976013,0.4119817912578583,0.5880181789398193]],"relative_focal_length":[1.0,1.0],"scale":1.0,"screen_center":[0.5000522136688232,0.49666839838027954],"zoom":1.0},"frame":16,"views":[{"camera0":[[0.9998476505279541,-0.015902001410722733,-0.007191167213022709,0.007191167213022709],[-2.3283064365386963e-10,0.4120444655418396,-0.9111636281013489,0.9111636281013489],[0.017452409490942955,0.9110249876976013,0.4119817912578583,0.5880181789398193]],"camera1":[[0.9998476505279541,-0.015902001410722733,-0.007191167213022709,0.007191167213022709],[-2.3283064365386963e-10,0.4120444655418396,-0.9111636281013489,0.9111636281013489],[0.017452409490942955,0.9110249876976013,0.4119817912578583,0.5880181789398193]],"full_resolution":[1920,1080],"relative_focal_length":[1.0,1.0],"screen_center":[0.5000522136688232,0.49666839838027954],"visualized_dimension":-1}]}
{"camera":{"aperture_size":0.0,"autofocus":false,"autofocus_depth":0.0,"autofocus_target":[0.5,0.5,0.5],"fov_axis":1,"matrix":[[0.9998476505279541,-0.016468241810798645,-0.005777852144092321,0.005777852144092321],[-3.4924596548080444e-10,0.3310633599758148,-0.9436084628105164,0.9436084628105164],[0.017452407628297806,0.9434648752212524,0.331013023853302,0.6689869165420532]],"relative_focal_length":[1.0,1.0],"scale":1.0,"screen_center":[0.5000522136688232,0.49666839838027954],"zoom":1.0},"frame":16,"views":[{"camera0":[[0.9998476505279541,-0.016468241810798645,-0.005777852144092321,0.005777852144092321],[-3.4924596548080444e-10,0.3310633599758148,-0.9436084628105164,0.9436084628105164],[0.017452407628297806,0.9434648752212524,0.331013023853302,0.6689869165420532]],"camera1":[[0.9998476505279541,-0.016468241810798645,-0.005777852144092321,0.005777852144092321],[-3.4924596548080444e-10,0.3310633599758148,-0.9436084628105164,0.9436084628105164],[0.017452407628297806,0.9434648752212524,0.331013023853302,0.6689869165420532]],"full_resolution":[1920,1080],"relative_focal_length":[1.0,1.0],"screen_center":[0.5000522136688232,0.49666839838027954],"visualized_dimension":-1}]}
{"camera":{"aperture_size":0.0,"autofocus":false,"autofocus_depth":0.0,"autofocus_target":[0.5,0.5,0.5],"fov_axis":1,"matrix":[[0.9999322295188904,-0.011446554213762283,-0.0020870694424957037,0.0020870694424957037],[-2.3283064365386963e-10,0.17937448620796204,-0.9837808609008789,0.9837808609008789],[0.011635266244411469,0.9837143421173096,0.1793624609708786,0.8206374645233154]],"relative_focal_length":[1.0,1.0],"scale":1.0,"screen_center":[0.5000522136688232,0.49666839838027954],"zoom":1.0},"frame":17,"views":[{"camera0":[[0.9999322295188904,-0.011446554213762283,-0.0020870694424957037,0.0020870694424957037],[-2.3283064365386963e-10,0.17937448620796204,-0.9837808609008789,0.9837808609008789],[0.011635266244411469,0.9837143421173096,0.1793624609708786,0.8206374645233154]],"camera1":[[0.9999322295188904,-0.011446554213762283,-0.0020870694424957037,0.0020870694424957037],[-2.3283064365386963e-10,0.17937448620796204,-0.9837808609008789,0.9837808609008789],[0.011635266244411469,0.9837143421173096,0.1793624609708786,0.8206374645233154]],"full_resolution":[1920,1080],"relative_focal_length":[1.0,1.0],"screen_center":[0.5000522136688232,0.49666839838027954],"visualized_dimension":-1}]}
{"camera":{"aperture_size":0.0,"autofocus":false,"autofocus_depth":0.0,"autofocus_target":[0.5,0.5,0.5],"fov_axis":1,"matrix":[[0.9999998807907104,-9.313225746154785e-10,1.862645149230957e-09,-1.862645149230957e-09],[-2.3283064365386963e-10,0.0929497554898262,-0.9956708550453186,0.9956708550453186],[9.313225746154785e-10,0.9956708550453186,0.09294987469911575,0.9070500731468201]],"relative_focal_length":[1.0,1.0],"scale":1.0,"screen_center":[0.5000522136688232,0.49666839838027954],"zoom":1.0},"frame":17,"views":[{"camera0":[[0.9999998807907104,-9.313225746154785e-10,1.862645149230957e-09,-1.862645149230957e-09],[-2.3283064365386963e-10,0.0929497554898262,-0.9956708550453186,0.9956708550453186],[9.313225746154785e-10,0.9956708550453186,0.09294987469911575,0.9070500731468201]],"camera1":[[0.9999998807907104,-9.313225746154785e-10,1.862645149230957e-09,-1.862645149230957e-09],[-2.3283064365386963e-10,0.0929497554898262,-0.9956708550453186,0.9956708550453186],[9.313225746154785e-10,0.9956708550453186,0.09294987469911575,0.9070500731468201]],"full_resolution":[1920,1080],"relative_focal_length":[1.0,1.0],"screen_center":[0.5000522136688232,0.49666839838027954],"visualized_dimension":-1}]}
{"camera":{"aperture_size":0.0,"autofocus":false,"autofocus_depth":0.0,"autofocus_target":[0.5,0.5,0.5],"fov_axis":1,"matrix":[[0.9999829530715942,0.005814187228679657,0.00020303792553022504,-0.00020303792553022504],[-2.3283064365386963e-10,0.03489939868450165,-0.9993909001350403,0.9993909001350403],[-0.005817730445414782,0.9993739724159241,0.03489892557263374,0.9651010036468506]],"relative_focal_length":[1.0,1.0],"scale":1.0,"screen_center":[0.5000522136688232,0.49666839838027954],"zoom":1.0},"frame":17,"views":[{"camera0":[[0.9999829530715942,0.005814187228679657,0.00020303792553022504,-0.00020303792553022504],[-2.3283064365386963e-10,0.03489939868450165,-0.9993909001350403,0.9993909001350403],[-0.005817730445414782,0.9993739724159241,0.03489892557263374,0.9651010036468506]],"camera1":[[0.9999829530715942,0.005814187228679657,0.00020303792553022504,-0.00020303792553022504],[-2.3283064365386963e-10,0.03489939868450165,-0.9993909001350403,0.9993909001350403],[-0.005817730445414782,0.9993739724159241,0.03489892557263374,0.9651010036468506]],"full_resolution":[1920,1080],"relative_focal_length":[1.0,1.0],"screen_center":[0.5000522136688232,0.49666839838027954],"visualized_dimension":-1}]}
{"camera":{"aperture_size":0.0,"autofocus":false,"autofocus_depth":0.0,"autofocus_target":[0.5,0.5,0.5],"fov_axis":1,"matrix":[[0.9999321699142456,0.011619320139288902,-0.0006089405505917966,0.0006089405505917966],[-2.3283064365386963e-10,-0.05233605206012726,-0.998629629611969,0.998629629611969],[-0.01163526438176632,0.9985619783401489,-0.05233239009976387,1.0523322820663452]],"relative_focal_length":[1.0,1.0],"scale":1.0,"screen_center":[0.5000522136688232,0.49666839838027954],"zoom":1.0},"frame":17,"views":[{"camera0":[[0.9999321699142456,0.011619320139288902,-0.0006089405505917966,0.0006089405505917966],[-2.3283064365386963e-10,-0.05233605206012726,-0.998629629611969,0.998629629611969],[-0.01163526438176632,0.9985619783401489,-0.05233239009976387,1.0523322820663452]],"camera1":[[0.9999321699142456,0.011619320139288902,-0.0006089405505917966,0.0006089405505917966],[-2.3283064365386963e-10,-0.05233605206012726,-0.998629629611969,0.998629629611969],[-0.01163526438176632,0.9985619783401489,-0.05233239009976387,1.0523322820663452]],"full_resolution":[1920,1080],"relative_focal_length":[1.0,1.0],"screen_center":[0.5000522136688232,0.49666839838027954],"visualized_dimension":-1}]}
{"camera":{"aperture_size":0.0,"autofocus":false,"autofocus_depth":0.0,"autofocus_target":[0.5,0.5,0.5],"fov_axis":1,"matrix":[[0.9997290968894958,0.022788235917687416,-0.004705389030277729,0.004705389030277729],[-1.1641532182693481e-10,-0.20221765339374542,-0.9793407320976257,0.9793407320976257],[-0.02326895296573639,0.9790754914283752,-0.20216277241706848,1.2021626234054565]],"relative_focal_length":[1.0,1.0],"scale":1.0,"screen_center":[0.5000522136688232,0.49666839838027954],"zoom":1.0},"frame":18,"views":[{"camera0":[[0.9997290968894958,0.022788235917687416,-0.004705389030277729,0.004705389030277729],[-1.1641532182693481e-10,-0.20221765339374542,-0.9793407320976257,0.9793407320976257],[-0.02326895296573639,0.9790754914283752,-0.20216277241706848,1.2021626234054565]],"camera1":[[0.9997290968894958,0.022788235917687416,-0.004705389030277729,0.004705389030277729],[-1.1641532182693481e-10,-0.20221765339374542,-0.9793407320976257,0.9793407320976257],[-0.02326895296573639,0.9790754914283752,-0.20216277241706848,1.2021626234054565]],"full_resolution":[1920,1080],"relative_focal_length":[1.0,1.0],"screen_center":[0.5000522136688232,0.49666839838027954],"visualized_dimension":-1}]}
{"camera":{"aperture_size":0.0,"autofocus":false,"autofocus_depth":0.0,"autofocus_target":[0.5,0.5,0.5],"fov_axis":1,"matrix":[[0.9971411228179932,0.06972288340330124,-0.02911805547773838,0.02911805547773838],[0.0,-0.38536933064460754,-0.9227625131607056,0.9227625131607056],[-0.07555884122848511,0.9201245307922363,-0.38426756858825684,1.3842674493789673]],"relative_focal_length":[1.0,1.0],"scale":1.0,"screen_center":[0.5000522136688232,0.49666839838027954],"zoom":1.0},"frame":19,"views":[{"camera0":[[0.9971411228179932,0.06972288340330124,-0.02911805547773838,0.02911805547773838],[0.0,-0.38536933064460754,-0.9227625131607056,0.9227625131607056],[-0.07555884122848511,0.9201245307922363,-0.38426756858825684,1.3842674493789673]],"camera1":[[0.9971411228179932,0.06972288340330124,-0.02911805547773838,0.02911805547773838],[0.0,-0.38536933064460754,-0.9227625131607056,0.9227625131607056],[-0.07555884122848511,0.9201245307922363,-0.38426756858825684,1.3842674493789673]],"full_resolution":[1920,1080],"relative_focal_length":[1.0,1.0],"screen_center":[0.5000522136688232,0.49666839838027954],"visualized_dimension":-1}]}
{"camera":{"aperture_size":0.0,"autofocus":false,"autofocus_depth":0.0,"autofocus_target":[0.5,0.5,0.5],"fov_axis":1,"matrix":[[0.9867613315582275,0.13549768924713135,-0.08911821246147156,0.08911821246147156],[-9.313225746154785e-10,-0.5495090484619141,-0.835487961769104,0.835487961769104],[-0.1621778905391693,0.8244272470474243,-0.5422343015670776,1.542234182357788]],"relative_focal_length":[1.0,1.0],"scale":1.0,"screen_center":[0.5000522136688232,0.49666839838027954],"zoom":1.0},"frame":20,"views":[{"camera0":[[0.9867613315582275,0.13549768924713135,-0.08911821246147156,0.08911821246147156],[-9.313225746154785e-10,-0.5495090484619141,-0.835487961769104,0.835487961769104],[-0.1621778905391693,0.8244272470474243,-0.5422343015670776,1.542234182357788]],"camera1":[[0.9867613315582275,0.13549768924713135,-0.08911821246147156,0.08911821246147156],[-9.313225746154785e-10,-0.5495090484619141,-0.835487961769104,0.835487961769104],[-0.1621778905391693,0.8244272470474243,-0.5422343015670776,1.542234182357788]],"full_resolution":[1920,1080],"relative_focal_length":[1.0,1.0],"screen_center":[0.5000522136688232,0.49666839838027954],"visualized_dimension":-1}]}
{"camera":{"aperture_size":0.0,"autofocus":false,"autofocus_depth":0.0,"autofocus_target":[0.5,0.5,0.5],"fov_axis":1,"matrix":[[0.9716865420341492,0.17558497190475464,-0.15809740126132965,0.15809740126132965],[0.0,-0.6691306233406067,-0.7431449890136719,0.7431449890136719],[-0.23627282679080963,0.7221039533615112,-0.6501852869987488,1.6501851081848145]],"relative_focal_length":[1.0,1.0],"scale":1.0,"screen_center":[0.5000522136688232,0.49666839838027954],"zoom":1.0},"frame":21,"views":[{"camera0":[[0.9716865420341492,0.17558497190475464,-0.15809740126132965,0.15809740126132965],[0.0,-0.6691306233406067,-0.7431449890136719,0.7431449890136719],[-0.23627282679080963,0.7221039533615112,-0.6501852869987488,1.6501851081848145]],"camera1":[[0.9716865420341492,0.17558497190475464,-0.15809740126132965,0.15809740126132965],[0.0,-0.6691306233406067,-0.7431449890136719,0.7431449890136719],[-0.23627282679080963,0.7221039533615112,-0.6501852869987488,1.6501851081848145]],"full_resolution":[1920,1080],"relative_focal_length":[1.0,1.0],"screen_center":[0.5000522136688232,0.49666839838027954],"visualized_dimension":-1}]}
{"camera":{"aperture_size":0.0,"autofocus":false,"autofocus_depth":0.0,"autofocus_target":[0.5,0.5,0.5],"fov_axis":1,"matrix":[[0.9528379440307617,0.20042909681797028,-0.22787612676620483,0.22787612676620483],[-1.862645149230957e-09,-0.7508800029754639,-0.6604387760162354,0.6604387760162354],[-0.3034787178039551,0.6292911767959595,-0.7154671549797058,1.7154669761657715]],"relative_focal_length":[1.0,1.0],"scale":1.0,"screen_center":[0.5000522136688232,0.49666839838027954],"zoom":1.0},"frame":22,"views":[{"camera0":[[0.9528379440307617,0.20042909681797028,-0.22787612676620483,0.22787612676620483],[-1.862645149230957e-09,-0.7508800029754639,-0.6604387760162354,0.6604387760162354],[-0.3034787178039551,0.6292911767959595,-0.7154671549797058,1.7154669761657715]],"camera1":[[0.9528379440307617,0.20042909681797028,-0.22787612676620483,0.22787612676620483],[-1.862645149230957e-09,-0.7508800029754639,-0.6604387760162354,0.6604387760162354],[-0.3034787178039551,0.6292911767959595,-0.7154671549797058,1.7154669761657715]],"full_resolution":[1920,1080],"relative_focal_length":[1.0,1.0],"screen_center":[0.5000522136688232,0.49666839838027954],"visualized_dimension":-1}]}
{"camera":{"aperture_size":0.0,"autofocus":false,"autofocus_depth":0.0,"autofocus_target":[0.5,0.5,0.5],"fov_axis":1,"matrix":[[0.9396923780441284,0.2105686217546463,-0.2695155441761017,0.2695155441761017],[-3.725290298461914e-09,-0.7880107164382935,-0.61566162109375,0.61566162109375],[-0.34202006459236145,0.5785325765609741,-0.7404878735542297,1.7404876947402954]],"relative_focal_length":[1.0,1.0],"scale":1.0,"screen_center":[0.5000522136688232,0.49666839838027954],"zoom":1.0},"frame":23,"views":[{"camera0":[[0.9396923780441284,0.2105686217546463,-0.2695155441761017,0.2695155441761017],[-3.725290298461914e-09,-0.7880107164382935,-0.61566162109375,0.61566162109375],[-0.34202006459236145,0.5785325765609741,-0.7404878735542297,1.7404876947402954]],"camera1":[[0.9396923780441284,0.2105686217546463,-0.2695155441761017,0.2695155441761017],[-3.725290298461914e-09,-0.7880107164382935,-0.61566162109375,0.61566162109375],[-0.34202006459236145,0.5785325765609741,-0.7404878735542297,1.7404876947402954]],"full_resolution":[1920,1080],"relative_focal_length":[1.0,1.0],"screen_center":[0.5000522136688232,0.49666839838027954],"visualized_dimension":-1}]}
{"camera":{"aperture_size":0.0,"autofocus":false,"autofocus_depth":0.0,"autofocus_target":[0.5,0.5,0.5],"fov_axis":1,"matrix":[[0.9293472766876221,0.21527256071567535,-0.2999515235424042,0.2999515235424042],[-3.725290298461914e-09,-0.8124228715896606,-0.5830687880516052,0.5830687880516052],[-0.369206041097641,0.5418734550476074,-0.755023181438446,1.7550230026245117]],"relative_focal_length":[1.0,1.0],"scale":1.0,"screen_center":[0.5000522136688232,0.49666839838027954],"zoom":1.0},"frame":24,"views":[{"camera0":[[0.9293472766876221,0.21527256071567535,-0.2999515235424042,0.2999515235424042],[-3.725290298461914e-09,-0.8124228715896606,-0.5830687880516052,0.5830687880516052],[-0.369206041097641,0.5418734550476074,-0.755023181438446,1.7550230026245117]],"camera1":[[0.9293472766876221,0.21527256071567535,-0.2999515235424042,0.2999515235424042],[-3.725290298461914e-09,-0.8124228715896606,-0.5830687880516052,0.5830687880516052],[-0.369206041097641,0.5418734550476074,-0.755023181438446,1.7550230026245117]],"full_resolution":[1920,1080],"relative_focal_length":[1.0,1.0],"screen_center":[0.5000522136688232,0.49666839838027954],"visualized_dimension":-1}]}
{"camera":{"aperture_size":0.0,"autofocus":false,"autofocus_depth":0.0,"autofocus_target":[0.5,0.5,0.5],"fov_axis":1,"matrix":[[0.920504629611969,0.22224833071231842,-0.3213666081428528,0.3213666081428528],[-3.725290298461914e-09,-0.8224750757217407,-0.56880122423172,0.56880122423172],[-0.39073100686073303,0.523584246635437,-0.7570922374725342,1.757091999053955]],"relative_focal_length":[1.0,1.0],"scale":1.0,"screen_center":[0.5000522136688232,0.49666839838027954],"zoom":1.0},"frame":25,"views":[{"camera0":[[0.920504629611969,0.22224833071231842,-0.3213666081428528,0.3213666081428528],[-3.725290298461914e-09,-0.8224750757217407,-0.56880122423172,0.56880122423172],[-0.39073100686073303,0.523584246635437,-0.7570922374725342,1.757091999053955]],"camera1":[[0.920504629611969,0.22224833071231842,-0.3213666081428528,0.3213666081428528],[-3.725290298461914e-09,-0.8224750757217407,-0.56880122423172,0.56880122423172],[-0.39073100686073303,0.523584246635437,-0.7570922374725342,1.757091999053955]],"full_resolution":[1920,1080],"relative_focal_length":[1.0,1.0],"screen_center":[0.5000522136688232,0.49666839838027954],"visualized_dimension":-1}]}
{"camera":{"aperture_size":0.0,"autofocus":false,"autofocus_depth":0.0,"autofocus_target":[0.5,0.5,0.5],"fov_axis":1,"matrix":[[0.920504629611969,0.22224833071231842,-0.3213666081428528,0.3213666081428528],[-3.725290298461914e-09,-0.8224750757217407,-0.56880122423172,0.56880122423172],[-0.39073100686073303,0.523584246635437,-0.7570922374725342,1.757091999053955]],"relative_focal_length":[1.0,1.0],"scale":1.0,"screen_center":[0.5000522136688232,0.49666839838027954],"zoom":1.0},"frame":26,"views":[{"camera0":[[0.920504629611969,0.22224833071231842,-0.3213666081428528,0.3213666081428528],[-3.725290298461914e-09,-0.8224750757217407,-0.56880122423172,0.56880122423172],[-0.39073100686073303,0.523584246635437,-0.7570922374725342,1.757091999053955]],"camera1":[[0.920504629611969,0.22224833071231842,-0.3213666081428528,0.3213666081428528],[-3.725290298461914e-09,-0.8224750757217407,-0.56880122423172,0.56880122423172],[-0.39073100686073303,0.523584246635437,-0.7570922374725342,1.757091999053955]],"full_resolution":[1920,1080],"relative_focal_length":[1.0,1.0],"screen_center":[0.5000522136688232,0.49666839838027954],"visualized_dimension":-1}]}
