{"camera":{"aperture_size":0.0,"autofocus":false,"autofocus_depth":0.0,"autofocus_target":[0.5,0.5,0.5],"fov_axis":1,"matrix":[[0.8826864957809448,0.049861662089824677,0.46730974316596985,-0.7326555252075195],[0.05900026112794876,-0.9982459545135498,-0.00493150670081377,0.5641537308692932],[0.46624407172203064,0.03192437067627907,-0.8840800523757935,-0.2760964334011078]],"relative_focal_length":[1.429425835609436,1.4300788640975952],"scale":2.9744157791137695,"screen_center":[0.5024623870849609,0.5059808492660522],"zoom":1.0},"frame":1,"views":[{"camera0":[[-0.37309780716896057,0.29683005809783936,-0.8790279030799866,1.5734257698059082],[-0.059868231415748596,-0.9531686305999756,-0.2964552044868469,0.8128530979156494],[-0.9258584976196289,-0.05798095464706421,0.3733958303928375,0.01629546284675598]],"camera1":[[-0.37309780716896057,0.29683005809783936,-0.8790279030799866,1.5734257698059082],[-0.059868231415748596,-0.9531686305999756,-0.2964552044868469,0.8128530979156494],[-0.9258584976196289,-0.05798095464706421,0.3733958303928375,0.01629546284675598]],"full_resolution":[2064,2272],"relative_focal_length":[0.4356694221496582,0.4339345097541809],"screen_center":[0.3787437081336975,0.5965937376022339],"visualized_dimension":-1},{"camera0":[[-0.37309780716896057,0.29683005809783936,-0.8790279030799866,1.5055856704711914],[-0.059868231415748596,-0.9531686305999756,-0.2964552044868469,0.8019672632217407],[-0.9258584976196289,-0.05798095464706421,0.3733958303928375,-0.15205362439155579]],"camera1":[[-0.37309780716896057,0.29683005809783936,-0.8790279030799866,1.5055856704711914],[-0.059868231415748596,-0.9531686305999756,-0.2964552044868469,0.8019672632217407],[-0.9258584976196289,-0.05798095464706421,0.3733958303928375,-0.15205362439155579]],"full_resolution":[2064,2272],"relative_focal_length":[0.4356694221496582,0.4339345097541809],"screen_center":[0.6212562918663025,0.5965937376022339],"visualized_dimension":-1}]}
{"camera":{"aperture_size":0.0,"autofocus":false,"autofocus_depth":0.0,"autofocus_target":[0.5,0.5,0.5],"fov_axis":1,"matrix":[[0.8826864957809448,0.049861662089824677,0.46730974316596985,-0.7326555252075195],[0.05900026112794876,-0.9982459545135498,-0.00493150670081377,0.5641537308692932],[0.46624407172203064,0.03192437067627907,-0.8840800523757935,-0.2760964334011078]],"relative_focal_length":[1.429425835609436,1.4300788640975952],"scale":2.9744157791137695,"screen_center":[0.5024623870849609,0.5059808492660522],"zoom":1.0},"frame":2,"views":[{"camera0":[[-0.4071403443813324,0.2922441065311432,-0.8653498888015747,1.5802037715911865],[-0.05991603806614876,-0.9539347887039185,-0.29397082328796387,0.813229501247406],[-0.9113984107971191,-0.06783904880285263,0.40589553117752075,0.02060544490814209]],"camera1":[[-0.4071403443813324,0.2922441065311432,-0.8653498888015747,1.5802037715911865],[-0.05991603806614876,-0.9539347887039185,-0.29397082328796387,0.813229501247406],[-0.9113984107971191,-0.06783904880285263,0.40589553117752075,0.02060544490814209]],"full_resolution":[2064,2272],"relative_focal_length":[0.4356694221496582,0.4339345097541809],"screen_center":[0.3787437081336975,0.5965937376022339],"visualized_dimension":-1},{"camera0":[[-0.4071403443813324,0.2922441065311432,-0.8653498888015747,1.5061731338500977],[-0.05991603806614876,-0.9539347887039185,-0.29397082328796387,0.8023349046707153],[-0.9113984107971191,-0.06783904880285263,0.40589553117752075,-0.14511443674564362]],"camera1":[[-0.4071403443813324,0.2922441065311432,-0.8653498888015747,1.5061731338500977],[-0.05991603806614876,-0.9539347887039185,-0.29397082328796387,0.8023349046707153],[-0.9113984107971191,-0.06783904880285263,0.40589553117752075,-0.14511443674564362]],"full_resolution":[2064,2272],"relative_focal_length":[0.4356694221496582,0.4339345097541809],"screen_center":[0.6212562918663025,0.5965937376022339],"visualized_dimension":-1}]}
{"camera":{"aperture_size":0.0,"autofocus":false,"autofocus_depth":0.0,"autofocus_target":[0.5,0.5,0.5],"fov_axis":1,"matrix":[[0.8826864957809448,0.049861662089824677,0.46730974316596985,-0.7326555252075195],[0.05900026112794876,-0.9982459545135498,-0.00493150670081377,0.5641537308692932],[0.46624407172203064,0.03192437067627907,-0.8840800523757935,-0.2760964334011078]],"relative_focal_length":[1.429425835609436,1.4300788640975952],"scale":2.9744157791137695,"screen_center":[0.5024623870849609,0.5059808492660522],"zoom":1.0},"frame":3,"views":[{"camera0":[[-0.41544437408447266,0.29364651441574097,-0.8609167337417603,1.583737850189209],[-0.06002365052700043,-0.9532464146614075,-0.2961737811565399,0.8114374279975891],[-0.9076360464096069,-0.07136838138103485,0.41364654898643494,0.021406114101409912]],"camera1":[[-0.41544437408447266,0.29364651441574097,-0.8609167337417603,1.583737850189209],[-0.06002365052700043,-0.9532464146614075,-0.2961737811565399,0.8114374279975891],[-0.9076360464096069,-0.07136838138103485,0.41364654898643494,0.021406114101409912]],"full_resolution":[2064,2272],"relative_focal_length":[0.4356694221496582,0.4339345097541809],"screen_center":[0.3787437081336975,0.5965937376022339],"visualized_dimension":-1},{"camera0":[[-0.41544437408447266,0.29364651441574097,-0.8609167337417603,1.50819730758667],[-0.06002365052700043,-0.9532464146614075,-0.2961737811565399,0.8005233407020569],[-0.9076360464096069,-0.07136838138103485,0.41364654898643494,-0.14362946152687073]],"camera1":[[-0.41544437408447266,0.29364651441574097,-0.8609167337417603,1.50819730758667],[-0.06002365052700043,-0.9532464146614075,-0.2961737811565399,0.8005233407020569],[-0.9076360464096069,-0.07136838138103485,0.41364654898643494,-0.14362946152687073]],"full_resolution":[2064,2272],"relative_focal_length":[0.4356694221496582,0.4339345097541809],"screen_center":[0.6212562918663025,0.5965937376022339],"visualized_dimension":-1}]}
{"camera":{"aperture_size":0.0,"autofocus":false,"autofocus_depth":0.0,"autofocus_target":[0.5,0.5,0.5],"fov_axis":1,"matrix":[[0.8826864957809448,0.049861662089824677,0.46730974316596985,-0.7326555252075195],[0.05900026112794876,-0.9982459545135498,-0.00493150670081377,0.5641537308692932],[0.46624407172203064,0.03192437067627907,-0.8840800523757935,-0.2760964334011078]],"relative_focal_length":[1.429425835609436,1.4300788640975952],"scale":2.9744157791137695,"screen_center":[0.5024623870849609,0.5059808492660522],"zoom":1.0},"frame":3,"views":[{"camera0":[[-0.41346055269241333,0.2938375771045685,-0.8618061542510986,1.5851080417633057],[-0.04677901789546013,-0.95210200548172,-0.3021817207336426,0.8096460103988647],[-0.9093196392059326,-0.08462579548358917,0.4074021279811859,0.019126802682876587]],"camera1":[[-0.41346055269241333,0.2938375771045685,-0.8618061542510986,1.5851080417633057],[-0.04677901789546013,-0.95210200548172,-0.3021817207336426,0.8096460103988647],[-0.9093196392059326,-0.08462579548358917,0.4074021279811859,0.019126802682876587]],"full_resolution":[2064,2272],"relative_focal_length":[0.4356694221496582,0.4339345097541809],"screen_center":[0.3787437081336975,0.5965937376022339],"visualized_dimension":-1},{"camera0":[[-0.41346055269241333,0.2938375771045685,-0.8618061542510986,1.5099282264709473],[-0.04677901789546013,-0.95210200548172,-0.3021817207336426,0.8011401891708374],[-0.9093196392059326,-0.08462579548358917,0.4074021279811859,-0.14621514081954956]],"camera1":[[-0.41346055269241333,0.2938375771045685,-0.8618061542510986,1.5099282264709473],[-0.04677901789546013,-0.95210200548172,-0.3021817207336426,0.8011401891708374],[-0.9093196392059326,-0.08462579548358917,0.4074021279811859,-0.14621514081954956]],"full_resolution":[2064,2272],"relative_focal_length":[0.4356694221496582,0.4339345097541809],"screen_center":[0.6212562918663025,0.5965937376022339],"visualized_dimension":-1}]}
{"camera":{"aperture_size":0.0,"autofocus":false,"autofocus_depth":0.0,"autofocus_target":[0.5,0.5,0.5],"fov_axis":1,"matrix":[[0.8826864957809448,0.049861662089824677,0.46730974316596985,-0.7326555252075195],[0.05900026112794876,-0.9982459545135498,-0.00493150670081377,0.5641537308692932],[0.46624407172203064,0.03192437067627907,-0.8840800523757935,-0.2760964334011078]],"relative_focal_length":[1.429425835609436,1.4300788640975952],"scale":2.9744157791137695,"screen_center":[0.5024623870849609,0.5059808492660522],"zoom":1.0},"frame":4,"views":[{"camera0":[[-0.4139222204685211,0.28894227743148804,-0.8632386326789856,1.58799147605896],[-0.04515852779150009,-0.9536386132240295,-0.2975473999977112,0.8099867105484009],[-0.9091916084289551,-0.0841788798570633,0.40778055787086487,0.016545146703720093]],"camera1":[[-0.4139222204685211,0.28894227743148804,-0.8632386326789856,1.58799147605896],[-0.04515852779150009,-0.9536386132240295,-0.2975473999977112,0.8099867105484009],[-0.9091916084289551,-0.0841788798570633,0.40778055787086487,0.016545146703720093]],"full_resolution":[2064,2272],"relative_focal_length":[0.4356694221496582,0.4339345097541809],"screen_center":[0.3787437081336975,0.5965937376022339],"visualized_dimension":-1},{"camera0":[[-0.4139222204685211,0.28894227743148804,-0.8632386326789856,1.512727975845337],[-0.04515852779150009,-0.9536386132240295,-0.2975473999977112,0.8017755150794983],[-0.9091916084289551,-0.0841788798570633,0.40778055787086487,-0.14877332746982574]],"camera1":[[-0.4139222204685211,0.28894227743148804,-0.8632386326789856,1.512727975845337],[-0.04515852779150009,-0.9536386132240295,-0.2975473999977112,0.8017755150794983],[-0.9091916084289551,-0.0841788798570633,0.40778055787086487,-0.14877332746982574]],"full_resolution":[2064,2272],"relative_focal_length":[0.4356694221496582,0.4339345097541809],"screen_center":[0.6212562918663025,0.5965937376022339],"visualized_dimension":-1}]}
{"camera":{"aperture_size":0.0,"autofocus":false,"autofocus_depth":0.0,"autofocus_target":[0.5,0.5,0.5],"fov_axis":1,"matrix":[[0.8826864957809448,0.049861662089824677,0.46730974316596985,-0.7326555252075195],[0.05900026112794876,-0.9982459545135498,-0.00493150670081377,0.5641537308692932],[0.46624407172203064,0.03192437067627907,-0.8840800523757935,-0.2760964334011078]],"relative_focal_length":[1.429425835609436,1.4300788640975952],"scale":2.9744157791137695,"screen_center":[0.5024623870849609,0.5059808492660522],"zoom":1.0},"frame":4,"views":[{"camera0":[[-0.4292736053466797,0.28457096219062805,-0.8571717739105225,1.5946791172027588],[-0.040558673441410065,-0.9541821479797363,-0.29646536707878113,0.8100940585136414],[-0.9022634029388428,-0.09249904006719589,0.4211471676826477,0.013921111822128296]],"camera1":[[-0.4292736053466797,0.28457096219062805,-0.8571717739105225,1.5946791172027588],[-0.040558673441410065,-0.9541821479797363,-0.29646536707878113,0.8100940585136414],[-0.9022634029388428,-0.09249904006719589,0.4211471676826477,0.013921111822128296]],"full_resolution":[2064,2272],"relative_focal_length":[0.4356694221496582,0.4339345097541809],"screen_center":[0.3787437081336975,0.5965937376022339],"visualized_dimension":-1},{"camera0":[[-0.4292736053466797,0.28457096219062805,-0.8571717739105225,1.5166242122650146],[-0.040558673441410065,-0.9541821479797363,-0.29646536707878113,0.8027192950248718],[-0.9022634029388428,-0.09249904006719589,0.4211471676826477,-0.15013755857944489]],"camera1":[[-0.4292736053466797,0.28457096219062805,-0.8571717739105225,1.5166242122650146],[-0.040558673441410065,-0.9541821479797363,-0.29646536707878113,0.8027192950248718],[-0.9022634029388428,-0.09249904006719589,0.4211471676826477,-0.15013755857944489]],"full_resolution":[2064,2272],"relative_focal_length":[0.4356694221496582,0.4339345097541809],"screen_center":[0.6212562918663025,0.5965937376022339],"visualized_dimension":-1}]}
{"camera":{"aperture_size":0.0,"autofocus":false,"autofocus_depth":0.0,"autofocus_target":[0.5,0.5,0.5],"fov_axis":1,"matrix":[[0.8826864957809448,0.049861662089824677,0.46730974316596985,-0.7326555252075195],[0.05900026112794876,-0.9982459545135498,-0.00493150670081377,0.5641537308692932],[0.46624407172203064,0.03192437067627907,-0.8840800523757935,-0.2760964334011078]],"relative_focal_length":[1.429425835609436,1.4300788640975952],"scale":2.9744157791137695,"screen_center":[0.5024623870849609,0.5059808492660522],"zoom":1.0},"frame":5,"views":[{"camera0":[[-0.42775043845176697,0.27617692947387695,-0.8606722354888916,1.593515396118164],[-0.034506656229496,-0.9564745426177979,-0.2897689640522003,0.8121947646141052],[-0.9032384753227234,-0.09424984455108643,0.4186623692512512,0.01192539930343628]],"camera1":[[-0.42775043845176697,0.27617692947387695,-0.8606722354888916,1.593515396118164],[-0.034506656229496,-0.9564745426177979,-0.2897689640522003,0.8121947646141052],[-0.9032384753227234,-0.09424984455108643,0.4186623692512512,0.01192539930343628]],"full_resolution":[2064,2272],"relative_focal_length":[0.4356694221496582,0.4339345097541809],"screen_center":[0.3787437081336975,0.5965937376022339],"visualized_dimension":-1},{"camera0":[[-0.42775043845176697,0.27617692947387695,-0.8606722354888916,1.515737533569336],[-0.034506656229496,-0.9564745426177979,-0.2897689640522003,0.8059203624725342],[-0.9032384753227234,-0.09424984455108643,0.4186623692512512,-0.15231077373027802]],"camera1":[[-0.42775043845176697,0.27617692947387695,-0.8606722354888916,1.515737533569336],[-0.034506656229496,-0.9564745426177979,-0.2897689640522003,0.8059203624725342],[-0.9032384753227234,-0.09424984455108643,0.4186623692512512,-0.15231077373027802]],"full_resolution":[2064,2272],"relative_focal_length":[0.4356694221496582,0.4339345097541809],"screen_center":[0.6212562918663025,0.5965937376022339],"visualized_dimension":-1}]}
{"camera":{"aperture_size":0.0,"autofocus":false,"autofocus_depth":0.0,"autofocus_target":[0.5,0.5,0.5],"fov_axis":1,"matrix":[[0.8826864957809448,0.049861662089824677,0.46730974316596985,-0.7326555252075195],[0.05900026112794876,-0.9982459545135498,-0.00493150670081377,0.5641537308692932],[0.46624407172203064,0.03192437067627907,-0.8840800523757935,-0.2760964334011078]],"relative_focal_length":[1.429425835609436,1.4300788640975952],"scale":2.9744157791137695,"screen_center":[0.5024623870849609,0.5059808492660522],"zoom":1.0},"frame":6,"views":[{"camera0":[[-0.42172130942344666,0.2679924964904785,-0.8662170171737671,1.589277982711792],[-0.029976923018693924,-0.9589226841926575,-0.2820797264575958,0.8164323568344116],[-0.9062303304672241,-0.09299247711896896,0.41243183612823486,0.0014566779136657715]],"camera1":[[-0.42172130942344666,0.2679924964904785,-0.8662170171737671,1.589277982711792],[-0.029976923018693924,-0.9589226841926575,-0.2820797264575958,0.8164323568344116],[-0.9062303304672241,-0.09299247711896896,0.41243183612823486,0.0014566779136657715]],"full_resolution":[2064,2272],"relative_focal_length":[0.4356694221496582,0.4339345097541809],"screen_center":[0.3787437081336975,0.5965937376022339],"visualized_dimension":-1},{"camera0":[[-0.42172130942344666,0.2679924964904785,-0.8662170171737671,1.5125958919525146],[-0.029976923018693924,-0.9589226841926575,-0.2820797264575958,0.8109816312789917],[-0.9062303304672241,-0.09299247711896896,0.41243183612823486,-0.16332343220710754]],"camera1":[[-0.42172130942344666,0.2679924964904785,-0.8662170171737671,1.5125958919525146],[-0.029976923018693924,-0.9589226841926575,-0.2820797264575958,0.8109816312789917],[-0.9062303304672241,-0.09299247711896896,0.41243183612823486,-0.16332343220710754]],"full_resolution":[2064,2272],"relative_focal_length":[0.4356694221496582,0.4339345097541809],"screen_center":[0.6212562918663025,0.5965937376022339],"visualized_dimension":-1}]}
{"camera":{"aperture_size":0.0,"autofocus":false,"autofocus_depth":0.0,"autofocus_target":[0.5,0.5,0.5],"fov_axis":1,"matrix":[[0.8826864957809448,0.049861662089824677,0.46730974316596985,-0.7326555252075195],[0.05900026112794876,-0.9982459545135498,-0.00493150670081377,0.5641537308692932],[0.46624407172203064,0.03192437067627907,-0.8840800523757935,-0.2760964334011078]],"relative_focal_length":[1.429425835609436,1.4300788640975952],"scale":2.9744157791137695,"screen_center":[0.5024623870849609,0.5059808492660522],"zoom":1.0},"frame":7,"views":[{"camera0":[[-0.41121742129325867,0.265835702419281,-0.8719127178192139,1.5817618370056152],[-0.02630961686372757,-0.959592878818512,-0.28016000986099243,0.8189973831176758],[-0.9111576676368713,-0.0922669991850853,0.40159541368484497,-0.012141674757003784]],"camera1":[[-0.41121742129325867,0.265835702419281,-0.8719127178192139,1.5817618370056152],[-0.02630961686372757,-0.959592878818512,-0.28016000986099243,0.8189973831176758],[-0.9111576676368713,-0.0922669991850853,0.40159541368484497,-0.012141674757003784]],"full_resolution":[2064,2272],"relative_focal_length":[0.4356694221496582,0.4339345097541809],"screen_center":[0.3787437081336975,0.5965937376022339],"visualized_dimension":-1},{"camera0":[[-0.41121742129325867,0.265835702419281,-0.8719127178192139,1.5069899559020996],[-0.02630961686372757,-0.959592878818512,-0.28016000986099243,0.8142135143280029],[-0.9111576676368713,-0.0922669991850853,0.40159541368484497,-0.17781788110733032]],"camera1":[[-0.41121742129325867,0.265835702419281,-0.8719127178192139,1.5069899559020996],[-0.02630961686372757,-0.959592878818512,-0.28016000986099243,0.8142135143280029],[-0.9111576676368713,-0.0922669991850853,0.40159541368484497,-0.17781788110733032]],"full_resolution":[2064,2272],"relative_focal_length":[0.4356694221496582,0.4339345097541809],"screen_center":[0.6212562918663025,0.5965937376022339],"visualized_dimension":-1}]}
{"camera":{"aperture_size":0.0,"autofocus":false,"autofocus_depth":0.0,"autofocus_target":[0.5,0.5,0.5],"fov_axis":1,"matrix":[[0.8826864957809448,0.049861662089824677,0.46730974316596985,-0.7326555252075195],[0.05900026112794876,-0.9982459545135498,-0.00493150670081377,0.5641537308692932],[0.46624407172203064,0.03192437067627907,-0.8840800523757935,-0.2760964334011078]],"relative_focal_length":[1.429425835609436,1.4300788640975952],"scale":2.9744157791137695,"screen_center":[0.5024623870849609,0.5059808492660522],"zoom":1.0},"frame":8,"views":[{"camera0":[[-0.4012359380722046,0.2606581747531891,-0.8781042098999023,1.571885585784912],[-0.026262152940034866,-0.9615352749824524,-0.2734239101409912,0.8205056190490723],[-0.9155982732772827,-0.08664662390947342,0.39264804124832153,-0.024995744228363037]],"camera1":[[-0.4012359380722046,0.2606581747531891,-0.8781042098999023,1.571885585784912],[-0.026262152940034866,-0.9615352749824524,-0.2734239101409912,0.8205056190490723],[-0.9155982732772827,-0.08664662390947342,0.39264804124832153,-0.024995744228363037]],"full_resolution":[2064,2272],"relative_focal_length":[0.4356694221496582,0.4339345097541809],"screen_center":[0.3787437081336975,0.5965937376022339],"visualized_dimension":-1},{"camera0":[[-0.4012359380722046,0.2606581747531891,-0.8781042098999023,1.4989283084869385],[-0.026262152940034866,-0.9615352749824524,-0.2734239101409912,0.8157303333282471],[-0.9155982732772827,-0.08664662390947342,0.39264804124832153,-0.19147923588752747]],"camera1":[[-0.4012359380722046,0.2606581747531891,-0.8781042098999023,1.4989283084869385],[-0.026262152940034866,-0.9615352749824524,-0.2734239101409912,0.8157303333282471],[-0.9155982732772827,-0.08664662390947342,0.39264804124832153,-0.19147923588752747]],"full_resolution":[2064,2272],"relative_focal_length":[0.4356694221496582,0.4339345097541809],"screen_center":[0.6212562918663025,0.5965937376022339],"visualized_dimension":-1}]}
{"camera":{"aperture_size":0.0,"autofocus":false,"autofocus_depth":0.0,"autofocus_target":[0.5,0.5,0.5],"fov_axis":1,"matrix":[[0.8826864957809448,0.049861662089824677,0.46730974316596985,-0.7326555252075195],[0.05900026112794876,-0.9982459545135498,-0.00493150670081377,0.5641537308692932],[0.46624407172203064,0.03192437067627907,-0.8840800523757935,-0.2760964334011078]],"relative_focal_length":[1.429425835609436,1.4300788640975952],"scale":2.9744157791137695,"screen_center":[0.5024623870849609,0.5059808492660522],"zoom":1.0},"frame":9,"views":[{"camera0":[[-0.39279457926750183,0.2751510739326477,-0.8774989247322083,1.5609533786773682],[-0.029958197847008705,-0.9575130343437195,-0.2868303060531616,0.817451000213623],[-0.9191383123397827,-0.08637712150812149,0.38434898853302,-0.03637219965457916]],"camera1":[[-0.39279457926750183,0.2751510739326477,-0.8774989247322083,1.5609533786773682],[-0.029958197847008705,-0.9575130343437195,-0.2868303060531616,0.817451000213623],[-0.9191383123397827,-0.08637712150812149,0.38434898853302,-0.03637219965457916]],"full_resolution":[2064,2272],"relative_focal_length":[0.4356694221496582,0.4339345097541809],"screen_center":[0.3787437081336975,0.5965937376022339],"visualized_dimension":-1},{"camera0":[[-0.39279457926750183,0.2751510739326477,-0.8774989247322083,1.4895312786102295],[-0.029958197847008705,-0.9575130343437195,-0.2868303060531616,0.8120037317276001],[-0.9191383123397827,-0.08637712150812149,0.38434898853302,-0.20349934697151184]],"camera1":[[-0.39279457926750183,0.2751510739326477,-0.8774989247322083,1.4895312786102295],[-0.029958197847008705,-0.9575130343437195,-0.2868303060531616,0.8120037317276001],[-0.9191383123397827,-0.08637712150812149,0.38434898853302,-0.20349934697151184]],"full_resolution":[2064,2272],"relative_focal_length":[0.4356694221496582,0.4339345097541809],"screen_center":[0.6212562918663025,0.5965937376022339],"visualized_dimension":-1}]}
{"camera":{"aperture_size":0.0,"autofocus":false,"autofocus_depth":0.0,"autofocus_target":[0.5,0.5,0.5],"fov_axis":1,"matrix":[[0.8826864957809448,0.049861662089824677,0.46730974316596985,-0.7326555252075195],[0.05900026112794876,-0.9982459545135498,-0.00493150670081377,0.5641537308692932],[0.46624407172203064,0.03192437067627907,-0.8840800523757935,-0.2760964334011078]],"relative_focal_length":[1.429425835609436,1.4300788640975952],"scale":2.9744157791137695,"screen_center":[0.5024623870849609,0.5059808492660522],"zoom":1.0},"frame":10,"views":[{"camera0":[[-0.3872128427028656,0.28458553552627563,-0.8769705891609192,1.547236680984497],[-0.03419438749551773,-0.9549495577812195,-0.29479244351387024,0.8173408508300781],[-0.921356201171875,-0.08415994048118591,0.3794999420642853,-0.04409845173358917]],"camera1":[[-0.3872128427028656,0.28458553552627563,-0.8769705891609192,1.547236680984497],[-0.03419438749551773,-0.9549495577812195,-0.29479244351387024,0.8173408508300781],[-0.921356201171875,-0.08415994048118591,0.3794999420642853,-0.04409845173358917]],"full_resolution":[2064,2272],"relative_focal_length":[0.4356694221496582,0.4339345097541809],"screen_center":[0.3787437081336975,0.5965937376022339],"visualized_dimension":-1},{"camera0":[[-0.3872128427028656,0.28458553552627563,-0.8769705891609192,1.4768295288085938],[-0.03419438749551773,-0.9549495577812195,-0.29479244351387024,0.811123251914978],[-0.921356201171875,-0.08415994048118591,0.3794999420642853,-0.21162883937358856]],"camera1":[[-0.3872128427028656,0.28458553552627563,-0.8769705891609192,1.4768295288085938],[-0.03419438749551773,-0.9549495577812195,-0.29479244351387024,0.811123251914978],[-0.921356201171875,-0.08415994048118591,0.3794999420642853,-0.21162883937358856]],"full_resolution":[2064,2272],"relative_focal_length":[0.4356694221496582,0.4339345097541809],"screen_center":[0.6212562918663025,0.5965937376022339],"visualized_dimension":-1}]}
{"camera":{"aperture_size":0.0,"autofocus":false,"autofocus_depth":0.0,"autofocus_target":[0.5,0.5,0.5],"fov_axis":1,"matrix":[[0.8826864957809448,0.049861662089824677,0.46730974316596985,-0.7326555252075195],[0.05900026112794876,-0.9982459545135498,-0.00493150670081377,0.5641537308692932],[0.46624407172203064,0.03192437067627907,-0.8840800523757935,-0.2760964334011078]],"relative_focal_length":[1.429425835609436,1.4300788640975952],"scale":2.9744157791137695,"screen_center":[0.5024623870849609,0.5059808492660522],"zoom":1.0},"frame":11,"views":[{"camera0":[[-0.3730941712856293,0.2952522039413452,-0.879560649394989,1.538757562637329],[-0.04325728118419647,-0.9525182247161865,-0.3013937175273895,0.8174828886985779],[-0.9267846345901489,-0.07440084218978882,0.3681507706642151,-0.047422170639038086]],"camera1":[[-0.3730941712856293,0.2952522039413452,-0.879560649394989,1.538757562637329],[-0.04325728118419647,-0.9525182247161865,-0.3013937175273895,0.8174828886985779],[-0.9267846345901489,-0.07440084218978882,0.3681507706642151,-0.047422170639038086]],"full_resolution":[2064,2272],"relative_focal_length":[0.4356694221496582,0.4339345097541809],"screen_center":[0.3787437081336975,0.5965937376022339],"visualized_dimension":-1},{"camera0":[[-0.3730941712856293,0.2952522039413452,-0.879560649394989,1.4709177017211914],[-0.04325728118419647,-0.9525182247161865,-0.3013937175273895,0.8096174001693726],[-0.9267846345901489,-0.07440084218978882,0.3681507706642151,-0.21593952178955078]],"camera1":[[-0.3730941712856293,0.2952522039413452,-0.879560649394989,1.4709177017211914],[-0.04325728118419647,-0.9525182247161865,-0.3013937175273895,0.8096174001693726],[-0.9267846345901489,-0.07440084218978882,0.3681507706642151,-0.21593952178955078]],"full_resolution":[2064,2272],"relative_focal_length":[0.4356694221496582,0.4339345097541809],"screen_center":[0.6212562918663025,0.5965937376022339],"visualized_dimension":-1}]}
{"camera":{"aperture_size":0.0,"autofocus":false,"autofocus_depth":0.0,"autofocus_target":[0.5,0.5,0.5],"fov_axis":1,"matrix":[[0.8826864957809448,0.049861662089824677,0.46730974316596985,-0.7326555252075195],[0.05900026112794876,-0.9982459545135498,-0.00493150670081377,0.5641537308692932],[0.46624407172203064,0.03192437067627907,-0.8840800523757935,-0.2760964334011078]],"relative_focal_length":[1.429425835609436,1.4300788640975952],"scale":2.9744157791137695,"screen_center":[0.5024623870849609,0.5059808492660522],"zoom":1.0},"frame":12,"views":[{"camera0":[[-0.36751407384872437,0.29066765308380127,-0.8834284543991089,1.5299127101898193],[-0.038429394364356995,-0.9538397789001465,-0.29784756898880005,0.8165525197982788],[-0.9292237758636475,-0.07551354169845581,0.3617197573184967,-0.04734008014202118]],"camera1":[[-0.36751407384872437,0.29066765308380127,-0.8834284543991089,1.5299127101898193],[-0.038429394364356995,-0.9538397789001465,-0.29784756898880005,0.8165525197982788],[-0.9292237758636475,-0.07551354169845581,0.3617197573184967,-0.04734008014202118]],"full_resolution":[2064,2272],"relative_focal_length":[0.4356694221496582,0.4339345097541809],"screen_center":[0.3787437081336975,0.5965937376022339],"visualized_dimension":-1},{"camera0":[[-0.36751407384872437,0.29066765308380127,-0.8834284543991089,1.4630873203277588],[-0.038429394364356995,-0.9538397789001465,-0.29784756898880005,0.8095649480819702],[-0.9292237758636475,-0.07551354169845581,0.3617197573184967,-0.21630102396011353]],"camera1":[[-0.36751407384872437,0.29066765308380127,-0.8834284543991089,1.4630873203277588],[-0.038429394364356995,-0.9538397789001465,-0.29784756898880005,0.8095649480819702],[-0.9292237758636475,-0.07551354169845581,0.3617197573184967,-0.21630102396011353]],"full_resolution":[2064,2272],"relative_focal_length":[0.4356694221496582,0.4339345097541809],"screen_center":[0.6212562918663025,0.5965937376022339],"visualized_dimension":-1}]}
{"camera":{"aperture_size":0.0,"autofocus":false,"autofocus_depth":0.0,"autofocus_target":[0.5,0.5,0.5],"fov_axis":1,"matrix":[[0.8826864957809448,0.049861662089824677,0.46730974316596985,-0.7326555252075195],[0.05900026112794876,-0.9982459545135498,-0.00493150670081377,0.5641537308692932],[0.46624407172203064,0.03192437067627907,-0.8840800523757935,-0.2760964334011078]],"relative_focal_length":[1.429425835609436,1.4300788640975952],"scale":2.9744157791137695,"screen_center":[0.5024623870849609,0.5059808492660522],"zoom":1.0},"frame":12,"views":[{"camera0":[[-0.3507249653339386,0.29221901297569275,-0.8897190690040588,1.525665283203125],[-0.034283604472875595,-0.9534386992454529,-0.29963254928588867,0.8116127252578735],[-0.9358507990837097,-0.07458584755659103,0.3444131910800934,-0.04675981402397156]],"camera1":[[-0.3507249653339386,0.29221901297569275,-0.8897190690040588,1.525665283203125],[-0.034283604472875595,-0.9534386992454529,-0.29963254928588867,0.8116127252578735],[-0.9358507990837097,-0.07458584755659103,0.3444131910800934,-0.04675981402397156]],"full_resolution":[2064,2272],"relative_focal_length":[0.4356694221496582,0.4339345097541809],"screen_center":[0.3787437081336975,0.5965937376022339],"visualized_dimension":-1},{"camera0":[[-0.3507249653339386,0.29221901297569275,-0.8897190690040588,1.461893081665039],[-0.034283604472875595,-0.9534386992454529,-0.29963254928588867,0.8053789138793945],[-0.9358507990837097,-0.07458584755659103,0.3444131910800934,-0.21692578494548798]],"camera1":[[-0.3507249653339386,0.29221901297569275,-0.8897190690040588,1.461893081665039],[-0.034283604472875595,-0.9534386992454529,-0.29963254928588867,0.8053789138793945],[-0.9358507990837097,-0.07458584755659103,0.3444131910800934,-0.21692578494548798]],"full_resolution":[2064,2272],"relative_focal_length":[0.4356694221496582,0.4339345097541809],"screen_center":[0.6212562918663025,0.5965937376022339],"visualized_dimension":-1}]}
{"camera":{"aperture_size":0.0,"autofocus":false,"autofocus_depth":0.0,"autofocus_target":[0.5,0.5,0.5],"fov_axis":1,"matrix":[[0.8826864957809448,0.049861662089824677,0.46730974316596985,-0.7326555252075195],[0.05900026112794876,-0.9982459545135498,-0.00493150670081377,0.5641537308692932],[0.46624407172203064,0.03192437067627907,-0.8840800523757935,-0.2760964334011078]],"relative_focal_length":[1.429425835609436,1.4300788640975952],"scale":2.9744157791137695,"screen_center":[0.5024623870849609,0.5059808492660522],"zoom":1.0},"frame":13,"views":[{"camera0":[[-0.3202475905418396,0.30327898263931274,-0.897476077079773,1.5197052955627441],[-0.031118739396333694,-0.9502270817756653,-0.3100006878376007,0.8087136745452881],[-0.9468227028846741,-0.0713486596941948,0.3137456476688385,-0.04507946968078613]],"camera1":[[-0.3202475905418396,0.30327898263931274,-0.897476077079773,1.5197052955627441],[-0.031118739396333694,-0.9502270817756653,-0.3100006878376007,0.8087136745452881],[-0.9468227028846741,-0.0713486596941948,0.3137456476688385,-0.04507946968078613]],"full_resolution":[2064,2272],"relative_focal_length":[0.4356694221496582,0.4339345097541809],"screen_center":[0.3787437081336975,0.5965937376022339],"visualized_dimension":-1},{"camera0":[[-0.3202475905418396,0.30327898263931274,-0.897476077079773,1.4614744186401367],[-0.031118739396333694,-0.9502270817756653,-0.3100006878376007,0.8030553460121155],[-0.9468227028846741,-0.0713486596941948,0.3137456476688385,-0.21724066138267517]],"camera1":[[-0.3202475905418396,0.30327898263931274,-0.897476077079773,1.4614744186401367],[-0.031118739396333694,-0.9502270817756653,-0.3100006878376007,0.8030553460121155],[-0.9468227028846741,-0.0713486596941948,0.3137456476688385,-0.21724066138267517]],"full_resolution":[2064,2272],"relative_focal_length":[0.4356694221496582,0.4339345097541809],"screen_center":[0.6212562918663025,0.5965937376022339],"visualized_dimension":-1}]}
{"camera":{"aperture_size":0.0,"autofocus":false,"autofocus_depth":0.0,"autofocus_target":[0.5,0.5,0.5],"fov_axis":1,"matrix":[[0.8826864957809448,0.049861662089824677,0.46730974316596985,-0.7326555252075195],[0.05900026112794876,-0.9982459545135498,-0.00493150670081377,0.5641537308692932],[0.46624407172203064,0.03192437067627907,-0.8840800523757935,-0.2760964334011078]],"relative_focal_length":[1.429425835609436,1.4300788640975952],"scale":2.9744157791137695,"screen_center":[0.5024623870849609,0.5059808492660522],"zoom":1.0},"frame":14,"views":[{"camera0":[[-0.292833149433136,0.3088059425354004,-0.904924213886261,1.5150601863861084],[-0.025096867233514786,-0.948567807674408,-0.31557801365852356,0.8084043264389038],[-0.9558342695236206,-0.06970097124576569,0.2855222523212433,-0.037903040647506714]],"camera1":[[-0.292833149433136,0.3088059425354004,-0.904924213886261,1.5150601863861084],[-0.025096867233514786,-0.948567807674408,-0.31557801365852356,0.8084043264389038],[-0.9558342695236206,-0.06970097124576569,0.2855222523212433,-0.037903040647506714]],"full_resolution":[2064,2272],"relative_focal_length":[0.4356694221496582,0.4339345097541809],"screen_center":[0.3787437081336975,0.5965937376022339],"visualized_dimension":-1},{"camera0":[[-0.292833149433136,0.3088059425354004,-0.904924213886261,1.4618141651153564],[-0.025096867233514786,-0.948567807674408,-0.31557801365852356,0.8038409352302551],[-0.9558342695236206,-0.06970097124576569,0.2855222523212433,-0.21170276403427124]],"camera1":[[-0.292833149433136,0.3088059425354004,-0.904924213886261,1.4618141651153564],[-0.025096867233514786,-0.948567807674408,-0.31557801365852356,0.8038409352302551],[-0.9558342695236206,-0.06970097124576569,0.2855222523212433,-0.21170276403427124]],"full_resolution":[2064,2272],"relative_focal_length":[0.4356694221496582,0.4339345097541809],"screen_center":[0.6212562918663025,0.5965937376022339],"visualized_dimension":-1}]}
{"camera":{"aperture_size":0.0,"autofocus":false,"autofocus_depth":0.0,"autofocus_target":[0.5,0.5,0.5],"fov_axis":1,"matrix":[[0.8826864957809448,0.049861662089824677,0.46730974316596985,-0.7039020657539368],[0.05900026112794876,-0.9982459545135498,-0.00493150670081377,0.6004457473754883],[0.46624407172203064,0.03192437067627907,-0.8840800523757935,-0.16240236163139343]],"relative_focal_length":[1.429425835609436,1.4300788640975952],"scale":2.9744157791137695,"screen_center":[0.5024623870849609,0.5059808492660522],"zoom":1.0},"frame":15,"views":[{"camera0":[[-0.25877198576927185,0.31444236636161804,-0.913325309753418,1.5091021060943604],[-0.020868487656116486,-0.9471309185028076,-0.3201684057712555,0.8117620944976807],[-0.9657131433486938,-0.0637909322977066,0.25165292620658875,-0.025077104568481445]],"camera1":[[-0.25877198576927185,0.31444236636161804,-0.913325309753418,1.5091021060943604],[-0.020868487656116486,-0.9471309185028076,-0.3201684057712555,0.8117620944976807],[-0.9657131433486938,-0.0637909322977066,0.25165292620658875,-0.025077104568481445]],"full_resolution":[2064,2272],"relative_focal_length":[0.4356694221496582,0.4339345097541809],"screen_center":[0.3787437081336975,0.5965937376022339],"visualized_dimension":-1},{"camera0":[[-0.25877198576927185,0.31444236636161804,-0.913325309753418,1.4620494842529297],[-0.020868487656116486,-0.9471309185028076,-0.3201684057712555,0.8079676032066345],[-0.9657131433486938,-0.0637909322977066,0.25165292620658875,-0.20067308843135834]],"camera1":[[-0.25877198576927185,0.31444236636161804,-0.913325309753418,1.4620494842529297],[-0.020868487656116486,-0.9471309185028076,-0.3201684057712555,0.8079676032066345],[-0.9657131433486938,-0.0637909322977066,0.25165292620658875,-0.20067308843135834]],"full_resolution":[2064,2272],"relative_focal_length":[0.4356694221496582,0.4339345097541809],"screen_center":[0.6212562918663025,0.5965937376022339],"visualized_dimension":-1}]}
{"camera":{"aperture_size":0.0,"autofocus":false,"autofocus_depth":0.0,"autofocus_target":[0.5,0.5,0.5],"fov_axis":1,"matrix":[[0.8826864957809448,0.049861662089824677,0.46730974316596985,-0.6866756677627563],[0.05900026112794876,-0.9982459545135498,-0.00493150670081377,0.6734811067581177],[0.46624407172203064,0.03192437067627907,-0.8840800523757935,-0.008537650108337402]],"relative_focal_length":[1.429425835609436,1.4300788640975952],"scale":2.9744157791137695,"screen_center":[0.5024623870849609,0.5059808492660522],"zoom":1.0},"frame":16,"views":[{"camera0":[[-0.22295016050338745,0.30933114886283875,-0.9244499206542969,1.5294029712677002],[-0.011208320036530495,-0.9490700364112854,-0.31486624479293823,0.84967041015625],[-0.9747656583786011,-0.0598379522562027,0.21506249904632568,0.10663163661956787]],"camera1":[[-0.22295016050338745,0.30933114886283875,-0.9244499206542969,1.5294029712677002],[-0.011208320036530495,-0.9490700364112854,-0.31486624479293823,0.84967041015625],[-0.9747656583786011,-0.0598379522562027,0.21506249904632568,0.10663163661956787]],"full_resolution":[2064,2272],"relative_focal_length":[0.4356694221496582,0.4339345097541809],"screen_center":[0.3787437081336975,0.5965937376022339],"visualized_dimension":-1},{"camera0":[[-0.22295016050338745,0.30933114886283875,-0.9244499206542969,1.4888637065887451],[-0.011208320036530495,-0.9490700364112854,-0.31486624479293823,0.8476324081420898],[-0.9747656583786011,-0.0598379522562027,0.21506249904632568,-0.07061018794775009]],"camera1":[[-0.22295016050338745,0.30933114886283875,-0.9244499206542969,1.4888637065887451],[-0.011208320036530495,-0.9490700364112854,-0.31486624479293823,0.8476324081420898],[-0.9747656583786011,-0.0598379522562027,0.21506249904632568,-0.07061018794775009]],"full_resolution":[2064,2272],"relative_focal_length":[0.4356694221496582,0.4339345097541809],"screen_center":[0.6212562918663025,0.5965937376022339],"visualized_dimension":-1}]}
{"camera":{"aperture_size":0.0,"autofocus":false,"autofocus_depth":0.0,"autofocus_target":[0.5,0.5,0.5],"fov_axis":1,"matrix":[[0.8826864957809448,0.049861662089824677,0.46730974316596985,-0.6902318000793457],[0.05900026112794876,-0.9982459545135498,-0.00493150670081377,0.7262983322143555],[0.46624407172203064,0.03192437067627907,-0.8840800523757935,0.14433901011943817]],"relative_focal_length":[1.429425835609436,1.4300788640975952],"scale":2.9744157791137695,"screen_center":[0.5024623870849609,0.5059808492660522],"zoom":1.0},"frame":17,"views":[{"camera0":[[-0.18674683570861816,0.3042965233325958,-0.9340928196907043,1.5386828184127808],[0.007038698066025972,-0.950380802154541,-0.31100982427597046,0.9183437824249268],[-0.9823828935623169,-0.0646548867225647,0.17533883452415466,0.2731979191303253]],"camera1":[[-0.18674683570861816,0.3042965233325958,-0.9340928196907043,1.5386828184127808],[0.007038698066025972,-0.950380802154541,-0.31100982427597046,0.9183437824249268],[-0.9823828935623169,-0.0646548867225647,0.17533883452415466,0.2731979191303253]],"full_resolution":[2064,2272],"relative_focal_length":[0.4356694221496582,0.4339345097541809],"screen_center":[0.3787437081336975,0.5965937376022339],"visualized_dimension":-1},{"camera0":[[-0.18674683570861816,0.3042965233325958,-0.9340928196907043,1.504726529121399],[0.007038698066025972,-0.950380802154541,-0.31100982427597046,0.9196236729621887],[-0.9823828935623169,-0.0646548867225647,0.17533883452415466,0.0945710614323616]],"camera1":[[-0.18674683570861816,0.3042965233325958,-0.9340928196907043,1.504726529121399],[0.007038698066025972,-0.950380802154541,-0.31100982427597046,0.9196236729621887],[-0.9823828935623169,-0.0646548867225647,0.17533883452415466,0.0945710614323616]],"full_resolution":[2064,2272],"relative_focal_length":[0.4356694221496582,0.4339345097541809],"screen_center":[0.6212562918663025,0.5965937376022339],"visualized_dimension":-1}]}
