{"camera":{"aperture_size":0.0,"autofocus":false,"autofocus_depth":0.0,"autofocus_target":[0.5,0.5,0.5],"fov_axis":1,"matrix":[[0.8826864957809448,0.049861662089824677,0.46730974316596985,-2.2857983112335205],[0.05900026112794876,-0.9982459545135498,-0.00493150670081377,0.4444662034511566],[0.46624407172203064,0.03192437067627907,-0.8840800523757935,3.153705596923828]],"relative_focal_length":[1.429425835609436,1.4300788640975952],"scale":2.9744157791137695,"screen_center":[0.5024623870849609,0.5059808492660522],"zoom":1.0},"frame":1,"views":[{"camera0":[[0.8329641222953796,-0.014600828289985657,0.5531343817710876,0.0694572925567627],[0.23653951287269592,-0.8943114280700684,-0.37981122732162476,0.5361416339874268],[0.5002198219299316,0.4472072124481201,-0.7414755821228027,1.5043187141418457]],"camera1":[[0.8329641222953796,-0.014600828289985657,0.5531343817710876,0.0694572925567627],[0.23653951287269592,-0.8943114280700684,-0.37981122732162476,0.5361416339874268],[0.5002198219299316,0.4472072124481201,-0.7414755821228027,1.5043187141418457]],"full_resolution":[2064,2272],"relative_focal_length":[0.4356694221496582,0.4339345097541809],"screen_center":[0.3787437081336975,0.5965937376022339],"visualized_dimension":-1},{"camera0":[[0.8329641222953796,-0.014600828289985657,0.5531343817710876,0.2209153175354004],[0.23653951287269592,-0.8943114280700684,-0.37981122732162476,0.5791516900062561],[0.5002198219299316,0.4472072124481201,-0.7414755821228027,1.5952739715576172]],"camera1":[[0.8329641222953796,-0.014600828289985657,0.5531343817710876,0.2209153175354004],[0.23653951287269592,-0.8943114280700684,-0.37981122732162476,0.5791516900062561],[0.5002198219299316,0.4472072124481201,-0.7414755821228027,1.5952739715576172]],"full_resolution":[2064,2272],"relative_focal_length":[0.4356694221496582,0.4339345097541809],"screen_center":[0.6212562918663025,0.5965937376022339],"visualized_dimension":-1}]}
{"camera":{"aperture_size":0.0,"autofocus":false,"autofocus_depth":0.0,"autofocus_target":[0.5,0.5,0.5],"fov_axis":1,"matrix":[[0.8826864957809448,0.049861662089824677,0.46730974316596985,-2.2857983112335205],[0.05900026112794876,-0.9982459545135498,-0.00493150670081377,0.4444662034511566],[0.46624407172203064,0.03192437067627907,-0.8840800523757935,3.153705596923828]],"relative_focal_length":[1.429425835609436,1.4300788640975952],"scale":2.9744157791137695,"screen_center":[0.5024623870849609,0.5059808492660522],"zoom":1.0},"frame":2,"views":[{"camera0":[[0.8219317197799683,-0.019944757223129272,0.5692368745803833,0.10025739669799805],[0.2487819343805313,-0.8864476084709167,-0.39028000831604004,0.5172426700592041],[0.5123826265335083,0.46239933371543884,-0.7236374616622925,1.457804799079895]],"camera1":[[0.8219317197799683,-0.019944757223129272,0.5692368745803833,0.10025739669799805],[0.2487819343805313,-0.8864476084709167,-0.39028000831604004,0.5172426700592041],[0.5123826265335083,0.46239933371543884,-0.7236374616622925,1.457804799079895]],"full_resolution":[2064,2272],"relative_focal_length":[0.4356694221496582,0.4339345097541809],"screen_center":[0.3787437081336975,0.5965937376022339],"visualized_dimension":-1},{"camera0":[[0.8219317197799683,-0.019944757223129272,0.5692368745803833,0.2497093677520752],[0.2487819343805313,-0.8864476084709167,-0.39028000831604004,0.56247878074646],[0.5123826265335083,0.46239933371543884,-0.7236374616622925,1.5509713888168335]],"camera1":[[0.8219317197799683,-0.019944757223129272,0.5692368745803833,0.2497093677520752],[0.2487819343805313,-0.8864476084709167,-0.39028000831604004,0.56247878074646],[0.5123826265335083,0.46239933371543884,-0.7236374616622925,1.5509713888168335]],"full_resolution":[2064,2272],"relative_focal_length":[0.4356694221496582,0.4339345097541809],"screen_center":[0.6212562918663025,0.5965937376022339],"visualized_dimension":-1}]}
{"camera":{"aperture_size":0.0,"autofocus":false,"autofocus_depth":0.0,"autofocus_target":[0.5,0.5,0.5],"fov_axis":1,"matrix":[[0.8826864957809448,0.049861662089824677,0.46730974316596985,-2.2857983112335205],[0.05900026112794876,-0.9982459545135498,-0.00493150670081377,0.4444662034511566],[0.46624407172203064,0.03192437067627907,-0.8840800523757935,3.153705596923828]],"relative_focal_length":[1.429425835609436,1.4300788640975952],"scale":2.9744157791137695,"screen_center":[0.5024623870849609,0.5059808492660522],"zoom":1.0},"frame":3,"views":[{"camera0":[[0.8122060298919678,-0.03688187897205353,0.58220374584198,0.1258866786956787],[0.2481067180633545,-0.8814039826393127,-0.40195831656455994,0.4953429102897644],[0.5279815196990967,0.4709215760231018,-0.7067309617996216,1.4182624816894531]],"camera1":[[0.8122060298919678,-0.03688187897205353,0.58220374584198,0.1258866786956787],[0.2481067180633545,-0.8814039826393127,-0.40195831656455994,0.4953429102897644],[0.5279815196990967,0.4709215760231018,-0.7067309617996216,1.4182624816894531]],"full_resolution":[2064,2272],"relative_focal_length":[0.4356694221496582,0.4339345097541809],"screen_center":[0.3787437081336975,0.5965937376022339],"visualized_dimension":-1},{"camera0":[[0.8122060298919678,-0.03688187897205353,0.58220374584198,0.27357053756713867],[0.2481067180633545,-0.8814039826393127,-0.40195831656455994,0.540456235408783],[0.5279815196990967,0.4709215760231018,-0.7067309617996216,1.5142656564712524]],"camera1":[[0.8122060298919678,-0.03688187897205353,0.58220374584198,0.27357053756713867],[0.2481067180633545,-0.8814039826393127,-0.40195831656455994,0.540456235408783],[0.5279815196990967,0.4709215760231018,-0.7067309617996216,1.5142656564712524]],"full_resolution":[2064,2272],"relative_focal_length":[0.4356694221496582,0.4339345097541809],"screen_center":[0.6212562918663025,0.5965937376022339],"visualized_dimension":-1}]}
{"camera":{"aperture_size":0.0,"autofocus":false,"autofocus_depth":0.0,"autofocus_target":[0.5,0.5,0.5],"fov_axis":1,"matrix":[[0.8826864957809448,0.049861662089824677,0.46730974316596985,-2.2857983112335205],[0.05900026112794876,-0.9982459545135498,-0.00493150670081377,0.4444662034511566],[0.46624407172203064,0.03192437067627907,-0.8840800523757935,3.153705596923828]],"relative_focal_length":[1.429425835609436,1.4300788640975952],"scale":2.9744157791137695,"screen_center":[0.5024623870849609,0.5059808492660522],"zoom":1.0},"frame":3,"views":[{"camera0":[[0.7965818643569946,-0.05596499145030975,0.6019346117973328,0.1793978214263916],[0.25417572259902954,-0.8724130988121033,-0.4174811840057373,0.4553959369659424],[0.5484998226165771,0.48555508255958557,-0.6807234883308411,1.3393745422363281]],"camera1":[[0.7965818643569946,-0.05596499145030975,0.6019346117973328,0.1793978214263916],[0.25417572259902954,-0.8724130988121033,-0.4174811840057373,0.4553959369659424],[0.5484998226165771,0.48555508255958557,-0.6807234883308411,1.3393745422363281]],"full_resolution":[2064,2272],"relative_focal_length":[0.4356694221496582,0.4339345097541809],"screen_center":[0.3787437081336975,0.5965937376022339],"visualized_dimension":-1},{"camera0":[[0.7965818643569946,-0.05596499145030975,0.6019346117973328,0.32424044609069824],[0.25417572259902954,-0.8724130988121033,-0.4174811840057373,0.5016127824783325],[0.5484998226165771,0.48555508255958557,-0.6807234883308411,1.4391082525253296]],"camera1":[[0.7965818643569946,-0.05596499145030975,0.6019346117973328,0.32424044609069824],[0.25417572259902954,-0.8724130988121033,-0.4174811840057373,0.5016127824783325],[0.5484998226165771,0.48555508255958557,-0.6807234883308411,1.4391082525253296]],"full_resolution":[2064,2272],"relative_focal_length":[0.4356694221496582,0.4339345097541809],"screen_center":[0.6212562918663025,0.5965937376022339],"visualized_dimension":-1}]}
{"camera":{"aperture_size":0.0,"autofocus":false,"autofocus_depth":0.0,"autofocus_target":[0.5,0.5,0.5],"fov_axis":1,"matrix":[[0.8826864957809448,0.049861662089824677,0.46730974316596985,-2.2857983112335205],[0.05900026112794876,-0.9982459545135498,-0.00493150670081377,0.4444662034511566],[0.46624407172203064,0.03192437067627907,-0.8840800523757935,3.153705596923828]],"relative_focal_length":[1.429425835609436,1.4300788640975952],"scale":2.9744157791137695,"screen_center":[0.5024623870849609,0.5059808492660522],"zoom":1.0},"frame":4,"views":[{"camera0":[[0.7984068393707275,-0.059503719210624695,0.5991709232330322,0.19298505783081055],[0.2549613118171692,-0.8680793642997742,-0.42594990134239197,0.4443398416042328],[0.5454734563827515,0.49284666776657104,-0.6779093742370605,1.3237180709838867]],"camera1":[[0.7984068393707275,-0.059503719210624695,0.5991709232330322,0.19298505783081055],[0.2549613118171692,-0.8680793642997742,-0.42594990134239197,0.4443398416042328],[0.5454734563827515,0.49284666776657104,-0.6779093742370605,1.3237180709838867]],"full_resolution":[2064,2272],"relative_focal_length":[0.4356694221496582,0.4339345097541809],"screen_center":[0.3787437081336975,0.5965937376022339],"visualized_dimension":-1},{"camera0":[[0.7984068393707275,-0.059503719210624695,0.5991709232330322,0.33815956115722656],[0.2549613118171692,-0.8680793642997742,-0.42594990134239197,0.49069952964782715],[0.5454734563827515,0.49284666776657104,-0.6779093742370605,1.4229017496109009]],"camera1":[[0.7984068393707275,-0.059503719210624695,0.5991709232330322,0.33815956115722656],[0.2549613118171692,-0.8680793642997742,-0.42594990134239197,0.49069952964782715],[0.5454734563827515,0.49284666776657104,-0.6779093742370605,1.4229017496109009]],"full_resolution":[2064,2272],"relative_focal_length":[0.4356694221496582,0.4339345097541809],"screen_center":[0.6212562918663025,0.5965937376022339],"visualized_dimension":-1}]}
{"camera":{"aperture_size":0.0,"autofocus":false,"autofocus_depth":0.0,"autofocus_target":[0.5,0.5,0.5],"fov_axis":1,"matrix":[[0.8826864957809448,0.049861662089824677,0.46730974316596985,-2.2857983112335205],[0.05900026112794876,-0.9982459545135498,-0.00493150670081377,0.4444662034511566],[0.46624407172203064,0.03192437067627907,-0.8840800523757935,3.153705596923828]],"relative_focal_length":[1.429425835609436,1.4300788640975952],"scale":2.9744157791137695,"screen_center":[0.5024623870849609,0.5059808492660522],"zoom":1.0},"frame":5,"views":[{"camera0":[[0.804561197757721,-0.057576581835746765,0.5910720825195313,0.22219038009643555],[0.25859326124191284,-0.8620126247406006,-0.4359634816646576,0.4251517355442047],[0.534612774848938,0.5036064982414246,-0.6786529421806335,1.2861807346343994]],"camera1":[[0.804561197757721,-0.057576581835746765,0.5910720825195313,0.22219038009643555],[0.25859326124191284,-0.8620126247406006,-0.4359634816646576,0.4251517355442047],[0.534612774848938,0.5036064982414246,-0.6786529421806335,1.2861807346343994]],"full_resolution":[2064,2272],"relative_focal_length":[0.4356694221496582,0.4339345097541809],"screen_center":[0.3787437081336975,0.5965937376022339],"visualized_dimension":-1},{"camera0":[[0.804561197757721,-0.057576581835746765,0.5910720825195313,0.3684837818145752],[0.25859326124191284,-0.8620126247406006,-0.4359634816646576,0.4721718430519104],[0.534612774848938,0.5036064982414246,-0.6786529421806335,1.3833894729614258]],"camera1":[[0.804561197757721,-0.057576581835746765,0.5910720825195313,0.3684837818145752],[0.25859326124191284,-0.8620126247406006,-0.4359634816646576,0.4721718430519104],[0.534612774848938,0.5036064982414246,-0.6786529421806335,1.3833894729614258]],"full_resolution":[2064,2272],"relative_focal_length":[0.4356694221496582,0.4339345097541809],"screen_center":[0.6212562918663025,0.5965937376022339],"visualized_dimension":-1}]}
{"camera":{"aperture_size":0.0,"autofocus":false,"autofocus_depth":0.0,"autofocus_target":[0.5,0.5,0.5],"fov_axis":1,"matrix":[[0.8826864957809448,0.049861662089824677,0.46730974316596985,-2.2857983112335205],[0.05900026112794876,-0.9982459545135498,-0.00493150670081377,0.4444662034511566],[0.46624407172203064,0.03192437067627907,-0.8840800523757935,3.153705596923828]],"relative_focal_length":[1.429425835609436,1.4300788640975952],"scale":2.9744157791137695,"screen_center":[0.5024623870849609,0.5059808492660522],"zoom":1.0},"frame":6,"views":[{"camera0":[[0.8078595399856567,-0.07338960468769073,0.5847879648208618,0.25153517723083496],[0.24890193343162537,-0.8569114208221436,-0.4513879120349884,0.4043814539909363],[0.5342386364936829,0.5102128386497498,-0.6739972233772278,1.2613389492034912]],"camera1":[[0.8078595399856567,-0.07338960468769073,0.5847879648208618,0.25153517723083496],[0.24890193343162537,-0.8569114208221436,-0.4513879120349884,0.4043814539909363],[0.5342386364936829,0.5102128386497498,-0.6739972233772278,1.2613389492034912]],"full_resolution":[2064,2272],"relative_focal_length":[0.4356694221496582,0.4339345097541809],"screen_center":[0.3787437081336975,0.5965937376022339],"visualized_dimension":-1},{"camera0":[[0.8078595399856567,-0.07338960468769073,0.5847879648208618,0.39842844009399414],[0.24890193343162537,-0.8569114208221436,-0.4513879120349884,0.44963935017585754],[0.5342386364936829,0.5102128386497498,-0.6739972233772278,1.3584798574447632]],"camera1":[[0.8078595399856567,-0.07338960468769073,0.5847879648208618,0.39842844009399414],[0.24890193343162537,-0.8569114208221436,-0.4513879120349884,0.44963935017585754],[0.5342386364936829,0.5102128386497498,-0.6739972233772278,1.3584798574447632]],"full_resolution":[2064,2272],"relative_focal_length":[0.4356694221496582,0.4339345097541809],"screen_center":[0.6212562918663025,0.5965937376022339],"visualized_dimension":-1}]}
{"camera":{"aperture_size":0.0,"autofocus":false,"autofocus_depth":0.0,"autofocus_target":[0.5,0.5,0.5],"fov_axis":1,"matrix":[[0.8826864957809448,0.049861662089824677,0.46730974316596985,-2.2857983112335205],[0.05900026112794876,-0.9982459545135498,-0.00493150670081377,0.4444662034511566],[0.46624407172203064,0.03192437067627907,-0.8840800523757935,3.153705596923828]],"relative_focal_length":[1.429425835609436,1.4300788640975952],"scale":2.9744157791137695,"screen_center":[0.5024623870849609,0.5059808492660522],"zoom":1.0},"frame":7,"views":[{"camera0":[[0.8109094500541687,-0.09137147665023804,0.5779940485954285,0.2772402763366699],[0.23978514969348907,-0.8491161465644836,-0.47064337134361267,0.39428412914276123],[0.5337873697280884,0.5202435255050659,-0.6666468381881714,1.242626667022705]],"camera1":[[0.8109094500541687,-0.09137147665023804,0.5779940485954285,0.2772402763366699],[0.23978514969348907,-0.8491161465644836,-0.47064337134361267,0.39428412914276123],[0.5337873697280884,0.5202435255050659,-0.6666468381881714,1.242626667022705]],"full_resolution":[2064,2272],"relative_focal_length":[0.4356694221496582,0.4339345097541809],"screen_center":[0.3787437081336975,0.5965937376022339],"visualized_dimension":-1},{"camera0":[[0.8109094500541687,-0.09137147665023804,0.5779940485954285,0.42468810081481934],[0.23978514969348907,-0.8491161465644836,-0.47064337134361267,0.4378843307495117],[0.5337873697280884,0.5202435255050659,-0.6666468381881714,1.339685320854187]],"camera1":[[0.8109094500541687,-0.09137147665023804,0.5779940485954285,0.42468810081481934],[0.23978514969348907,-0.8491161465644836,-0.47064337134361267,0.4378843307495117],[0.5337873697280884,0.5202435255050659,-0.6666468381881714,1.339685320854187]],"full_resolution":[2064,2272],"relative_focal_length":[0.4356694221496582,0.4339345097541809],"screen_center":[0.6212562918663025,0.5965937376022339],"visualized_dimension":-1}]}
{"camera":{"aperture_size":0.0,"autofocus":false,"autofocus_depth":0.0,"autofocus_target":[0.5,0.5,0.5],"fov_axis":1,"matrix":[[0.8826864957809448,0.049861662089824677,0.46730974316596985,-2.2857983112335205],[0.05900026112794876,-0.9982459545135498,-0.00493150670081377,0.4444662034511566],[0.46624407172203064,0.03192437067627907,-0.8840800523757935,3.153705596923828]],"relative_focal_length":[1.429425835609436,1.4300788640975952],"scale":2.9744157791137695,"screen_center":[0.5024623870849609,0.5059808492660522],"zoom":1.0},"frame":8,"views":[{"camera0":[[0.8045539259910583,-0.09843051433563232,0.5856659412384033,0.30196118354797363],[0.2417881041765213,-0.8464460372924805,-0.4744132459163666,0.3926141560077667],[0.5424312949180603,0.5232980251312256,-0.6572121381759644,1.2411041259765625]],"camera1":[[0.8045539259910583,-0.09843051433563232,0.5856659412384033,0.30196118354797363],[0.2417881041765213,-0.8464460372924805,-0.4744132459163666,0.3926141560077667],[0.5424312949180603,0.5232980251312256,-0.6572121381759644,1.2411041259765625]],"full_resolution":[2064,2272],"relative_focal_length":[0.4356694221496582,0.4339345097541809],"screen_center":[0.3787437081336975,0.5965937376022339],"visualized_dimension":-1},{"camera0":[[0.8045539259910583,-0.09843051433563232,0.5856659412384033,0.4482533931732178],[0.2417881041765213,-0.8464460372924805,-0.4744132459163666,0.43657854199409485],[0.5424312949180603,0.5232980251312256,-0.6572121381759644,1.3397341966629028]],"camera1":[[0.8045539259910583,-0.09843051433563232,0.5856659412384033,0.4482533931732178],[0.2417881041765213,-0.8464460372924805,-0.4744132459163666,0.43657854199409485],[0.5424312949180603,0.5232980251312256,-0.6572121381759644,1.3397341966629028]],"full_resolution":[2064,2272],"relative_focal_length":[0.4356694221496582,0.4339345097541809],"screen_center":[0.6212562918663025,0.5965937376022339],"visualized_dimension":-1}]}
{"camera":{"aperture_size":0.0,"autofocus":false,"autofocus_depth":0.0,"autofocus_target":[0.5,0.5,0.5],"fov_axis":1,"matrix":[[0.8826864957809448,0.049861662089824677,0.46730974316596985,-2.2857983112335205],[0.05900026112794876,-0.9982459545135498,-0.00493150670081377,0.4444662034511566],[0.46624407172203064,0.03192437067627907,-0.8840800523757935,3.153705596923828]],"relative_focal_length":[1.429425835609436,1.4300788640975952],"scale":2.9744157791137695,"screen_center":[0.5024623870849609,0.5059808492660522],"zoom":1.0},"frame":9,"views":[{"camera0":[[0.7941739559173584,-0.10473118722438812,0.5985977053642273,0.324970006942749],[0.23938892781734467,-0.8514689803123474,-0.46657684445381165,0.3956758379936218],[0.5585523843765259,0.5138407945632935,-0.6511428952217102,1.2421023845672607]],"camera1":[[0.7941739559173584,-0.10473118722438812,0.5985977053642273,0.324970006942749],[0.23938892781734467,-0.8514689803123474,-0.46657684445381165,0.3956758379936218],[0.5585523843765259,0.5138407945632935,-0.6511428952217102,1.2421023845672607]],"full_resolution":[2064,2272],"relative_focal_length":[0.4356694221496582,0.4339345097541809],"screen_center":[0.3787437081336975,0.5965937376022339],"visualized_dimension":-1},{"camera0":[[0.7941739559173584,-0.10473118722438812,0.5985977053642273,0.4693751335144043],[0.23938892781734467,-0.8514689803123474,-0.46657684445381165,0.43920400738716125],[0.5585523843765259,0.5138407945632935,-0.6511428952217102,1.3436640501022339]],"camera1":[[0.7941739559173584,-0.10473118722438812,0.5985977053642273,0.4693751335144043],[0.23938892781734467,-0.8514689803123474,-0.46657684445381165,0.43920400738716125],[0.5585523843765259,0.5138407945632935,-0.6511428952217102,1.3436640501022339]],"full_resolution":[2064,2272],"relative_focal_length":[0.4356694221496582,0.4339345097541809],"screen_center":[0.6212562918663025,0.5965937376022339],"visualized_dimension":-1}]}
{"camera":{"aperture_size":0.0,"autofocus":false,"autofocus_depth":0.0,"autofocus_target":[0.5,0.5,0.5],"fov_axis":1,"matrix":[[0.8826864957809448,0.049861662089824677,0.46730974316596985,-2.2857983112335205],[0.05900026112794876,-0.9982459545135498,-0.00493150670081377,0.4444662034511566],[0.46624407172203064,0.03192437067627907,-0.8840800523757935,3.153705596923828]],"relative_focal_length":[1.429425835609436,1.4300788640975952],"scale":2.9744157791137695,"screen_center":[0.5024623870849609,0.5059808492660522],"zoom":1.0},"frame":10,"views":[{"camera0":[[0.7879319787025452,-0.11143684387207031,0.6055948734283447,0.3426961898803711],[0.2368975132703781,-0.8529319167137146,-0.4651743769645691,0.4001529812812805],[0.5683686137199402,0.5099896192550659,-0.6456531882286072,1.2504676580429077]],"camera1":[[0.7879319787025452,-0.11143684387207031,0.6055948734283447,0.3426961898803711],[0.2368975132703781,-0.8529319167137146,-0.4651743769645691,0.4001529812812805],[0.5683686137199402,0.5099896192550659,-0.6456531882286072,1.2504676580429077]],"full_resolution":[2064,2272],"relative_focal_length":[0.4356694221496582,0.4339345097541809],"screen_center":[0.3787437081336975,0.5965937376022339],"visualized_dimension":-1},{"camera0":[[0.7879319787025452,-0.11143684387207031,0.6055948734283447,0.48596620559692383],[0.2368975132703781,-0.8529319167137146,-0.4651743769645691,0.4432281255722046],[0.5683686137199402,0.5099896192550659,-0.6456531882286072,1.3538141250610352]],"camera1":[[0.7879319787025452,-0.11143684387207031,0.6055948734283447,0.48596620559692383],[0.2368975132703781,-0.8529319167137146,-0.4651743769645691,0.4432281255722046],[0.5683686137199402,0.5099896192550659,-0.6456531882286072,1.3538141250610352]],"full_resolution":[2064,2272],"relative_focal_length":[0.4356694221496582,0.4339345097541809],"screen_center":[0.6212562918663025,0.5965937376022339],"visualized_dimension":-1}]}
{"camera":{"aperture_size":0.0,"autofocus":false,"autofocus_depth":0.0,"autofocus_target":[0.5,0.5,0.5],"fov_axis":1,"matrix":[[0.8826864957809448,0.049861662089824677,0.46730974316596985,-2.2857983112335205],[0.05900026112794876,-0.9982459545135498,-0.00493150670081377,0.4444662034511566],[0.46624407172203064,0.03192437067627907,-0.8840800523757935,3.153705596923828]],"relative_focal_length":[1.429425835609436,1.4300788640975952],"scale":2.9744157791137695,"screen_center":[0.5024623870849609,0.5059808492660522],"zoom":1.0},"frame":11,"views":[{"camera0":[[0.7843555808067322,-0.11217018961906433,0.6100853085517883,0.34339141845703125],[0.2357814460992813,-0.8557853698730469,-0.46047675609588623,0.4041207432746887],[0.5737537741661072,0.5050243139266968,-0.6447923183441162,1.2559587955474854]],"camera1":[[0.7843555808067322,-0.11217018961906433,0.6100853085517883,0.34339141845703125],[0.2357814460992813,-0.8557853698730469,-0.46047675609588623,0.4041207432746887],[0.5737537741661072,0.5050243139266968,-0.6447923183441162,1.2559587955474854]],"full_resolution":[2064,2272],"relative_focal_length":[0.4356694221496582,0.4339345097541809],"screen_center":[0.3787437081336975,0.5965937376022339],"visualized_dimension":-1},{"camera0":[[0.7843555808067322,-0.11217018961906433,0.6100853085517883,0.486011266708374],[0.2357814460992813,-0.8557853698730469,-0.46047675609588623,0.4469929337501526],[0.5737537741661072,0.5050243139266968,-0.6447923183441162,1.3602845668792725]],"camera1":[[0.7843555808067322,-0.11217018961906433,0.6100853085517883,0.486011266708374],[0.2357814460992813,-0.8557853698730469,-0.46047675609588623,0.4469929337501526],[0.5737537741661072,0.5050243139266968,-0.6447923183441162,1.3602845668792725]],"full_resolution":[2064,2272],"relative_focal_length":[0.4356694221496582,0.4339345097541809],"screen_center":[0.6212562918663025,0.5965937376022339],"visualized_dimension":-1}]}
{"camera":{"aperture_size":0.0,"autofocus":false,"autofocus_depth":0.0,"autofocus_target":[0.5,0.5,0.5],"fov_axis":1,"matrix":[[0.8826864957809448,0.049861662089824677,0.46730974316596985,-2.2857983112335205],[0.05900026112794876,-0.9982459545135498,-0.00493150670081377,0.4444662034511566],[0.46624407172203064,0.03192437067627907,-0.8840800523757935,3.153705596923828]],"relative_focal_length":[1.429425835609436,1.4300788640975952],"scale":2.9744157791137695,"screen_center":[0.5024623870849609,0.5059808492660522],"zoom":1.0},"frame":11,"views":[{"camera0":[[0.7885408997535706,-0.11327685415744781,0.6044598817825317,0.3491373062133789],[0.23251168429851532,-0.8550190925598145,-0.46355241537094116,0.4103810489177704],[0.5693343877792358,0.5060740113258362,-0.6478793621063232,1.2639963626861572]],"camera1":[[0.7885408997535706,-0.11327685415744781,0.6044598817825317,0.3491373062133789],[0.23251168429851532,-0.8550190925598145,-0.46355241537094116,0.4103810489177704],[0.5693343877792358,0.5060740113258362,-0.6478793621063232,1.2639963626861572]],"full_resolution":[2064,2272],"relative_focal_length":[0.4356694221496582,0.4339345097541809],"screen_center":[0.3787437081336975,0.5965937376022339],"visualized_dimension":-1},{"camera0":[[0.7885408997535706,-0.11327685415744781,0.6044598817825317,0.49251818656921387],[0.23251168429851532,-0.8550190925598145,-0.46355241537094116,0.4526587426662445],[0.5693343877792358,0.5060740113258362,-0.6478793621063232,1.367518663406372]],"camera1":[[0.7885408997535706,-0.11327685415744781,0.6044598817825317,0.49251818656921387],[0.23251168429851532,-0.8550190925598145,-0.46355241537094116,0.4526587426662445],[0.5693343877792358,0.5060740113258362,-0.6478793621063232,1.367518663406372]],"full_resolution":[2064,2272],"relative_focal_length":[0.4356694221496582,0.4339345097541809],"screen_center":[0.6212562918663025,0.5965937376022339],"visualized_dimension":-1}]}
{"camera":{"aperture_size":0.0,"autofocus":false,"autofocus_depth":0.0,"autofocus_target":[0.5,0.5,0.5],"fov_axis":1,"matrix":[[0.8826864957809448,0.049861662089824677,0.46730974316596985,-2.2857983112335205],[0.05900026112794876,-0.9982459545135498,-0.00493150670081377,0.4444662034511566],[0.46624407172203064,0.03192437067627907,-0.8840800523757935,3.153705596923828]],"relative_focal_length":[1.429425835609436,1.4300788640975952],"scale":2.9744157791137695,"screen_center":[0.5024623870849609,0.5059808492660522],"zoom":1.0},"frame":12,"views":[{"camera0":[[0.8008466958999634,-0.11015532910823822,0.5886514186859131,0.343428373336792],[0.2275429368019104,-0.8532529473304749,-0.4692375957965851,0.4154854714870453],[0.553957462310791,0.5097308158874512,-0.6582597494125366,1.2662885189056396]],"camera1":[[0.8008466958999634,-0.11015532910823822,0.5886514186859131,0.343428373336792],[0.2275429368019104,-0.8532529473304749,-0.4692375957965851,0.4154854714870453],[0.553957462310791,0.5097308158874512,-0.6582597494125366,1.2662885189056396]],"full_resolution":[2064,2272],"relative_focal_length":[0.4356694221496582,0.4339345097541809],"screen_center":[0.3787437081336975,0.5965937376022339],"visualized_dimension":-1},{"camera0":[[0.8008466958999634,-0.11015532910823822,0.5886514186859131,0.4890463352203369],[0.2275429368019104,-0.8532529473304749,-0.4692375957965851,0.45685964822769165],[0.553957462310791,0.5097308158874512,-0.6582597494125366,1.367014765739441]],"camera1":[[0.8008466958999634,-0.11015532910823822,0.5886514186859131,0.4890463352203369],[0.2275429368019104,-0.8532529473304749,-0.4692375957965851,0.45685964822769165],[0.553957462310791,0.5097308158874512,-0.6582597494125366,1.367014765739441]],"full_resolution":[2064,2272],"relative_focal_length":[0.4356694221496582,0.4339345097541809],"screen_center":[0.6212562918663025,0.5965937376022339],"visualized_dimension":-1}]}
{"camera":{"aperture_size":0.0,"autofocus":false,"autofocus_depth":0.0,"autofocus_target":[0.5,0.5,0.5],"fov_axis":1,"matrix":[[0.8826864957809448,0.049861662089824677,0.46730974316596985,-2.2857983112335205],[0.05900026112794876,-0.9982459545135498,-0.00493150670081377,0.4444662034511566],[0.46624407172203064,0.03192437067627907,-0.8840800523757935,3.153705596923828]],"relative_focal_length":[1.429425835609436,1.4300788640975952],"scale":2.9744157791137695,"screen_center":[0.5024623870849609,0.5059808492660522],"zoom":1.0},"frame":12,"views":[{"camera0":[[0.8133459687232971,-0.10584409534931183,0.5720711350440979,0.33849477767944336],[0.21570241451263428,-0.8583655953407288,-0.4654904305934906,0.42693260312080383],[0.5403155088424683,0.5020018815994263,-0.6753174066543579,1.2737815380096436]],"camera1":[[0.8133459687232971,-0.10584409534931183,0.5720711350440979,0.33849477767944336],[0.21570241451263428,-0.8583655953407288,-0.4654904305934906,0.42693260312080383],[0.5403155088424683,0.5020018815994263,-0.6753174066543579,1.2737815380096436]],"full_resolution":[2064,2272],"relative_focal_length":[0.4356694221496582,0.4339345097541809],"screen_center":[0.3787437081336975,0.5965937376022339],"visualized_dimension":-1},{"camera0":[[0.8133459687232971,-0.10584409534931183,0.5720711350440979,0.4863855838775635],[0.21570241451263428,-0.8583655953407288,-0.4654904305934906,0.4661538302898407],[0.5403155088424683,0.5020018815994263,-0.6753174066543579,1.3720272779464722]],"camera1":[[0.8133459687232971,-0.10584409534931183,0.5720711350440979,0.4863855838775635],[0.21570241451263428,-0.8583655953407288,-0.4654904305934906,0.4661538302898407],[0.5403155088424683,0.5020018815994263,-0.6753174066543579,1.3720272779464722]],"full_resolution":[2064,2272],"relative_focal_length":[0.4356694221496582,0.4339345097541809],"screen_center":[0.6212562918663025,0.5965937376022339],"visualized_dimension":-1}]}
{"camera":{"aperture_size":0.0,"autofocus":false,"autofocus_depth":0.0,"autofocus_target":[0.5,0.5,0.5],"fov_axis":1,"matrix":[[0.8826864957809448,0.049861662089824677,0.46730974316596985,-2.2857983112335205],[0.05900026112794876,-0.9982459545135498,-0.00493150670081377,0.4444662034511566],[0.46624407172203064,0.03192437067627907,-0.8840800523757935,3.153705596923828]],"relative_focal_length":[1.429425835609436,1.4300788640975952],"scale":2.9744157791137695,"screen_center":[0.5024623870849609,0.5059808492660522],"zoom":1.0},"frame":12,"views":[{"camera0":[[0.8185335397720337,-0.09835383296012878,0.5659764409065247,0.33386778831481934],[0.2101033478975296,-0.8657182455062866,-0.45430049300193787,0.4341343939304352],[0.5346581935882568,0.4907737374305725,-0.6879549622535706,1.2789411544799805]],"camera1":[[0.8185335397720337,-0.09835383296012878,0.5659764409065247,0.33386778831481934],[0.2101033478975296,-0.8657182455062866,-0.45430049300193787,0.4341343939304352],[0.5346581935882568,0.4907737374305725,-0.6879549622535706,1.2789411544799805]],"full_resolution":[2064,2272],"relative_focal_length":[0.4356694221496582,0.4339345097541809],"screen_center":[0.3787437081336975,0.5965937376022339],"visualized_dimension":-1},{"camera0":[[0.8185335397720337,-0.09835383296012878,0.5659764409065247,0.48270225524902344],[0.2101033478975296,-0.8657182455062866,-0.45430049300193787,0.472337543964386],[0.5346581935882568,0.4907737374305725,-0.6879549622535706,1.3761578798294067]],"camera1":[[0.8185335397720337,-0.09835383296012878,0.5659764409065247,0.48270225524902344],[0.2101033478975296,-0.8657182455062866,-0.45430049300193787,0.472337543964386],[0.5346581935882568,0.4907737374305725,-0.6879549622535706,1.3761578798294067]],"full_resolution":[2064,2272],"relative_focal_length":[0.4356694221496582,0.4339345097541809],"screen_center":[0.6212562918663025,0.5965937376022339],"visualized_dimension":-1}]}
{"camera":{"aperture_size":0.0,"autofocus":false,"autofocus_depth":0.0,"autofocus_target":[0.5,0.5,0.5],"fov_axis":1,"matrix":[[0.8826864957809448,0.049861662089824677,0.46730974316596985,-2.2857983112335205],[0.05900026112794876,-0.9982459545135498,-0.00493150670081377,0.4444662034511566],[0.46624407172203064,0.03192437067627907,-0.8840800523757935,3.153705596923828]],"relative_focal_length":[1.429425835609436,1.4300788640975952],"scale":2.9744157791137695,"screen_center":[0.5024623870849609,0.5059808492660522],"zoom":1.0},"frame":13,"views":[{"camera0":[[0.8291541934013367,-0.09346431493759155,0.5511512756347656,0.32683491706848145],[0.2011074423789978,-0.8700436949729919,-0.45008906722068787,0.44409874081611633],[0.5215928554534912,0.48403382301330566,-0.7026039958000183,1.2884092330932617]],"camera1":[[0.8291541934013367,-0.09346431493759155,0.5511512756347656,0.32683491706848145],[0.2011074423789978,-0.8700436949729919,-0.45008906722068787,0.44409874081611633],[0.5215928554534912,0.48403382301330566,-0.7026039958000183,1.2884092330932617]],"full_resolution":[2064,2272],"relative_focal_length":[0.4356694221496582,0.4339345097541809],"screen_center":[0.3787437081336975,0.5965937376022339],"visualized_dimension":-1},{"camera0":[[0.8291541934013367,-0.09346431493759155,0.5511512756347656,0.4775998592376709],[0.2011074423789978,-0.8700436949729919,-0.45008906722068787,0.4806661903858185],[0.5215928554534912,0.48403382301330566,-0.7026039958000183,1.3832504749298096]],"camera1":[[0.8291541934013367,-0.09346431493759155,0.5511512756347656,0.4775998592376709],[0.2011074423789978,-0.8700436949729919,-0.45008906722068787,0.4806661903858185],[0.5215928554534912,0.48403382301330566,-0.7026039958000183,1.3832504749298096]],"full_resolution":[2064,2272],"relative_focal_length":[0.4356694221496582,0.4339345097541809],"screen_center":[0.6212562918663025,0.5965937376022339],"visualized_dimension":-1}]}
{"camera":{"aperture_size":0.0,"autofocus":false,"autofocus_depth":0.0,"autofocus_target":[0.5,0.5,0.5],"fov_axis":1,"matrix":[[0.8826864957809448,0.049861662089824677,0.46730974316596985,-2.2857983112335205],[0.05900026112794876,-0.9982459545135498,-0.00493150670081377,0.4444662034511566],[0.46624407172203064,0.03192437067627907,-0.8840800523757935,3.153705596923828]],"relative_focal_length":[1.429425835609436,1.4300788640975952],"scale":2.9744157791137695,"screen_center":[0.5024623870849609,0.5059808492660522],"zoom":1.0},"frame":14,"views":[{"camera0":[[0.8339953422546387,-0.08803218603134155,0.5447037816047668,0.32505083084106445],[0.19585783779621124,-0.8756747841835022,-0.4413997530937195,0.449239581823349],[0.5158406496047974,0.47480976581573486,-0.7130668759346008,1.296750545501709]],"camera1":[[0.8339953422546387,-0.08803218603134155,0.5447037816047668,0.32505083084106445],[0.19585783779621124,-0.8756747841835022,-0.4413997530937195,0.449239581823349],[0.5158406496047974,0.47480976581573486,-0.7130668759346008,1.296750545501709]],"full_resolution":[2064,2272],"relative_focal_length":[0.4356694221496582,0.4339345097541809],"screen_center":[0.3787437081336975,0.5965937376022339],"visualized_dimension":-1},{"camera0":[[0.8339953422546387,-0.08803218603134155,0.5447037816047668,0.4766967296600342],[0.19585783779621124,-0.8756747841835022,-0.4413997530937195,0.48485246300697327],[0.5158406496047974,0.47480976581573486,-0.7130668759346008,1.3905459642410278]],"camera1":[[0.8339953422546387,-0.08803218603134155,0.5447037816047668,0.4766967296600342],[0.19585783779621124,-0.8756747841835022,-0.4413997530937195,0.48485246300697327],[0.5158406496047974,0.47480976581573486,-0.7130668759346008,1.3905459642410278]],"full_resolution":[2064,2272],"relative_focal_length":[0.4356694221496582,0.4339345097541809],"screen_center":[0.6212562918663025,0.5965937376022339],"visualized_dimension":-1}]}
{"camera":{"aperture_size":0.0,"autofocus":false,"autofocus_depth":0.0,"autofocus_target":[0.5,0.5,0.5],"fov_axis":1,"matrix":[[0.8826864957809448,0.049861662089824677,0.46730974316596985,-2.2857983112335205],[0.05900026112794876,-0.9982459545135498,-0.00493150670081377,0.4444662034511566],[0.46624407172203064,0.03192437067627907,-0.8840800523757935,3.153705596923828]],"relative_focal_length":[1.429425835609436,1.4300788640975952],"scale":2.9744157791137695,"screen_center":[0.5024623870849609,0.5059808492660522],"zoom":1.0},"frame":15,"views":[{"camera0":[[0.8439217209815979,-0.08977718651294708,0.5289009213447571,0.3184528350830078],[0.18381665647029877,-0.8778256177902222,-0.44230517745018005,0.4594639837741852],[0.5039916038513184,0.4704917073249817,-0.7243136167526245,1.311073660850525]],"camera1":[[0.8439217209815979,-0.08977718651294708,0.5289009213447571,0.3184528350830078],[0.18381665647029877,-0.8778256177902222,-0.44230517745018005,0.4594639837741852],[0.5039916038513184,0.4704917073249817,-0.7243136167526245,1.311073660850525]],"full_resolution":[2064,2272],"relative_focal_length":[0.4356694221496582,0.4339345097541809],"screen_center":[0.3787437081336975,0.5965937376022339],"visualized_dimension":-1},{"camera0":[[0.8439217209815979,-0.08977718651294708,0.5289009213447571,0.47190332412719727],[0.18381665647029877,-0.8778256177902222,-0.44230517745018005,0.4928874373435974],[0.5039916038513184,0.4704917073249817,-0.7243136167526245,1.4027146100997925]],"camera1":[[0.8439217209815979,-0.08977718651294708,0.5289009213447571,0.47190332412719727],[0.18381665647029877,-0.8778256177902222,-0.44230517745018005,0.4928874373435974],[0.5039916038513184,0.4704917073249817,-0.7243136167526245,1.4027146100997925]],"full_resolution":[2064,2272],"relative_focal_length":[0.4356694221496582,0.4339345097541809],"screen_center":[0.6212562918663025,0.5965937376022339],"visualized_dimension":-1}]}
{"camera":{"aperture_size":0.0,"autofocus":false,"autofocus_depth":0.0,"autofocus_target":[0.5,0.5,0.5],"fov_axis":1,"matrix":[[0.8826864957809448,0.049861662089824677,0.46730974316596985,-2.2857983112335205],[0.05900026112794876,-0.9982459545135498,-0.00493150670081377,0.4444662034511566],[0.46624407172203064,0.03192437067627907,-0.8840800523757935,3.153705596923828]],"relative_focal_length":[1.429425835609436,1.4300788640975952],"scale":2.9744157791137695,"screen_center":[0.5024623870849609,0.5059808492660522],"zoom":1.0},"frame":16,"views":[{"camera0":[[0.8465955853462219,-0.0882057249546051,0.5248768925666809,0.31096768379211426],[0.18532723188400269,-0.8756017088890076,-0.44606712460517883,0.4647010862827301],[0.49892866611480713,0.4749123752117157,-0.7249335646629333,1.3178223371505737]],"camera1":[[0.8465955853462219,-0.0882057249546051,0.5248768925666809,0.31096768379211426],[0.18532723188400269,-0.8756017088890076,-0.44606712460517883,0.4647010862827301],[0.49892866611480713,0.4749123752117157,-0.7249335646629333,1.3178223371505737]],"full_resolution":[2064,2272],"relative_focal_length":[0.4356694221496582,0.4339345097541809],"screen_center":[0.3787437081336975,0.5965937376022339],"visualized_dimension":-1},{"camera0":[[0.8465955853462219,-0.0882057249546051,0.5248768925666809,0.4649045467376709],[0.18532723188400269,-0.8756017088890076,-0.44606712460517883,0.49839919805526733],[0.49892866611480713,0.4749123752117157,-0.7249335646629333,1.408542513847351]],"camera1":[[0.8465955853462219,-0.0882057249546051,0.5248768925666809,0.4649045467376709],[0.18532723188400269,-0.8756017088890076,-0.44606712460517883,0.49839919805526733],[0.49892866611480713,0.4749123752117157,-0.7249335646629333,1.408542513847351]],"full_resolution":[2064,2272],"relative_focal_length":[0.4356694221496582,0.4339345097541809],"screen_center":[0.6212562918663025,0.5965937376022339],"visualized_dimension":-1}]}
