{"camera":{"aperture_size":0.0,"autofocus":false,"autofocus_depth":0.0,"autofocus_target":[0.5,0.5,0.5],"fov_axis":1,"matrix":[[0.09874086081981659,-0.9948440194129944,0.023155394941568375,-0.9635370969772339],[3.259629011154175e-09,0.023268690332770348,0.9997292160987854,-0.07303846627473831],[-0.9951127171516418,-0.09871428459882736,0.0022974065504968166,1.2219332456588745]],"relative_focal_length":[1.0,1.0],"scale":0.06303935497999191,"screen_center":[0.4165223240852356,0.30558639764785767],"zoom":1.0},"frame":1,"views":[{"camera0":[[0.16145607829093933,-0.951723575592041,0.2610645294189453,-0.9660845994949341],[0.1921880543231964,0.28979241847991943,0.9375948309898376,-0.242571622133255],[-0.9679849743843079,-0.10120711475610733,0.22969837486743927,1.2468198537826538]],"camera1":[[0.16145607829093933,-0.951723575592041,0.2610645294189453,-0.9660845994949341],[0.1921880543231964,0.28979241847991943,0.9375948309898376,-0.242571622133255],[-0.9679849743843079,-0.10120711475610733,0.22969837486743927,1.2468198537826538]],"full_resolution":[2064,2272],"relative_focal_length":[0.4356694221496582,0.4339345097541809],"screen_center":[0.3787437081336975,0.5965937376022339],"visualized_dimension":-1},{"camera0":[[0.16145607829093933,-0.951723575592041,0.2610645294189453,-0.9654651880264282],[0.1921880543231964,0.28979241847991943,0.9375948309898376,-0.2418343424797058],[-0.9679849743843079,-0.10120711475610733,0.22969837486743927,1.2431061267852783]],"camera1":[[0.16145607829093933,-0.951723575592041,0.2610645294189453,-0.9654651880264282],[0.1921880543231964,0.28979241847991943,0.9375948309898376,-0.2418343424797058],[-0.9679849743843079,-0.10120711475610733,0.22969837486743927,1.2431061267852783]],"full_resolution":[2064,2272],"relative_focal_length":[0.4356694221496582,0.4339345097541809],"screen_center":[0.6212562918663025,0.5965937376022339],"visualized_dimension":-1}]}
{"camera":{"aperture_size":0.0,"autofocus":false,"autofocus_depth":0.0,"autofocus_target":[0.5,0.5,0.5],"fov_axis":1,"matrix":[[0.09874086081981659,-0.9948440194129944,0.023155394941568375,-0.9635370969772339],[3.259629011154175e-09,0.023268690332770348,0.9997292160987854,-0.07303846627473831],[-0.9951127171516418,-0.09871428459882736,0.0022974065504968166,1.2219332456588745]],"relative_focal_length":[1.0,1.0],"scale":0.06303935497999191,"screen_center":[0.4165223240852356,0.30558639764785767],"zoom":1.0},"frame":2,"views":[{"camera0":[[0.1867608278989792,-0.950870931148529,0.24691179394721985,-0.9665824770927429],[0.18412086367607117,0.28075867891311646,0.9419522881507874,-0.24267548322677612],[-0.9649969935417175,-0.13045835494995117,0.22750963270664215,1.2501901388168335]],"camera1":[[0.1867608278989792,-0.950870931148529,0.24691179394721985,-0.9665824770927429],[0.18412086367607117,0.28075867891311646,0.9419522881507874,-0.24267548322677612],[-0.9649969935417175,-0.13045835494995117,0.22750963270664215,1.2501901388168335]],"full_resolution":[2064,2272],"relative_focal_length":[0.4356694221496582,0.4339345097541809],"screen_center":[0.3787437081336975,0.5965937376022339],"visualized_dimension":-1},{"camera0":[[0.1867608278989792,-0.950870931148529,0.24691179394721985,-0.965865969657898],[0.18412086367607117,0.28075867891311646,0.9419522881507874,-0.24196910858154297],[-0.9649969935417175,-0.13045835494995117,0.22750963270664215,1.2464879751205444]],"camera1":[[0.1867608278989792,-0.950870931148529,0.24691179394721985,-0.965865969657898],[0.18412086367607117,0.28075867891311646,0.9419522881507874,-0.24196910858154297],[-0.9649969935417175,-0.13045835494995117,0.22750963270664215,1.2464879751205444]],"full_resolution":[2064,2272],"relative_focal_length":[0.4356694221496582,0.4339345097541809],"screen_center":[0.6212562918663025,0.5965937376022339],"visualized_dimension":-1}]}
{"camera":{"aperture_size":0.0,"autofocus":false,"autofocus_depth":0.0,"autofocus_target":[0.5,0.5,0.5],"fov_axis":1,"matrix":[[0.09874086081981659,-0.9948440194129944,0.023155394941568375,-0.9523324966430664],[3.259629011154175e-09,0.023268690332770348,0.9997292160987854,-0.06942851841449738],[-0.9951127171516418,-0.09871428459882736,0.0022974065504968166,1.2225826978683472]],"relative_focal_length":[1.0,1.0],"scale":0.06303935497999191,"screen_center":[0.4165223240852356,0.30558639764785767],"zoom":1.0},"frame":3,"views":[{"camera0":[[0.17002801597118378,-0.9675326943397522,0.1870068907737732,-0.9668094515800476],[0.2103888988494873,0.22103512287139893,0.9523024559020996,-0.24484601616859436],[-0.9627180695533752,-0.1225740984082222,0.24114003777503967,1.2515909671783447]],"camera1":[[0.17002801597118378,-0.9675326943397522,0.1870068907737732,-0.9668094515800476],[0.2103888988494873,0.22103512287139893,0.9523024559020996,-0.24484601616859436],[-0.9627180695533752,-0.1225740984082222,0.24114003777503967,1.2515909671783447]],"full_resolution":[2064,2272],"relative_focal_length":[0.4356694221496582,0.4339345097541809],"screen_center":[0.3787437081336975,0.5965937376022339],"visualized_dimension":-1},{"camera0":[[0.17002801597118378,-0.9675326943397522,0.1870068907737732,-0.9661571979522705],[0.2103888988494873,0.22103512287139893,0.9523024559020996,-0.24403885006904602],[-0.9627180695533752,-0.1225740984082222,0.24114003777503967,1.2478975057601929]],"camera1":[[0.17002801597118378,-0.9675326943397522,0.1870068907737732,-0.9661571979522705],[0.2103888988494873,0.22103512287139893,0.9523024559020996,-0.24403885006904602],[-0.9627180695533752,-0.1225740984082222,0.24114003777503967,1.2478975057601929]],"full_resolution":[2064,2272],"relative_focal_length":[0.4356694221496582,0.4339345097541809],"screen_center":[0.6212562918663025,0.5965937376022339],"visualized_dimension":-1}]}
{"camera":{"aperture_size":0.0,"autofocus":false,"autofocus_depth":0.0,"autofocus_target":[0.5,0.5,0.5],"fov_axis":1,"matrix":[[0.09874086081981659,-0.9948440194129944,0.023155394941568375,-0.9507660865783691],[3.259629011154175e-09,0.023268690332770348,0.9997292160987854,-0.0681537315249443],[-0.9951127171516418,-0.09871428459882736,0.0022974065504968166,1.2229688167572021]],"relative_focal_length":[1.0,1.0],"scale":0.06303935497999191,"screen_center":[0.4165223240852356,0.30558639764785767],"zoom":1.0},"frame":4,"views":[{"camera0":[[0.1623031049966812,-0.9609442949295044,0.2241525650024414,-0.9553588032722473],[0.21261896193027496,0.25588589906692505,0.9430352449417114,-0.2422408163547516],[-0.9635611772537231,-0.10539864748716354,0.24584579467773438,1.2518203258514404]],"camera1":[[0.1623031049966812,-0.9609442949295044,0.2241525650024414,-0.9553588032722473],[0.21261896193027496,0.25588589906692505,0.9430352449417114,-0.2422408163547516],[-0.9635611772537231,-0.10539864748716354,0.24584579467773438,1.2518203258514404]],"full_resolution":[2064,2272],"relative_focal_length":[0.4356694221496582,0.4339345097541809],"screen_center":[0.3787437081336975,0.5965937376022339],"visualized_dimension":-1},{"camera0":[[0.1623031049966812,-0.9609442949295044,0.2241525650024414,-0.9547361135482788],[0.21261896193027496,0.25588589906692505,0.9430352449417114,-0.24142511188983917],[-0.9635611772537231,-0.10539864748716354,0.24584579467773438,1.2481236457824707]],"camera1":[[0.1623031049966812,-0.9609442949295044,0.2241525650024414,-0.9547361135482788],[0.21261896193027496,0.25588589906692505,0.9430352449417114,-0.24142511188983917],[-0.9635611772537231,-0.10539864748716354,0.24584579467773438,1.2481236457824707]],"full_resolution":[2064,2272],"relative_focal_length":[0.4356694221496582,0.4339345097541809],"screen_center":[0.6212562918663025,0.5965937376022339],"visualized_dimension":-1}]}
{"camera":{"aperture_size":0.0,"autofocus":false,"autofocus_depth":0.0,"autofocus_target":[0.5,0.5,0.5],"fov_axis":1,"matrix":[[0.09874086081981659,-0.9948440194129944,0.023155394941568375,-0.9517048001289368],[3.259629011154175e-09,0.023268690332770348,0.9997292160987854,-0.06778815388679504],[-0.9951127171516418,-0.09871428459882736,0.0022974065504968166,1.222839593887329]],"relative_focal_length":[1.0,1.0],"scale":0.06303935497999191,"screen_center":[0.4165223240852356,0.30558639764785767],"zoom":1.0},"frame":5,"views":[{"camera0":[[0.15211085975170135,-0.9633225202560425,0.2210715264081955,-0.9538379907608032],[0.2232179492712021,0.25137802958488464,0.9417976140975952,-0.24150431156158447],[-0.962826669216156,-0.09391072392463684,0.25326788425445557,1.2517584562301636]],"camera1":[[0.15211085975170135,-0.9633225202560425,0.2210715264081955,-0.9538379907608032],[0.2232179492712021,0.25137802958488464,0.9417976140975952,-0.24150431156158447],[-0.962826669216156,-0.09391072392463684,0.25326788425445557,1.2517584562301636]],"full_resolution":[2064,2272],"relative_focal_length":[0.4356694221496582,0.4339345097541809],"screen_center":[0.3787437081336975,0.5965937376022339],"visualized_dimension":-1},{"camera0":[[0.15211085975170135,-0.9633225202560425,0.2210715264081955,-0.9532544612884521],[0.2232179492712021,0.25137802958488464,0.9417976140975952,-0.24064797163009644],[-0.962826669216156,-0.09391072392463684,0.25326788425445557,1.248064637184143]],"camera1":[[0.15211085975170135,-0.9633225202560425,0.2210715264081955,-0.9532544612884521],[0.2232179492712021,0.25137802958488464,0.9417976140975952,-0.24064797163009644],[-0.962826669216156,-0.09391072392463684,0.25326788425445557,1.248064637184143]],"full_resolution":[2064,2272],"relative_focal_length":[0.4356694221496582,0.4339345097541809],"screen_center":[0.6212562918663025,0.5965937376022339],"visualized_dimension":-1}]}
{"camera":{"aperture_size":0.0,"autofocus":false,"autofocus_depth":0.0,"autofocus_target":[0.5,0.5,0.5],"fov_axis":1,"matrix":[[0.09874086081981659,-0.9948440194129944,0.023155394941568375,-0.9529334306716919],[3.259629011154175e-09,0.023268690332770348,0.9997292160987854,-0.0677906796336174],[-0.9951127171516418,-0.09871428459882736,0.0022974065504968166,1.222688913345337]],"relative_focal_length":[1.0,1.0],"scale":0.06303935497999191,"screen_center":[0.4165223240852356,0.30558639764785767],"zoom":1.0},"frame":6,"views":[{"camera0":[[0.15720272064208984,-0.9644148945808411,0.21258361637592316,-0.9548606276512146],[0.23878028988838196,0.24599117040634155,0.9393999576568604,-0.24166741967201233],[-0.9582642316818237,-0.09691564738750458,0.26895344257354736,1.251153588294983]],"camera1":[[0.15720272064208984,-0.9644148945808411,0.21258361637592316,-0.9548606276512146],[0.23878028988838196,0.24599117040634155,0.9393999576568604,-0.24166741967201233],[-0.9582642316818237,-0.09691564738750458,0.26895344257354736,1.251153588294983]],"full_resolution":[2064,2272],"relative_focal_length":[0.4356694221496582,0.4339345097541809],"screen_center":[0.3787437081336975,0.5965937376022339],"visualized_dimension":-1},{"camera0":[[0.15720272064208984,-0.9644148945808411,0.21258361637592316,-0.9542575478553772],[0.23878028988838196,0.24599117040634155,0.9393999576568604,-0.24075138568878174],[-0.9582642316818237,-0.09691564738750458,0.26895344257354736,1.2474772930145264]],"camera1":[[0.15720272064208984,-0.9644148945808411,0.21258361637592316,-0.9542575478553772],[0.23878028988838196,0.24599117040634155,0.9393999576568604,-0.24075138568878174],[-0.9582642316818237,-0.09691564738750458,0.26895344257354736,1.2474772930145264]],"full_resolution":[2064,2272],"relative_focal_length":[0.4356694221496582,0.4339345097541809],"screen_center":[0.6212562918663025,0.5965937376022339],"visualized_dimension":-1}]}
{"camera":{"aperture_size":0.0,"autofocus":false,"autofocus_depth":0.0,"autofocus_target":[0.5,0.5,0.5],"fov_axis":1,"matrix":[[0.09874086081981659,-0.9948440194129944,0.023155394941568375,-0.9532905220985413],[3.259629011154175e-09,0.023268690332770348,0.9997292160987854,-0.06746730208396912],[-0.9951127171516418,-0.09871428459882736,0.0022974065504968166,1.2228400707244873]],"relative_focal_length":[1.0,1.0],"scale":0.06303935497999191,"screen_center":[0.4165223240852356,0.30558639764785767],"zoom":1.0},"frame":7,"views":[{"camera0":[[0.1517491489648819,-0.9669008851051331,0.2051229625940323,-0.9561994075775146],[0.25649166107177734,0.23893797397613525,0.9365472197532654,-0.24268779158592224],[-0.9545593857765198,-0.08950810134410858,0.2842603027820587,1.2502589225769043]],"camera1":[[0.1517491489648819,-0.9669008851051331,0.2051229625940323,-0.9561994075775146],[0.25649166107177734,0.23893797397613525,0.9365472197532654,-0.24268779158592224],[-0.9545593857765198,-0.08950810134410858,0.2842603027820587,1.2502589225769043]],"full_resolution":[2064,2272],"relative_focal_length":[0.4356694221496582,0.4339345097541809],"screen_center":[0.3787437081336975,0.5965937376022339],"visualized_dimension":-1},{"camera0":[[0.1517491489648819,-0.9669008851051331,0.2051229625940323,-0.9556172490119934],[0.25649166107177734,0.23893797397613525,0.9365472197532654,-0.24170374870300293],[-0.9545593857765198,-0.08950810134410858,0.2842603027820587,1.2465968132019043]],"camera1":[[0.1517491489648819,-0.9669008851051331,0.2051229625940323,-0.9556172490119934],[0.25649166107177734,0.23893797397613525,0.9365472197532654,-0.24170374870300293],[-0.9545593857765198,-0.08950810134410858,0.2842603027820587,1.2465968132019043]],"full_resolution":[2064,2272],"relative_focal_length":[0.4356694221496582,0.4339345097541809],"screen_center":[0.6212562918663025,0.5965937376022339],"visualized_dimension":-1}]}
{"camera":{"aperture_size":0.0,"autofocus":false,"autofocus_depth":0.0,"autofocus_target":[0.5,0.5,0.5],"fov_axis":1,"matrix":[[0.09874086081981659,-0.9948440194129944,0.023155394941568375,-0.9532905220985413],[3.259629011154175e-09,0.023268690332770348,0.9997292160987854,-0.06746730208396912],[-0.9951127171516418,-0.09871428459882736,0.0022974065504968166,1.2228400707244873]],"relative_focal_length":[1.0,1.0],"scale":0.06303935497999191,"screen_center":[0.4165223240852356,0.30558639764785767],"zoom":1.0},"frame":8,"views":[{"camera0":[[0.15493875741958618,-0.96685791015625,0.20292940735816956,-0.956650972366333],[0.26966816186904907,0.23899975419044495,0.9328227043151855,-0.24291086196899414],[-0.9504064321517944,-0.08980700373649597,0.2977607846260071,1.2498047351837158]],"camera1":[[0.15493875741958618,-0.96685791015625,0.20292940735816956,-0.956650972366333],[0.26966816186904907,0.23899975419044495,0.9328227043151855,-0.24291086196899414],[-0.9504064321517944,-0.08980700373649597,0.2977607846260071,1.2498047351837158]],"full_resolution":[2064,2272],"relative_focal_length":[0.4356694221496582,0.4339345097541809],"screen_center":[0.3787437081336975,0.5965937376022339],"visualized_dimension":-1},{"camera0":[[0.15493875741958618,-0.96685791015625,0.20292940735816956,-0.9560565948486328],[0.26966816186904907,0.23899975419044495,0.9328227043151855,-0.2418762892484665],[-0.9504064321517944,-0.08980700373649597,0.2977607846260071,1.2461585998535156]],"camera1":[[0.15493875741958618,-0.96685791015625,0.20292940735816956,-0.9560565948486328],[0.26966816186904907,0.23899975419044495,0.9328227043151855,-0.2418762892484665],[-0.9504064321517944,-0.08980700373649597,0.2977607846260071,1.2461585998535156]],"full_resolution":[2064,2272],"relative_focal_length":[0.4356694221496582,0.4339345097541809],"screen_center":[0.6212562918663025,0.5965937376022339],"visualized_dimension":-1}]}
{"camera":{"aperture_size":0.0,"autofocus":false,"autofocus_depth":0.0,"autofocus_target":[0.5,0.5,0.5],"fov_axis":1,"matrix":[[0.09874086081981659,-0.9948440194129944,0.023155394941568375,-0.9532905220985413],[3.259629011154175e-09,0.023268690332770348,0.9997292160987854,-0.06746730208396912],[-0.9951127171516418,-0.09871428459882736,0.0022974065504968166,1.2228400707244873]],"relative_focal_length":[1.0,1.0],"scale":0.06303935497999191,"screen_center":[0.4165223240852356,0.30558639764785767],"zoom":1.0},"frame":9,"views":[{"camera0":[[0.15039147436618805,-0.9706907272338867,0.18746337294578552,-0.9567847847938538],[0.289482980966568,0.2245461344718933,0.9304723143577576,-0.24396950006484985],[-0.9452943801879883,-0.08566787093877792,0.31476786732673645,1.248677372932434]],"camera1":[[0.15039147436618805,-0.9706907272338867,0.18746337294578552,-0.9567847847938538],[0.289482980966568,0.2245461344718933,0.9304723143577576,-0.24396950006484985],[-0.9452943801879883,-0.08566787093877792,0.31476786732673645,1.248677372932434]],"full_resolution":[2064,2272],"relative_focal_length":[0.4356694221496582,0.4339345097541809],"screen_center":[0.3787437081336975,0.5965937376022339],"visualized_dimension":-1},{"camera0":[[0.15039147436618805,-0.9706907272338867,0.18746337294578552,-0.956207811832428],[0.289482980966568,0.2245461344718933,0.9304723143577576,-0.2428589016199112],[-0.9452943801879883,-0.08566787093877792,0.31476786732673645,1.2450507879257202]],"camera1":[[0.15039147436618805,-0.9706907272338867,0.18746337294578552,-0.956207811832428],[0.289482980966568,0.2245461344718933,0.9304723143577576,-0.2428589016199112],[-0.9452943801879883,-0.08566787093877792,0.31476786732673645,1.2450507879257202]],"full_resolution":[2064,2272],"relative_focal_length":[0.4356694221496582,0.4339345097541809],"screen_center":[0.6212562918663025,0.5965937376022339],"visualized_dimension":-1}]}
{"camera":{"aperture_size":0.0,"autofocus":false,"autofocus_depth":0.0,"autofocus_target":[0.5,0.5,0.5],"fov_axis":1,"matrix":[[0.09874086081981659,-0.9948440194129944,0.023155394941568375,-0.9532905220985413],[3.259629011154175e-09,0.023268690332770348,0.9997292160987854,-0.06746730208396912],[-0.9951127171516418,-0.09871428459882736,0.0022974065504968166,1.2228400707244873]],"relative_focal_length":[1.0,1.0],"scale":0.06303935497999191,"screen_center":[0.4165223240852356,0.30558639764785767],"zoom":1.0},"frame":9,"views":[{"camera0":[[0.1476629227399826,-0.9729446172714233,0.1776936948299408,-0.9567156434059143],[0.29793599247932434,0.21507512032985687,0.9300413131713867,-0.24451519548892975],[-0.9430954456329346,-0.08439145982265472,0.321633517742157,1.2479918003082275]],"camera1":[[0.1476629227399826,-0.9729446172714233,0.1776936948299408,-0.9567156434059143],[0.29793599247932434,0.21507512032985687,0.9300413131713867,-0.24451519548892975],[-0.9430954456329346,-0.08439145982265472,0.321633517742157,1.2479918003082275]],"full_resolution":[2064,2272],"relative_focal_length":[0.4356694221496582,0.4339345097541809],"screen_center":[0.3787437081336975,0.5965937376022339],"visualized_dimension":-1},{"camera0":[[0.1476629227399826,-0.9729446172714233,0.1776936948299408,-0.956149160861969],[0.29793599247932434,0.21507512032985687,0.9300413131713867,-0.24337215721607208],[-0.9430954456329346,-0.08439145982265472,0.321633517742157,1.2443736791610718]],"camera1":[[0.1476629227399826,-0.9729446172714233,0.1776936948299408,-0.956149160861969],[0.29793599247932434,0.21507512032985687,0.9300413131713867,-0.24337215721607208],[-0.9430954456329346,-0.08439145982265472,0.321633517742157,1.2443736791610718]],"full_resolution":[2064,2272],"relative_focal_length":[0.4356694221496582,0.4339345097541809],"screen_center":[0.6212562918663025,0.5965937376022339],"visualized_dimension":-1}]}
{"camera":{"aperture_size":0.0,"autofocus":false,"autofocus_depth":0.0,"autofocus_target":[0.5,0.5,0.5],"fov_axis":1,"matrix":[[0.09874086081981659,-0.9948440194129944,0.023155394941568375,-0.9532905220985413],[3.259629011154175e-09,0.023268690332770348,0.9997292160987854,-0.06746730208396912],[-0.9951127171516418,-0.09871428459882736,0.0022974065504968166,1.2228400707244873]],"relative_focal_length":[1.0,1.0],"scale":0.06303935497999191,"screen_center":[0.4165223240852356,0.30558639764785767],"zoom":1.0},"frame":9,"views":[{"camera0":[[0.1443563848733902,-0.9731297492980957,0.1793888509273529,-0.9566217064857483],[0.3053104281425476,0.21624431014060974,0.9273747205734253,-0.24502959847450256],[-0.9412471055984497,-0.07910338789224625,0.32832252979278564,1.2472572326660156]],"camera1":[[0.1443563848733902,-0.9731297492980957,0.1793888509273529,-0.9566217064857483],[0.3053104281425476,0.21624431014060974,0.9273747205734253,-0.24502959847450256],[-0.9412471055984497,-0.07910338789224625,0.32832252979278564,1.2472572326660156]],"full_resolution":[2064,2272],"relative_focal_length":[0.4356694221496582,0.4339345097541809],"screen_center":[0.3787437081336975,0.5965937376022339],"visualized_dimension":-1},{"camera0":[[0.1443563848733902,-0.9731297492980957,0.1793888509273529,-0.9560679197311401],[0.3053104281425476,0.21624431014060974,0.9273747205734253,-0.24385830760002136],[-0.9412471055984497,-0.07910338789224625,0.32832252979278564,1.2436461448669434]],"camera1":[[0.1443563848733902,-0.9731297492980957,0.1793888509273529,-0.9560679197311401],[0.3053104281425476,0.21624431014060974,0.9273747205734253,-0.24385830760002136],[-0.9412471055984497,-0.07910338789224625,0.32832252979278564,1.2436461448669434]],"full_resolution":[2064,2272],"relative_focal_length":[0.4356694221496582,0.4339345097541809],"screen_center":[0.6212562918663025,0.5965937376022339],"visualized_dimension":-1}]}
{"camera":{"aperture_size":0.0,"autofocus":false,"autofocus_depth":0.0,"autofocus_target":[0.5,0.5,0.5],"fov_axis":1,"matrix":[[0.09874086081981659,-0.9948440194129944,0.023155394941568375,-0.9532905220985413],[3.259629011154175e-09,0.023268690332770348,0.9997292160987854,-0.06746730208396912],[-0.9951127171516418,-0.09871428459882736,0.0022974065504968166,1.2228400707244873]],"relative_focal_length":[1.0,1.0],"scale":0.06303935497999191,"screen_center":[0.4165223240852356,0.30558639764785767],"zoom":1.0},"frame":9,"views":[{"camera0":[[0.1315990388393402,-0.9757224917411804,0.175064817070961,-0.9566094875335693],[0.3187548518180847,0.20887210965156555,0.9245365262031555,-0.2460295855998993],[-0.9386566877365112,-0.06586556136608124,0.33850333094596863,1.245789885520935]],"camera1":[[0.1315990388393402,-0.9757224917411804,0.175064817070961,-0.9566094875335693],[0.3187548518180847,0.20887210965156555,0.9245365262031555,-0.2460295855998993],[-0.9386566877365112,-0.06586556136608124,0.33850333094596863,1.245789885520935]],"full_resolution":[2064,2272],"relative_focal_length":[0.4356694221496582,0.4339345097541809],"screen_center":[0.3787437081336975,0.5965937376022339],"visualized_dimension":-1},{"camera0":[[0.1315990388393402,-0.9757224917411804,0.175064817070961,-0.956104576587677],[0.3187548518180847,0.20887210965156555,0.9245365262031555,-0.2448066771030426],[-0.9386566877365112,-0.06586556136608124,0.33850333094596863,1.2421886920928955]],"camera1":[[0.1315990388393402,-0.9757224917411804,0.175064817070961,-0.956104576587677],[0.3187548518180847,0.20887210965156555,0.9245365262031555,-0.2448066771030426],[-0.9386566877365112,-0.06586556136608124,0.33850333094596863,1.2421886920928955]],"full_resolution":[2064,2272],"relative_focal_length":[0.4356694221496582,0.4339345097541809],"screen_center":[0.6212562918663025,0.5965937376022339],"visualized_dimension":-1}]}
{"camera":{"aperture_size":0.0,"autofocus":false,"autofocus_depth":0.0,"autofocus_target":[0.5,0.5,0.5],"fov_axis":1,"matrix":[[0.09874086081981659,-0.9948440194129944,0.023155394941568375,-0.9532905220985413],[3.259629011154175e-09,0.023268690332770348,0.9997292160987854,-0.06746730208396912],[-0.9951127171516418,-0.09871428459882736,0.0022974065504968166,1.2228400707244873]],"relative_focal_length":[1.0,1.0],"scale":0.06303935497999191,"screen_center":[0.4165223240852356,0.30558639764785767],"zoom":1.0},"frame":10,"views":[{"camera0":[[0.12354395538568497,-0.9768698215484619,0.1745358407497406,-0.956645131111145],[0.32309314608573914,0.2058965563774109,0.9236976504325867,-0.24651242792606354],[-0.9382680654525757,-0.05772615224123001,0.3410569131374359,1.245023488998413]],"camera1":[[0.12354395538568497,-0.9768698215484619,0.1745358407497406,-0.956645131111145],[0.32309314608573914,0.2058965563774109,0.9236976504325867,-0.24651242792606354],[-0.9382680654525757,-0.05772615224123001,0.3410569131374359,1.245023488998413]],"full_resolution":[2064,2272],"relative_focal_length":[0.4356694221496582,0.4339345097541809],"screen_center":[0.3787437081336975,0.5965937376022339],"visualized_dimension":-1},{"camera0":[[0.12354395538568497,-0.9768698215484619,0.1745358407497406,-0.9561711549758911],[0.32309314608573914,0.2058965563774109,0.9236976504325867,-0.24527287483215332],[-0.9382680654525757,-0.05772615224123001,0.3410569131374359,1.2414238452911377]],"camera1":[[0.12354395538568497,-0.9768698215484619,0.1745358407497406,-0.9561711549758911],[0.32309314608573914,0.2058965563774109,0.9236976504325867,-0.24527287483215332],[-0.9382680654525757,-0.05772615224123001,0.3410569131374359,1.2414238452911377]],"full_resolution":[2064,2272],"relative_focal_length":[0.4356694221496582,0.4339345097541809],"screen_center":[0.6212562918663025,0.5965937376022339],"visualized_dimension":-1}]}
{"camera":{"aperture_size":0.0,"autofocus":false,"autofocus_depth":0.0,"autofocus_target":[0.5,0.5,0.5],"fov_axis":1,"matrix":[[0.09874086081981659,-0.9948440194129944,0.023155394941568375,-0.9532905220985413],[3.259629011154175e-09,0.023268690332770348,0.9997292160987854,-0.06746730208396912],[-0.9951127171516418,-0.09871428459882736,0.0022974065504968166,1.2228400707244873]],"relative_focal_length":[1.0,1.0],"scale":0.06303935497999191,"screen_center":[0.4165223240852356,0.30558639764785767],"zoom":1.0},"frame":11,"views":[{"camera0":[[0.11233803629875183,-0.9785645008087158,0.17260420322418213,-0.9568637609481812],[0.32003307342529297,0.20007841289043427,0.9260385036468506,-0.2468540221452713],[-0.9407222270965576,-0.04879051446914673,0.3356491029262543,1.2441447973251343]],"camera1":[[0.11233803629875183,-0.9785645008087158,0.17260420322418213,-0.9568637609481812],[0.32003307342529297,0.20007841289043427,0.9260385036468506,-0.2468540221452713],[-0.9407222270965576,-0.04879051446914673,0.3356491029262543,1.2441447973251343]],"full_resolution":[2064,2272],"relative_focal_length":[0.4356694221496582,0.4339345097541809],"screen_center":[0.3787437081336975,0.5965937376022339],"visualized_dimension":-1},{"camera0":[[0.11233803629875183,-0.9785645008087158,0.17260420322418213,-0.9564327597618103],[0.32003307342529297,0.20007841289043427,0.9260385036468506,-0.24562624096870422],[-0.9407222270965576,-0.04879051446914673,0.3356491029262543,1.2405357360839844]],"camera1":[[0.11233803629875183,-0.9785645008087158,0.17260420322418213,-0.9564327597618103],[0.32003307342529297,0.20007841289043427,0.9260385036468506,-0.24562624096870422],[-0.9407222270965576,-0.04879051446914673,0.3356491029262543,1.2405357360839844]],"full_resolution":[2064,2272],"relative_focal_length":[0.4356694221496582,0.4339345097541809],"screen_center":[0.6212562918663025,0.5965937376022339],"visualized_dimension":-1}]}
{"camera":{"aperture_size":0.0,"autofocus":false,"autofocus_depth":0.0,"autofocus_target":[0.5,0.5,0.5],"fov_axis":1,"matrix":[[0.09874086081981659,-0.9948440194129944,0.023155394941568375,-0.9461593627929688],[3.259629011154175e-09,0.023268690332770348,0.9997292160987854,-0.06762620806694031],[-0.9951127171516418,-0.09871428459882736,0.0022974065504968166,1.2201162576675415]],"relative_focal_length":[1.0,1.0],"scale":0.06303935497999191,"screen_center":[0.4165223240852356,0.30558639764785767],"zoom":1.0},"frame":11,"views":[{"camera0":[[0.10253112018108368,-0.9819777011871338,0.15876972675323486,-0.949827253818512],[0.3184067904949188,0.18361146748065948,0.9300020933151245,-0.24772734940052032],[-0.9423926472663879,-0.0448010191321373,0.33149388432502747,1.239823341369629]],"camera1":[[0.10253112018108368,-0.9819777011871338,0.15876972675323486,-0.949827253818512],[0.3184067904949188,0.18361146748065948,0.9300020933151245,-0.24772734940052032],[-0.9423926472663879,-0.0448010191321373,0.33149388432502747,1.239823341369629]],"full_resolution":[2064,2272],"relative_focal_length":[0.4356694221496582,0.4339345097541809],"screen_center":[0.3787437081336975,0.5965937376022339],"visualized_dimension":-1},{"camera0":[[0.10253112018108368,-0.9819777011871338,0.15876972675323486,-0.9494339227676392],[0.3184067904949188,0.18361146748065948,0.9300020933151245,-0.24650581181049347],[-0.9423926472663879,-0.0448010191321373,0.33149388432502747,1.2362078428268433]],"camera1":[[0.10253112018108368,-0.9819777011871338,0.15876972675323486,-0.9494339227676392],[0.3184067904949188,0.18361146748065948,0.9300020933151245,-0.24650581181049347],[-0.9423926472663879,-0.0448010191321373,0.33149388432502747,1.2362078428268433]],"full_resolution":[2064,2272],"relative_focal_length":[0.4356694221496582,0.4339345097541809],"screen_center":[0.6212562918663025,0.5965937376022339],"visualized_dimension":-1}]}
{"camera":{"aperture_size":0.0,"autofocus":false,"autofocus_depth":0.0,"autofocus_target":[0.5,0.5,0.5],"fov_axis":1,"matrix":[[0.09874086081981659,-0.9948440194129944,0.023155394941568375,-0.9291743636131287],[3.259629011154175e-09,0.023268690332770348,0.9997292160987854,-0.06802347302436829],[-0.9951127171516418,-0.09871428459882736,0.0022974065504968166,1.2218016386032104]],"relative_focal_length":[1.0,1.0],"scale":0.06303935497999191,"screen_center":[0.4165223240852356,0.30558639764785767],"zoom":1.0},"frame":11,"views":[{"camera0":[[0.10155981779098511,-0.9842990040779114,0.14436639845371246,-0.9326105117797852],[0.31234341859817505,0.16932716965675354,0.9347565770149231,-0.24834589660167694],[-0.9445244669914246,-0.04984202980995178,0.3246358036994934,1.2407855987548828]],"camera1":[[0.10155981779098511,-0.9842990040779114,0.14436639845371246,-0.9326105117797852],[0.31234341859817505,0.16932716965675354,0.9347565770149231,-0.24834589660167694],[-0.9445244669914246,-0.04984202980995178,0.3246358036994934,1.2407855987548828]],"full_resolution":[2064,2272],"relative_focal_length":[0.4356694221496582,0.4339345097541809],"screen_center":[0.3787437081336975,0.5965937376022339],"visualized_dimension":-1},{"camera0":[[0.10155981779098511,-0.9842990040779114,0.14436639845371246,-0.9322208762168884],[0.31234341859817505,0.16932716965675354,0.9347565770149231,-0.24714761972427368],[-0.9445244669914246,-0.04984202980995178,0.3246358036994934,1.2371619939804077]],"camera1":[[0.10155981779098511,-0.9842990040779114,0.14436639845371246,-0.9322208762168884],[0.31234341859817505,0.16932716965675354,0.9347565770149231,-0.24714761972427368],[-0.9445244669914246,-0.04984202980995178,0.3246358036994934,1.2371619939804077]],"full_resolution":[2064,2272],"relative_focal_length":[0.4356694221496582,0.4339345097541809],"screen_center":[0.6212562918663025,0.5965937376022339],"visualized_dimension":-1}]}
{"camera":{"aperture_size":0.0,"autofocus":false,"autofocus_depth":0.0,"autofocus_target":[0.5,0.5,0.5],"fov_axis":1,"matrix":[[0.09874086081981659,-0.9948440194129944,0.023155394941568375,-0.9019984006881714],[3.259629011154175e-09,0.023268690332770348,0.9997292160987854,-0.06865909695625305],[-0.9951127171516418,-0.09871428459882736,0.0022974065504968166,1.2244981527328491]],"relative_focal_length":[1.0,1.0],"scale":0.06303935497999191,"screen_center":[0.4165223240852356,0.30558639764785767],"zoom":1.0},"frame":11,"views":[{"camera0":[[0.09679947793483734,-0.983497142791748,0.1528521478176117,-0.9052720665931702],[0.3064853250980377,0.17556455731391907,0.9355446100234985,-0.24917109310626984],[-0.9469401836395264,-0.0437135174870491,0.3184216618537903,1.2427242994308472]],"camera1":[[0.09679947793483734,-0.983497142791748,0.1528521478176117,-0.9052720665931702],[0.3064853250980377,0.17556455731391907,0.9355446100234985,-0.24917109310626984],[-0.9469401836395264,-0.0437135174870491,0.3184216618537903,1.2427242994308472]],"full_resolution":[2064,2272],"relative_focal_length":[0.4356694221496582,0.4339345097541809],"screen_center":[0.3787437081336975,0.5965937376022339],"visualized_dimension":-1},{"camera0":[[0.09679947793483734,-0.983497142791748,0.1528521478176117,-0.9049007296562195],[0.3064853250980377,0.17556455731391907,0.9355446100234985,-0.2479952871799469],[-0.9469401836395264,-0.0437135174870491,0.3184216618537903,1.239091396331787]],"camera1":[[0.09679947793483734,-0.983497142791748,0.1528521478176117,-0.9049007296562195],[0.3064853250980377,0.17556455731391907,0.9355446100234985,-0.2479952871799469],[-0.9469401836395264,-0.0437135174870491,0.3184216618537903,1.239091396331787]],"full_resolution":[2064,2272],"relative_focal_length":[0.4356694221496582,0.4339345097541809],"screen_center":[0.6212562918663025,0.5965937376022339],"visualized_dimension":-1}]}
{"camera":{"aperture_size":0.0,"autofocus":false,"autofocus_depth":0.0,"autofocus_target":[0.5,0.5,0.5],"fov_axis":1,"matrix":[[0.09874086081981659,-0.9948440194129944,0.023155394941568375,-0.8642942905426025],[3.259629011154175e-09,0.023268690332770348,0.9997292160987854,-0.0695330873131752],[-0.9951127171516418,-0.09871428459882736,0.0022974065504968166,1.2248079776763916]],"relative_focal_length":[1.0,1.0],"scale":0.06303935497999191,"screen_center":[0.4165223240852356,0.30558639764785767],"zoom":1.0},"frame":12,"views":[{"camera0":[[0.0863981544971466,-0.9864307045936584,0.13960783183574677,-0.8676949143409729],[0.2984127402305603,0.15932109951972961,0.9410455226898193,-0.2502836287021637],[-0.950518012046814,-0.039644066244363785,0.3081281781196594,1.2422726154327393]],"camera1":[[0.0863981544971466,-0.9864307045936584,0.13960783183574677,-0.8676949143409729],[0.2984127402305603,0.15932109951972961,0.9410455226898193,-0.2502836287021637],[-0.950518012046814,-0.039644066244363785,0.3081281781196594,1.2422726154327393]],"full_resolution":[2064,2272],"relative_focal_length":[0.4356694221496582,0.4339345097541809],"screen_center":[0.3787437081336975,0.5965937376022339],"visualized_dimension":-1},{"camera0":[[0.0863981544971466,-0.9864307045936584,0.13960783183574677,-0.867363452911377],[0.2984127402305603,0.15932109951972961,0.9410455226898193,-0.24913880228996277],[-0.950518012046814,-0.039644066244363785,0.3081281781196594,1.2386260032653809]],"camera1":[[0.0863981544971466,-0.9864307045936584,0.13960783183574677,-0.867363452911377],[0.2984127402305603,0.15932109951972961,0.9410455226898193,-0.24913880228996277],[-0.950518012046814,-0.039644066244363785,0.3081281781196594,1.2386260032653809]],"full_resolution":[2064,2272],"relative_focal_length":[0.4356694221496582,0.4339345097541809],"screen_center":[0.6212562918663025,0.5965937376022339],"visualized_dimension":-1}]}
{"camera":{"aperture_size":0.0,"autofocus":false,"autofocus_depth":0.0,"autofocus_target":[0.5,0.5,0.5],"fov_axis":1,"matrix":[[0.09874086081981659,-0.9948440194129944,0.023155394941568375,-0.8299871683120728],[3.259629011154175e-09,0.023268690332770348,0.9997292160987854,-0.07032761722803116],[-0.9951127171516418,-0.09871428459882736,0.0022974065504968166,1.224780797958374]],"relative_focal_length":[1.0,1.0],"scale":0.06303935497999191,"screen_center":[0.4165223240852356,0.30558639764785767],"zoom":1.0},"frame":12,"views":[{"camera0":[[0.08470460772514343,-0.9878092408180237,0.1306087076663971,-0.8333664536476135],[0.29821568727493286,0.15020349621772766,0.9426061511039734,-0.25132668018341064],[-0.9507322311401367,-0.040893737226724625,0.3073028028011322,1.2415934801101685]],"camera1":[[0.08470460772514343,-0.9878092408180237,0.1306087076663971,-0.8333664536476135],[0.29821568727493286,0.15020349621772766,0.9426061511039734,-0.25132668018341064],[-0.9507322311401367,-0.040893737226724625,0.3073028028011322,1.2415934801101685]],"full_resolution":[2064,2272],"relative_focal_length":[0.4356694221496582,0.4339345097541809],"screen_center":[0.3787437081336975,0.5965937376022339],"visualized_dimension":-1},{"camera0":[[0.08470460772514343,-0.9878092408180237,0.1306087076663971,-0.8330414891242981],[0.29821568727493286,0.15020349621772766,0.9426061511039734,-0.2501825988292694],[-0.9507322311401367,-0.040893737226724625,0.3073028028011322,1.2379460334777832]],"camera1":[[0.08470460772514343,-0.9878092408180237,0.1306087076663971,-0.8330414891242981],[0.29821568727493286,0.15020349621772766,0.9426061511039734,-0.2501825988292694],[-0.9507322311401367,-0.040893737226724625,0.3073028028011322,1.2379460334777832]],"full_resolution":[2064,2272],"relative_focal_length":[0.4356694221496582,0.4339345097541809],"screen_center":[0.6212562918663025,0.5965937376022339],"visualized_dimension":-1}]}
{"camera":{"aperture_size":0.0,"autofocus":false,"autofocus_depth":0.0,"autofocus_target":[0.5,0.5,0.5],"fov_axis":1,"matrix":[[0.09874086081981659,-0.9948440194129944,0.023155394941568375,-0.784814715385437],[3.259629011154175e-09,0.023268690332770348,0.9997292160987854,-0.0713605135679245],[-0.9951127171516418,-0.09871428459882736,0.0022974065504968166,1.2189689874649048]],"relative_focal_length":[1.0,1.0],"scale":0.06303935497999191,"screen_center":[0.4165223240852356,0.30558639764785767],"zoom":1.0},"frame":13,"views":[{"camera0":[[0.07985113561153412,-0.9865337610244751,0.14274287223815918,-0.7880710363388062],[0.30685314536094666,0.16057351231575012,0.9381136894226074,-0.25255900621414185],[-0.9484008550643921,-0.031108573079109192,0.315542608499527,1.2353098392486572]],"camera1":[[0.07985113561153412,-0.9865337610244751,0.14274287223815918,-0.7880710363388062],[0.30685314536094666,0.16057351231575012,0.9381136894226074,-0.25255900621414185],[-0.9484008550643921,-0.031108573079109192,0.315542608499527,1.2353098392486572]],"full_resolution":[2064,2272],"relative_focal_length":[0.4356694221496582,0.4339345097541809],"screen_center":[0.3787437081336975,0.5965937376022339],"visualized_dimension":-1},{"camera0":[[0.07985113561153412,-0.9865337610244751,0.14274287223815918,-0.7877647280693054],[0.30685314536094666,0.16057351231575012,0.9381136894226074,-0.2513817548751831],[-0.9484008550643921,-0.031108573079109192,0.315542608499527,1.2316713333129883]],"camera1":[[0.07985113561153412,-0.9865337610244751,0.14274287223815918,-0.7877647280693054],[0.30685314536094666,0.16057351231575012,0.9381136894226074,-0.2513817548751831],[-0.9484008550643921,-0.031108573079109192,0.315542608499527,1.2316713333129883]],"full_resolution":[2064,2272],"relative_focal_length":[0.4356694221496582,0.4339345097541809],"screen_center":[0.6212562918663025,0.5965937376022339],"visualized_dimension":-1}]}
