{"camera":{"aperture_size":0.0,"autofocus":false,"autofocus_depth":0.0,"autofocus_target":[0.5,0.5,0.5],"fov_axis":1,"matrix":[[0.8826864957809448,0.049861662089824677,0.46730974316596985,-2.2857983112335205],[0.05900026112794876,-0.9982459545135498,-0.00493150670081377,0.4444662034511566],[0.46624407172203064,0.03192437067627907,-0.8840800523757935,3.153705596923828]],"relative_focal_length":[1.429425835609436,1.4300788640975952],"scale":2.9744157791137695,"screen_center":[0.5024623870849609,0.5059808492660522],"zoom":1.0},"frame":1,"views":[{"camera0":[[0.788093626499176,0.17552991211414337,0.5899980664253235,-0.4919062852859497],[0.26629096269607544,-0.9613707661628723,-0.06968317180871964,0.693610429763794],[0.5549752712249756,0.21202799677848816,-0.8043922185897827,2.4411864280700684]],"camera1":[[0.788093626499176,0.17552991211414337,0.5899980664253235,-0.4919062852859497],[0.26629096269607544,-0.9613707661628723,-0.06968317180871964,0.693610429763794],[0.5549752712249756,0.21202799677848816,-0.8043922185897827,2.4411864280700684]],"full_resolution":[2064,2272],"relative_focal_length":[0.4356694221496582,0.4339345097541809],"screen_center":[0.3787437081336975,0.5965937376022339],"visualized_dimension":-1},{"camera0":[[0.788093626499176,0.17552991211414337,0.5899980664253235,-0.3486071825027466],[0.26629096269607544,-0.9613707661628723,-0.06968317180871964,0.742030143737793],[0.5549752712249756,0.21202799677848816,-0.8043922185897827,2.542097806930542]],"camera1":[[0.788093626499176,0.17552991211414337,0.5899980664253235,-0.3486071825027466],[0.26629096269607544,-0.9613707661628723,-0.06968317180871964,0.742030143737793],[0.5549752712249756,0.21202799677848816,-0.8043922185897827,2.542097806930542]],"full_resolution":[2064,2272],"relative_focal_length":[0.4356694221496582,0.4339345097541809],"screen_center":[0.6212562918663025,0.5965937376022339],"visualized_dimension":-1}]}
{"camera":{"aperture_size":0.0,"autofocus":false,"autofocus_depth":0.0,"autofocus_target":[0.5,0.5,0.5],"fov_axis":1,"matrix":[[0.8826864957809448,0.049861662089824677,0.46730974316596985,-2.2857983112335205],[0.05900026112794876,-0.9982459545135498,-0.00493150670081377,0.4444662034511566],[0.46624407172203064,0.03192437067627907,-0.8840800523757935,3.153705596923828]],"relative_focal_length":[1.429425835609436,1.4300788640975952],"scale":2.9744157791137695,"screen_center":[0.5024623870849609,0.5059808492660522],"zoom":1.0},"frame":1,"views":[{"camera0":[[0.7873632311820984,0.166839137673378,0.5934845209121704,-0.4480358362197876],[0.250953733921051,-0.9660525321960449,-0.06136025860905647,0.7059988975524902],[0.5630998611450195,0.19724994897842407,-0.8025031089782715,2.4702470302581787]],"camera1":[[0.7873632311820984,0.166839137673378,0.5934845209121704,-0.4480358362197876],[0.250953733921051,-0.9660525321960449,-0.06136025860905647,0.7059988975524902],[0.5630998611450195,0.19724994897842407,-0.8025031089782715,2.4702470302581787]],"full_resolution":[2064,2272],"relative_focal_length":[0.4356694221496582,0.4339345097541809],"screen_center":[0.3787437081336975,0.5965937376022339],"visualized_dimension":-1},{"camera0":[[0.7873632311820984,0.166839137673378,0.5934845209121704,-0.3048694133758545],[0.250953733921051,-0.9660525321960449,-0.06136025860905647,0.7516298890113831],[0.5630998611450195,0.19724994897842407,-0.8025031089782715,2.5726356506347656]],"camera1":[[0.7873632311820984,0.166839137673378,0.5934845209121704,-0.3048694133758545],[0.250953733921051,-0.9660525321960449,-0.06136025860905647,0.7516298890113831],[0.5630998611450195,0.19724994897842407,-0.8025031089782715,2.5726356506347656]],"full_resolution":[2064,2272],"relative_focal_length":[0.4356694221496582,0.4339345097541809],"screen_center":[0.6212562918663025,0.5965937376022339],"visualized_dimension":-1}]}
{"camera":{"aperture_size":0.0,"autofocus":false,"autofocus_depth":0.0,"autofocus_target":[0.5,0.5,0.5],"fov_axis":1,"matrix":[[0.8826864957809448,0.049861662089824677,0.46730974316596985,-2.2857983112335205],[0.05900026112794876,-0.9982459545135498,-0.00493150670081377,0.4444662034511566],[0.46624407172203064,0.03192437067627907,-0.8840800523757935,3.153705596923828]],"relative_focal_length":[1.429425835609436,1.4300788640975952],"scale":2.9744157791137695,"screen_center":[0.5024623870849609,0.5059808492660522],"zoom":1.0},"frame":1,"views":[{"camera0":[[0.7959184050559998,0.15964753925800323,0.5839748382568359,-0.4221827983856201],[0.24295002222061157,-0.9677528142929077,-0.06655944138765335,0.7105185985565186],[0.5545171499252319,0.1948525607585907,-0.809038519859314,2.4852819442749023]],"camera1":[[0.7959184050559998,0.15964753925800323,0.5839748382568359,-0.4221827983856201],[0.24295002222061157,-0.9677528142929077,-0.06655944138765335,0.7105185985565186],[0.5545171499252319,0.1948525607585907,-0.809038519859314,2.4852819442749023]],"full_resolution":[2064,2272],"relative_focal_length":[0.4356694221496582,0.4339345097541809],"screen_center":[0.3787437081336975,0.5965937376022339],"visualized_dimension":-1},{"camera0":[[0.7959184050559998,0.15964753925800323,0.5839748382568359,-0.27746105194091797],[0.24295002222061157,-0.9677528142929077,-0.06655944138765335,0.7546942234039307],[0.5545171499252319,0.1948525607585907,-0.809038519859314,2.5861098766326904]],"camera1":[[0.7959184050559998,0.15964753925800323,0.5839748382568359,-0.27746105194091797],[0.24295002222061157,-0.9677528142929077,-0.06655944138765335,0.7546942234039307],[0.5545171499252319,0.1948525607585907,-0.809038519859314,2.5861098766326904]],"full_resolution":[2064,2272],"relative_focal_length":[0.4356694221496582,0.4339345097541809],"screen_center":[0.6212562918663025,0.5965937376022339],"visualized_dimension":-1}]}
{"camera":{"aperture_size":0.0,"autofocus":false,"autofocus_depth":0.0,"autofocus_target":[0.5,0.5,0.5],"fov_axis":1,"matrix":[[0.8826864957809448,0.049861662089824677,0.46730974316596985,-2.2857983112335205],[0.05900026112794876,-0.9982459545135498,-0.00493150670081377,0.4444662034511566],[0.46624407172203064,0.03192437067627907,-0.8840800523757935,3.153705596923828]],"relative_focal_length":[1.429425835609436,1.4300788640975952],"scale":2.9744157791137695,"screen_center":[0.5024623870849609,0.5059808492660522],"zoom":1.0},"frame":2,"views":[{"camera0":[[0.8028302192687988,0.15154772996902466,0.5766255855560303,-0.39712977409362793],[0.236204594373703,-0.9688640832901001,-0.0742301419377327,0.7146033644676208],[0.5474223494529724,0.19579580426216125,-0.8136295080184937,2.500093698501587]],"camera1":[[0.8028302192687988,0.15154772996902466,0.5766255855560303,-0.39712977409362793],[0.236204594373703,-0.9688640832901001,-0.0742301419377327,0.7146033644676208],[0.5474223494529724,0.19579580426216125,-0.8136295080184937,2.500093698501587]],"full_resolution":[2064,2272],"relative_focal_length":[0.4356694221496582,0.4339345097541809],"screen_center":[0.3787437081336975,0.5965937376022339],"visualized_dimension":-1},{"camera0":[[0.8028302192687988,0.15154772996902466,0.5766255855560303,-0.25115084648132324],[0.236204594373703,-0.9688640832901001,-0.0742301419377327,0.7575525045394897],[0.5474223494529724,0.19579580426216125,-0.8136295080184937,2.5996315479278564]],"camera1":[[0.8028302192687988,0.15154772996902466,0.5766255855560303,-0.25115084648132324],[0.236204594373703,-0.9688640832901001,-0.0742301419377327,0.7575525045394897],[0.5474223494529724,0.19579580426216125,-0.8136295080184937,2.5996315479278564]],"full_resolution":[2064,2272],"relative_focal_length":[0.4356694221496582,0.4339345097541809],"screen_center":[0.6212562918663025,0.5965937376022339],"visualized_dimension":-1}]}
{"camera":{"aperture_size":0.0,"autofocus":false,"autofocus_depth":0.0,"autofocus_target":[0.5,0.5,0.5],"fov_axis":1,"matrix":[[0.8826864957809448,0.049861662089824677,0.46730974316596985,-2.2857983112335205],[0.05900026112794876,-0.9982459545135498,-0.00493150670081377,0.4444662034511566],[0.46624407172203064,0.03192437067627907,-0.8840800523757935,3.153705596923828]],"relative_focal_length":[1.429425835609436,1.4300788640975952],"scale":2.9744157791137695,"screen_center":[0.5024623870849609,0.5059808492660522],"zoom":1.0},"frame":3,"views":[{"camera0":[[0.8126664757728577,0.13007912039756775,0.5680251121520996,-0.35160374641418457],[0.21351946890354156,-0.9734442830085754,-0.08255859464406967,0.7229726314544678],[0.5422016382217407,0.1883770227432251,-0.8188599944114685,2.5334692001342773]],"camera1":[[0.8126664757728577,0.13007912039756775,0.5680251121520996,-0.35160374641418457],[0.21351946890354156,-0.9734442830085754,-0.08255859464406967,0.7229726314544678],[0.5422016382217407,0.1883770227432251,-0.8188599944114685,2.5334692001342773]],"full_resolution":[2064,2272],"relative_focal_length":[0.4356694221496582,0.4339345097541809],"screen_center":[0.3787437081336975,0.5965937376022339],"visualized_dimension":-1},{"camera0":[[0.8126664757728577,0.13007912039756775,0.5680251121520996,-0.20383620262145996],[0.21351946890354156,-0.9734442830085754,-0.08255859464406967,0.7617969512939453],[0.5422016382217407,0.1883770227432251,-0.8188599944114685,2.6320579051971436]],"camera1":[[0.8126664757728577,0.13007912039756775,0.5680251121520996,-0.20383620262145996],[0.21351946890354156,-0.9734442830085754,-0.08255859464406967,0.7617969512939453],[0.5422016382217407,0.1883770227432251,-0.8188599944114685,2.6320579051971436]],"full_resolution":[2064,2272],"relative_focal_length":[0.4356694221496582,0.4339345097541809],"screen_center":[0.6212562918663025,0.5965937376022339],"visualized_dimension":-1}]}
{"camera":{"aperture_size":0.0,"autofocus":false,"autofocus_depth":0.0,"autofocus_target":[0.5,0.5,0.5],"fov_axis":1,"matrix":[[0.8826864957809448,0.049861662089824677,0.46730974316596985,-2.2857983112335205],[0.05900026112794876,-0.9982459545135498,-0.00493150670081377,0.4444662034511566],[0.46624407172203064,0.03192437067627907,-0.8840800523757935,3.153705596923828]],"relative_focal_length":[1.429425835609436,1.4300788640975952],"scale":2.9744157791137695,"screen_center":[0.5024623870849609,0.5059808492660522],"zoom":1.0},"frame":4,"views":[{"camera0":[[0.828279435634613,0.13048596680164337,0.5449097752571106,-0.3124803304672241],[0.2113567441701889,-0.9734243154525757,-0.088169164955616,0.7302708625793457],[0.5189234614372253,0.18819904327392578,-0.8338464498519897,2.569582939147949]],"camera1":[[0.828279435634613,0.13048596680164337,0.5449097752571106,-0.3124803304672241],[0.2113567441701889,-0.9734243154525757,-0.088169164955616,0.7302708625793457],[0.5189234614372253,0.18819904327392578,-0.8338464498519897,2.569582939147949]],"full_resolution":[2064,2272],"relative_focal_length":[0.4356694221496582,0.4339345097541809],"screen_center":[0.3787437081336975,0.5965937376022339],"visualized_dimension":-1},{"camera0":[[0.828279435634613,0.13048596680164337,0.5449097752571106,-0.16187405586242676],[0.2113567441701889,-0.9734243154525757,-0.088169164955616,0.7687019109725952],[0.5189234614372253,0.18819904327392578,-0.8338464498519897,2.6639387607574463]],"camera1":[[0.828279435634613,0.13048596680164337,0.5449097752571106,-0.16187405586242676],[0.2113567441701889,-0.9734243154525757,-0.088169164955616,0.7687019109725952],[0.5189234614372253,0.18819904327392578,-0.8338464498519897,2.6639387607574463]],"full_resolution":[2064,2272],"relative_focal_length":[0.4356694221496582,0.4339345097541809],"screen_center":[0.6212562918663025,0.5965937376022339],"visualized_dimension":-1}]}
{"camera":{"aperture_size":0.0,"autofocus":false,"autofocus_depth":0.0,"autofocus_target":[0.5,0.5,0.5],"fov_axis":1,"matrix":[[0.8826864957809448,0.049861662089824677,0.46730974316596985,-2.2857983112335205],[0.05900026112794876,-0.9982459545135498,-0.00493150670081377,0.4444662034511566],[0.46624407172203064,0.03192437067627907,-0.8840800523757935,3.153705596923828]],"relative_focal_length":[1.429425835609436,1.4300788640975952],"scale":2.9744157791137695,"screen_center":[0.5024623870849609,0.5059808492660522],"zoom":1.0},"frame":4,"views":[{"camera0":[[0.8502926826477051,0.13140548765659332,0.5096420049667358,-0.2709784507751465],[0.20280660688877106,-0.9753572344779968,-0.08688000589609146,0.7372045516967773],[0.4856663942337036,0.17723219096660614,-0.8559889793395996,2.6057446002960205]],"camera1":[[0.8502926826477051,0.13140548765659332,0.5096420049667358,-0.2709784507751465],[0.20280660688877106,-0.9753572344779968,-0.08688000589609146,0.7372045516967773],[0.4856663942337036,0.17723219096660614,-0.8559889793395996,2.6057446002960205]],"full_resolution":[2064,2272],"relative_focal_length":[0.4356694221496582,0.4339345097541809],"screen_center":[0.3787437081336975,0.5965937376022339],"visualized_dimension":-1},{"camera0":[[0.8502926826477051,0.13140548765659332,0.5096420049667358,-0.11636948585510254],[0.20280660688877106,-0.9753572344779968,-0.08688000589609146,0.7740808725357056],[0.4856663942337036,0.17723219096660614,-0.8559889793395996,2.6940534114837646]],"camera1":[[0.8502926826477051,0.13140548765659332,0.5096420049667358,-0.11636948585510254],[0.20280660688877106,-0.9753572344779968,-0.08688000589609146,0.7740808725357056],[0.4856663942337036,0.17723219096660614,-0.8559889793395996,2.6940534114837646]],"full_resolution":[2064,2272],"relative_focal_length":[0.4356694221496582,0.4339345097541809],"screen_center":[0.6212562918663025,0.5965937376022339],"visualized_dimension":-1}]}
{"camera":{"aperture_size":0.0,"autofocus":false,"autofocus_depth":0.0,"autofocus_target":[0.5,0.5,0.5],"fov_axis":1,"matrix":[[0.8826864957809448,0.049861662089824677,0.46730974316596985,-2.2857983112335205],[0.05900026112794876,-0.9982459545135498,-0.00493150670081377,0.4444662034511566],[0.46624407172203064,0.03192437067627907,-0.8840800523757935,3.153705596923828]],"relative_focal_length":[1.429425835609436,1.4300788640975952],"scale":2.9744157791137695,"screen_center":[0.5024623870849609,0.5059808492660522],"zoom":1.0},"frame":5,"views":[{"camera0":[[0.8655894994735718,0.13039451837539673,0.48347920179367065,-0.25177431106567383],[0.1931048035621643,-0.9777437448501587,-0.08202441036701202,0.7354614734649658],[0.46202316880226135,0.1643615961074829,-0.8715044856071472,2.627136707305908]],"camera1":[[0.8655894994735718,0.13039451837539673,0.48347920179367065,-0.25177431106567383],[0.1931048035621643,-0.9777437448501587,-0.08202441036701202,0.7354614734649658],[0.46202316880226135,0.1643615961074829,-0.8715044856071472,2.627136707305908]],"full_resolution":[2064,2272],"relative_focal_length":[0.4356694221496582,0.4339345097541809],"screen_center":[0.3787437081336975,0.5965937376022339],"visualized_dimension":-1},{"camera0":[[0.8655894994735718,0.13039451837539673,0.48347920179367065,-0.09438395500183105],[0.1931048035621643,-0.9777437448501587,-0.08202441036701202,0.7705738544464111],[0.46202316880226135,0.1643615961074829,-0.8715044856071472,2.711146354675293]],"camera1":[[0.8655894994735718,0.13039451837539673,0.48347920179367065,-0.09438395500183105],[0.1931048035621643,-0.9777437448501587,-0.08202441036701202,0.7705738544464111],[0.46202316880226135,0.1643615961074829,-0.8715044856071472,2.711146354675293]],"full_resolution":[2064,2272],"relative_focal_length":[0.4356694221496582,0.4339345097541809],"screen_center":[0.6212562918663025,0.5965937376022339],"visualized_dimension":-1}]}
{"camera":{"aperture_size":0.0,"autofocus":false,"autofocus_depth":0.0,"autofocus_target":[0.5,0.5,0.5],"fov_axis":1,"matrix":[[0.8826864957809448,0.049861662089824677,0.46730974316596985,-2.2857983112335205],[0.05900026112794876,-0.9982459545135498,-0.00493150670081377,0.4444662034511566],[0.46624407172203064,0.03192437067627907,-0.8840800523757935,3.153705596923828]],"relative_focal_length":[1.429425835609436,1.4300788640975952],"scale":2.9744157791137695,"screen_center":[0.5024623870849609,0.5059808492660522],"zoom":1.0},"frame":6,"views":[{"camera0":[[0.8855061531066895,0.11596214026212692,0.449924111366272,-0.21243906021118164],[0.17230118811130524,-0.9812654256820679,-0.08620142936706543,0.7372800707817078],[0.43149879574775696,0.1538543403148651,-0.8888970017433167,2.668081045150757]],"camera1":[[0.8855061531066895,0.11596214026212692,0.449924111366272,-0.21243906021118164],[0.17230118811130524,-0.9812654256820679,-0.08620142936706543,0.7372800707817078],[0.43149879574775696,0.1538543403148651,-0.8888970017433167,2.668081045150757]],"full_resolution":[2064,2272],"relative_focal_length":[0.4356694221496582,0.4339345097541809],"screen_center":[0.3787437081336975,0.5965937376022339],"visualized_dimension":-1},{"camera0":[[0.8855061531066895,0.11596214026212692,0.449924111366272,-0.05142688751220703],[0.17230118811130524,-0.9812654256820679,-0.08620142936706543,0.7686096429824829],[0.43149879574775696,0.1538543403148651,-0.8888970017433167,2.7465405464172363]],"camera1":[[0.8855061531066895,0.11596214026212692,0.449924111366272,-0.05142688751220703],[0.17230118811130524,-0.9812654256820679,-0.08620142936706543,0.7686096429824829],[0.43149879574775696,0.1538543403148651,-0.8888970017433167,2.7465405464172363]],"full_resolution":[2064,2272],"relative_focal_length":[0.4356694221496582,0.4339345097541809],"screen_center":[0.6212562918663025,0.5965937376022339],"visualized_dimension":-1}]}
{"camera":{"aperture_size":0.0,"autofocus":false,"autofocus_depth":0.0,"autofocus_target":[0.5,0.5,0.5],"fov_axis":1,"matrix":[[0.8826864957809448,0.049861662089824677,0.46730974316596985,-2.2857983112335205],[0.05900026112794876,-0.9982459545135498,-0.00493150670081377,0.4444662034511566],[0.46624407172203064,0.03192437067627907,-0.8840800523757935,3.153705596923828]],"relative_focal_length":[1.429425835609436,1.4300788640975952],"scale":2.9744157791137695,"screen_center":[0.5024623870849609,0.5059808492660522],"zoom":1.0},"frame":6,"views":[{"camera0":[[0.9046849608421326,0.10979579389095306,0.4116916358470917,-0.17682242393493652],[0.16059331595897675,-0.982836902141571,-0.0907839760184288,0.7359659671783447],[0.3946579396724701,0.14824581146240234,-0.9067902565002441,2.7105612754821777]],"camera1":[[0.9046849608421326,0.10979579389095306,0.4116916358470917,-0.17682242393493652],[0.16059331595897675,-0.982836902141571,-0.0907839760184288,0.7359659671783447],[0.3946579396724701,0.14824581146240234,-0.9067902565002441,2.7105612754821777]],"full_resolution":[2064,2272],"relative_focal_length":[0.4356694221496582,0.4339345097541809],"screen_center":[0.3787437081336975,0.5965937376022339],"visualized_dimension":-1},{"camera0":[[0.9046849608421326,0.10979579389095306,0.4116916358470917,-0.012323141098022461],[0.16059331595897675,-0.982836902141571,-0.0907839760184288,0.765166699886322],[0.3946579396724701,0.14824581146240234,-0.9067902565002441,2.7823219299316406]],"camera1":[[0.9046849608421326,0.10979579389095306,0.4116916358470917,-0.012323141098022461],[0.16059331595897675,-0.982836902141571,-0.0907839760184288,0.765166699886322],[0.3946579396724701,0.14824581146240234,-0.9067902565002441,2.7823219299316406]],"full_resolution":[2064,2272],"relative_focal_length":[0.4356694221496582,0.4339345097541809],"screen_center":[0.6212562918663025,0.5965937376022339],"visualized_dimension":-1}]}
{"camera":{"aperture_size":0.0,"autofocus":false,"autofocus_depth":0.0,"autofocus_target":[0.5,0.5,0.5],"fov_axis":1,"matrix":[[0.8826864957809448,0.049861662089824677,0.46730974316596985,-2.2857983112335205],[0.05900026112794876,-0.9982459545135498,-0.00493150670081377,0.4444662034511566],[0.46624407172203064,0.03192437067627907,-0.8840800523757935,3.153705596923828]],"relative_focal_length":[1.429425835609436,1.4300788640975952],"scale":2.9744157791137695,"screen_center":[0.5024623870849609,0.5059808492660522],"zoom":1.0},"frame":7,"views":[{"camera0":[[0.9133007526397705,0.10417981445789337,0.393736332654953,-0.1636795997619629],[0.1522243618965149,-0.9839853644371033,-0.0927402675151825,0.7340623140335083],[0.3777690827846527,0.14463602006435394,-0.9145333170890808,2.7325963973999023]],"camera1":[[0.9133007526397705,0.10417981445789337,0.393736332654953,-0.1636795997619629],[0.1522243618965149,-0.9839853644371033,-0.0927402675151825,0.7340623140335083],[0.3777690827846527,0.14463602006435394,-0.9145333170890808,2.7325963973999023]],"full_resolution":[2064,2272],"relative_focal_length":[0.4356694221496582,0.4339345097541809],"screen_center":[0.3787437081336975,0.5965937376022339],"visualized_dimension":-1},{"camera0":[[0.9133007526397705,0.10417981445789337,0.393736332654953,0.002386331558227539],[0.1522243618965149,-0.9839853644371033,-0.0927402675151825,0.7617412805557251],[0.3777690827846527,0.14463602006435394,-0.9145333170890808,2.801286220550537]],"camera1":[[0.9133007526397705,0.10417981445789337,0.393736332654953,0.002386331558227539],[0.1522243618965149,-0.9839853644371033,-0.0927402675151825,0.7617412805557251],[0.3777690827846527,0.14463602006435394,-0.9145333170890808,2.801286220550537]],"full_resolution":[2064,2272],"relative_focal_length":[0.4356694221496582,0.4339345097541809],"screen_center":[0.6212562918663025,0.5965937376022339],"visualized_dimension":-1}]}
{"camera":{"aperture_size":0.0,"autofocus":false,"autofocus_depth":0.0,"autofocus_target":[0.5,0.5,0.5],"fov_axis":1,"matrix":[[0.8826864957809448,0.049861662089824677,0.46730974316596985,-2.2857983112335205],[0.05900026112794876,-0.9982459545135498,-0.00493150670081377,0.4444662034511566],[0.46624407172203064,0.03192437067627907,-0.8840800523757935,3.153705596923828]],"relative_focal_length":[1.429425835609436,1.4300788640975952],"scale":2.9744157791137695,"screen_center":[0.5024623870849609,0.5059808492660522],"zoom":1.0},"frame":8,"views":[{"camera0":[[0.9292585849761963,0.10671734064817429,0.35368049144744873,-0.13937044143676758],[0.15167108178138733,-0.9831703305244446,-0.10184427350759506,0.7311757206916809],[0.3368595540523529,0.14828276634216309,-0.9298053979873657,2.7748899459838867]],"camera1":[[0.9292585849761963,0.10671734064817429,0.35368049144744873,-0.13937044143676758],[0.15167108178138733,-0.9831703305244446,-0.10184427350759506,0.7311757206916809],[0.3368595540523529,0.14828276634216309,-0.9298053979873657,2.7748899459838867]],"full_resolution":[2064,2272],"relative_focal_length":[0.4356694221496582,0.4339345097541809],"screen_center":[0.3787437081336975,0.5965937376022339],"visualized_dimension":-1},{"camera0":[[0.9292585849761963,0.10671734064817429,0.35368049144744873,0.029596567153930664],[0.15167108178138733,-0.9831703305244446,-0.10184427350759506,0.7587541341781616],[0.3368595540523529,0.14828276634216309,-0.9298053979873657,2.8361411094665527]],"camera1":[[0.9292585849761963,0.10671734064817429,0.35368049144744873,0.029596567153930664],[0.15167108178138733,-0.9831703305244446,-0.10184427350759506,0.7587541341781616],[0.3368595540523529,0.14828276634216309,-0.9298053979873657,2.8361411094665527]],"full_resolution":[2064,2272],"relative_focal_length":[0.4356694221496582,0.4339345097541809],"screen_center":[0.6212562918663025,0.5965937376022339],"visualized_dimension":-1}]}
{"camera":{"aperture_size":0.0,"autofocus":false,"autofocus_depth":0.0,"autofocus_target":[0.5,0.5,0.5],"fov_axis":1,"matrix":[[0.8826864957809448,0.049861662089824677,0.46730974316596985,-2.2857983112335205],[0.05900026112794876,-0.9982459545135498,-0.00493150670081377,0.4444662034511566],[0.46624407172203064,0.03192437067627907,-0.8840800523757935,3.153705596923828]],"relative_focal_length":[1.429425835609436,1.4300788640975952],"scale":2.9744157791137695,"screen_center":[0.5024623870849609,0.5059808492660522],"zoom":1.0},"frame":9,"views":[{"camera0":[[0.943056046962738,0.10079285502433777,0.3169955015182495,-0.11694049835205078],[0.14307209849357605,-0.9832401275634766,-0.11300297826528549,0.7300580739974976],[0.3002926707267761,0.1519213318824768,-0.9416710734367371,2.8138034343719482]],"camera1":[[0.943056046962738,0.10079285502433777,0.3169955015182495,-0.11694049835205078],[0.14307209849357605,-0.9832401275634766,-0.11300297826528549,0.7300580739974976],[0.3002926707267761,0.1519213318824768,-0.9416710734367371,2.8138034343719482]],"full_resolution":[2064,2272],"relative_focal_length":[0.4356694221496582,0.4339345097541809],"screen_center":[0.3787437081336975,0.5965937376022339],"visualized_dimension":-1},{"camera0":[[0.943056046962738,0.10079285502433777,0.3169955015182495,0.054535865783691406],[0.14307209849357605,-0.9832401275634766,-0.11300297826528549,0.7560728788375854],[0.3002926707267761,0.1519213318824768,-0.9416710734367371,2.868405818939209]],"camera1":[[0.943056046962738,0.10079285502433777,0.3169955015182495,0.054535865783691406],[0.14307209849357605,-0.9832401275634766,-0.11300297826528549,0.7560728788375854],[0.3002926707267761,0.1519213318824768,-0.9416710734367371,2.868405818939209]],"full_resolution":[2064,2272],"relative_focal_length":[0.4356694221496582,0.4339345097541809],"screen_center":[0.6212562918663025,0.5965937376022339],"visualized_dimension":-1}]}
{"camera":{"aperture_size":0.0,"autofocus":false,"autofocus_depth":0.0,"autofocus_target":[0.5,0.5,0.5],"fov_axis":1,"matrix":[[0.8826864957809448,0.049861662089824677,0.46730974316596985,-2.2857983112335205],[0.05900026112794876,-0.9982459545135498,-0.00493150670081377,0.4444662034511566],[0.46624407172203064,0.03192437067627907,-0.8840800523757935,3.153705596923828]],"relative_focal_length":[1.429425835609436,1.4300788640975952],"scale":2.9744157791137695,"screen_center":[0.5024623870849609,0.5059808492660522],"zoom":1.0},"frame":9,"views":[{"camera0":[[0.9465098977088928,0.09181665629148483,0.3093358278274536,-0.11005496978759766],[0.13438524305820465,-0.9837335348129272,-0.11920333653688431,0.7311455011367798],[0.29335907101631165,0.15439730882644653,-0.9434522986412048,2.833733081817627]],"camera1":[[0.9465098977088928,0.09181665629148483,0.3093358278274536,-0.11005496978759766],[0.13438524305820465,-0.9837335348129272,-0.11920333653688431,0.7311455011367798],[0.29335907101631165,0.15439730882644653,-0.9434522986412048,2.833733081817627]],"full_resolution":[2064,2272],"relative_focal_length":[0.4356694221496582,0.4339345097541809],"screen_center":[0.3787437081336975,0.5965937376022339],"visualized_dimension":-1},{"camera0":[[0.9465098977088928,0.09181665629148483,0.3093358278274536,0.062049150466918945],[0.13438524305820465,-0.9837335348129272,-0.11920333653688431,0.7555807828903198],[0.29335907101631165,0.15439730882644653,-0.9434522986412048,2.8870747089385986]],"camera1":[[0.9465098977088928,0.09181665629148483,0.3093358278274536,0.062049150466918945],[0.13438524305820465,-0.9837335348129272,-0.11920333653688431,0.7555807828903198],[0.29335907101631165,0.15439730882644653,-0.9434522986412048,2.8870747089385986]],"full_resolution":[2064,2272],"relative_focal_length":[0.4356694221496582,0.4339345097541809],"screen_center":[0.6212562918663025,0.5965937376022339],"visualized_dimension":-1}]}
{"camera":{"aperture_size":0.0,"autofocus":false,"autofocus_depth":0.0,"autofocus_target":[0.5,0.5,0.5],"fov_axis":1,"matrix":[[0.8826864957809448,0.049861662089824677,0.46730974316596985,-2.2857983112335205],[0.05900026112794876,-0.9982459545135498,-0.00493150670081377,0.4444662034511566],[0.46624407172203064,0.03192437067627907,-0.8840800523757935,3.153705596923828]],"relative_focal_length":[1.429425835609436,1.4300788640975952],"scale":2.9744157791137695,"screen_center":[0.5024623870849609,0.5059808492660522],"zoom":1.0},"frame":10,"views":[{"camera0":[[0.9547603726387024,0.08727316558361053,0.284281462430954,-0.09533357620239258],[0.12445618957281113,-0.9854861497879028,-0.11544670164585114,0.725963294506073],[0.27007997035980225,0.14560452103614807,-0.9517648816108704,2.871647357940674]],"camera1":[[0.9547603726387024,0.08727316558361053,0.284281462430954,-0.09533357620239258],[0.12445618957281113,-0.9854861497879028,-0.11544670164585114,0.725963294506073],[0.27007997035980225,0.14560452103614807,-0.9517648816108704,2.871647357940674]],"full_resolution":[2064,2272],"relative_focal_length":[0.4356694221496582,0.4339345097541809],"screen_center":[0.3787437081336975,0.5965937376022339],"visualized_dimension":-1},{"camera0":[[0.9547603726387024,0.08727316558361053,0.284281462430954,0.07827091217041016],[0.12445618957281113,-0.9854861497879028,-0.11544670164585114,0.7485932111740112],[0.27007997035980225,0.14560452103614807,-0.9517648816108704,2.9207563400268555]],"camera1":[[0.9547603726387024,0.08727316558361053,0.284281462430954,0.07827091217041016],[0.12445618957281113,-0.9854861497879028,-0.11544670164585114,0.7485932111740112],[0.27007997035980225,0.14560452103614807,-0.9517648816108704,2.9207563400268555]],"full_resolution":[2064,2272],"relative_focal_length":[0.4356694221496582,0.4339345097541809],"screen_center":[0.6212562918663025,0.5965937376022339],"visualized_dimension":-1}]}
{"camera":{"aperture_size":0.0,"autofocus":false,"autofocus_depth":0.0,"autofocus_target":[0.5,0.5,0.5],"fov_axis":1,"matrix":[[0.8826864957809448,0.049861662089824677,0.46730974316596985,-2.2857983112335205],[0.05900026112794876,-0.9982459545135498,-0.00493150670081377,0.4444662034511566],[0.46624407172203064,0.03192437067627907,-0.8840800523757935,3.153705596923828]],"relative_focal_length":[1.429425835609436,1.4300788640975952],"scale":2.9744157791137695,"screen_center":[0.5024623870849609,0.5059808492660522],"zoom":1.0},"frame":11,"views":[{"camera0":[[0.9605673551559448,0.06984324753284454,0.2691323459148407,-0.08589816093444824],[0.10600630939006805,-0.986821174621582,-0.12225737422704697,0.7159998416900635],[0.25704655051231384,0.14596617221832275,-0.9553120136260986,2.9135921001434326]],"camera1":[[0.9605673551559448,0.06984324753284454,0.2691323459148407,-0.08589816093444824],[0.10600630939006805,-0.986821174621582,-0.12225737422704697,0.7159998416900635],[0.25704655051231384,0.14596617221832275,-0.9553120136260986,2.9135921001434326]],"full_resolution":[2064,2272],"relative_focal_length":[0.4356694221496582,0.4339345097541809],"screen_center":[0.3787437081336975,0.5965937376022339],"visualized_dimension":-1},{"camera0":[[0.9605673551559448,0.06984324753284454,0.2691323459148407,0.08876180648803711],[0.10600630939006805,-0.986821174621582,-0.12225737422704697,0.7352750301361084],[0.25704655051231384,0.14596617221832275,-0.9553120136260986,2.9603309631347656]],"camera1":[[0.9605673551559448,0.06984324753284454,0.2691323459148407,0.08876180648803711],[0.10600630939006805,-0.986821174621582,-0.12225737422704697,0.7352750301361084],[0.25704655051231384,0.14596617221832275,-0.9553120136260986,2.9603309631347656]],"full_resolution":[2064,2272],"relative_focal_length":[0.4356694221496582,0.4339345097541809],"screen_center":[0.6212562918663025,0.5965937376022339],"visualized_dimension":-1}]}
{"camera":{"aperture_size":0.0,"autofocus":false,"autofocus_depth":0.0,"autofocus_target":[0.5,0.5,0.5],"fov_axis":1,"matrix":[[0.8826864957809448,0.049861662089824677,0.46730974316596985,-2.2857983112335205],[0.05900026112794876,-0.9982459545135498,-0.00493150670081377,0.4444662034511566],[0.46624407172203064,0.03192437067627907,-0.8840800523757935,3.153705596923828]],"relative_focal_length":[1.429425835609436,1.4300788640975952],"scale":2.9744157791137695,"screen_center":[0.5024623870849609,0.5059808492660522],"zoom":1.0},"frame":12,"views":[{"camera0":[[0.9636463522911072,0.0719284862279892,0.2573169767856598,-0.08207488059997559],[0.10952102392911911,-0.9847918152809143,-0.13487233221530914,0.7078313231468201],[0.24370244145393372,0.15815085172653198,-0.9568687081336975,2.9531607627868652]],"camera1":[[0.9636463522911072,0.0719284862279892,0.2573169767856598,-0.08207488059997559],[0.10952102392911911,-0.9847918152809143,-0.13487233221530914,0.7078313231468201],[0.24370244145393372,0.15815085172653198,-0.9568687081336975,2.9531607627868652]],"full_resolution":[2064,2272],"relative_focal_length":[0.4356694221496582,0.4339345097541809],"screen_center":[0.3787437081336975,0.5965937376022339],"visualized_dimension":-1},{"camera0":[[0.9636463522911072,0.0719284862279892,0.2573169767856598,0.09314513206481934],[0.10952102392911911,-0.9847918152809143,-0.13487233221530914,0.7277455925941467],[0.24370244145393372,0.15815085172653198,-0.9568687081336975,2.9974732398986816]],"camera1":[[0.9636463522911072,0.0719284862279892,0.2573169767856598,0.09314513206481934],[0.10952102392911911,-0.9847918152809143,-0.13487233221530914,0.7277455925941467],[0.24370244145393372,0.15815085172653198,-0.9568687081336975,2.9974732398986816]],"full_resolution":[2064,2272],"relative_focal_length":[0.4356694221496582,0.4339345097541809],"screen_center":[0.6212562918663025,0.5965937376022339],"visualized_dimension":-1}]}
{"camera":{"aperture_size":0.0,"autofocus":false,"autofocus_depth":0.0,"autofocus_target":[0.5,0.5,0.5],"fov_axis":1,"matrix":[[0.8826864957809448,0.049861662089824677,0.46730974316596985,-2.2857983112335205],[0.05900026112794876,-0.9982459545135498,-0.00493150670081377,0.4444662034511566],[0.46624407172203064,0.03192437067627907,-0.8840800523757935,3.153705596923828]],"relative_focal_length":[1.429425835609436,1.4300788640975952],"scale":2.9744157791137695,"screen_center":[0.5024623870849609,0.5059808492660522],"zoom":1.0},"frame":13,"views":[{"camera0":[[0.967033326625824,0.07339929789304733,0.24384236335754395,-0.08884239196777344],[0.10909700393676758,-0.9846466183662415,-0.13626867532730103,0.707372784614563],[0.23009644448757172,0.15837882459163666,-0.9601937532424927,2.976461410522461]],"camera1":[[0.967033326625824,0.07339929789304733,0.24384236335754395,-0.08884239196777344],[0.10909700393676758,-0.9846466183662415,-0.13626867532730103,0.707372784614563],[0.23009644448757172,0.15837882459163666,-0.9601937532424927,2.976461410522461]],"full_resolution":[2064,2272],"relative_focal_length":[0.4356694221496582,0.4339345097541809],"screen_center":[0.3787437081336975,0.5965937376022339],"visualized_dimension":-1},{"camera0":[[0.967033326625824,0.07339929789304733,0.24384236335754395,0.08699345588684082],[0.10909700393676758,-0.9846466183662415,-0.13626867532730103,0.7272099256515503],[0.23009644448757172,0.15837882459163666,-0.9601937532424927,3.0182998180389404]],"camera1":[[0.967033326625824,0.07339929789304733,0.24384236335754395,0.08699345588684082],[0.10909700393676758,-0.9846466183662415,-0.13626867532730103,0.7272099256515503],[0.23009644448757172,0.15837882459163666,-0.9601937532424927,3.0182998180389404]],"full_resolution":[2064,2272],"relative_focal_length":[0.4356694221496582,0.4339345097541809],"screen_center":[0.6212562918663025,0.5965937376022339],"visualized_dimension":-1}]}
{"camera":{"aperture_size":0.0,"autofocus":false,"autofocus_depth":0.0,"autofocus_target":[0.5,0.5,0.5],"fov_axis":1,"matrix":[[0.8826864957809448,0.049861662089824677,0.46730974316596985,-2.2857983112335205],[0.05900026112794876,-0.9982459545135498,-0.00493150670081377,0.4444662034511566],[0.46624407172203064,0.03192437067627907,-0.8840800523757935,3.153705596923828]],"relative_focal_length":[1.429425835609436,1.4300788640975952],"scale":2.9744157791137695,"screen_center":[0.5024623870849609,0.5059808492660522],"zoom":1.0},"frame":13,"views":[{"camera0":[[0.9739727973937988,0.07509352266788483,0.21386440098285675,-0.0958099365234375],[0.10583038628101349,-0.9850265383720398,-0.1360994130373001,0.7110812067985535],[0.20044182240962982,0.15519046783447266,-0.9673361778259277,3.0210421085357666]],"camera1":[[0.9739727973937988,0.07509352266788483,0.21386440098285675,-0.0958099365234375],[0.10583038628101349,-0.9850265383720398,-0.1360994130373001,0.7110812067985535],[0.20044182240962982,0.15519046783447266,-0.9673361778259277,3.0210421085357666]],"full_resolution":[2064,2272],"relative_focal_length":[0.4356694221496582,0.4339345097541809],"screen_center":[0.3787437081336975,0.5965937376022339],"visualized_dimension":-1},{"camera0":[[0.9739727973937988,0.07509352266788483,0.21386440098285675,0.08128762245178223],[0.10583038628101349,-0.9850265383720398,-0.1360994130373001,0.730324387550354],[0.20044182240962982,0.15519046783447266,-0.9673361778259277,3.057488441467285]],"camera1":[[0.9739727973937988,0.07509352266788483,0.21386440098285675,0.08128762245178223],[0.10583038628101349,-0.9850265383720398,-0.1360994130373001,0.730324387550354],[0.20044182240962982,0.15519046783447266,-0.9673361778259277,3.057488441467285]],"full_resolution":[2064,2272],"relative_focal_length":[0.4356694221496582,0.4339345097541809],"screen_center":[0.6212562918663025,0.5965937376022339],"visualized_dimension":-1}]}
{"camera":{"aperture_size":0.0,"autofocus":false,"autofocus_depth":0.0,"autofocus_target":[0.5,0.5,0.5],"fov_axis":1,"matrix":[[0.8826864957809448,0.049861662089824677,0.46730974316596985,-2.2857983112335205],[0.05900026112794876,-0.9982459545135498,-0.00493150670081377,0.4444662034511566],[0.46624407172203064,0.03192437067627907,-0.8840800523757935,3.153705596923828]],"relative_focal_length":[1.429425835609436,1.4300788640975952],"scale":2.9744157791137695,"screen_center":[0.5024623870849609,0.5059808492660522],"zoom":1.0},"frame":14,"views":[{"camera0":[[0.9802531599998474,0.09231141954660416,0.17487823963165283,-0.10290002822875977],[0.1122252568602562,-0.9878379106521606,-0.1076202467083931,0.7222585082054138],[0.16281670331954956,0.1251208335161209,-0.9786908030509949,3.0618948936462402]],"camera1":[[0.9802531599998474,0.09231141954660416,0.17487823963165283,-0.10290002822875977],[0.1122252568602562,-0.9878379106521606,-0.1076202467083931,0.7222585082054138],[0.16281670331954956,0.1251208335161209,-0.9786908030509949,3.0618948936462402]],"full_resolution":[2064,2272],"relative_focal_length":[0.4356694221496582,0.4339345097541809],"screen_center":[0.3787437081336975,0.5965937376022339],"visualized_dimension":-1},{"camera0":[[0.9802531599998474,0.09231141954660416,0.17487823963165283,0.07533979415893555],[0.1122252568602562,-0.9878379106521606,-0.1076202467083931,0.7426644563674927],[0.16281670331954956,0.1251208335161209,-0.9786908030509949,3.0914998054504395]],"camera1":[[0.9802531599998474,0.09231141954660416,0.17487823963165283,0.07533979415893555],[0.1122252568602562,-0.9878379106521606,-0.1076202467083931,0.7426644563674927],[0.16281670331954956,0.1251208335161209,-0.9786908030509949,3.0914998054504395]],"full_resolution":[2064,2272],"relative_focal_length":[0.4356694221496582,0.4339345097541809],"screen_center":[0.6212562918663025,0.5965937376022339],"visualized_dimension":-1}]}
