{"camera":{"aperture_size":0.0,"autofocus":false,"autofocus_depth":0.0,"autofocus_target":[0.5,0.5,0.5],"fov_axis":1,"matrix":[[0.8826864957809448,0.049861662089824677,0.46730974316596985,-2.1396822929382324],[0.05900026112794876,-0.9982459545135498,-0.00493150670081377,0.6320286989212036],[0.46624407172203064,0.03192437067627907,-0.8840800523757935,0.8322023153305054]],"relative_focal_length":[1.429425835609436,1.4300788640975952],"scale":2.9744157791137695,"screen_center":[0.5024623870849609,0.5059808492660522],"zoom":1.0},"frame":1,"views":[{"camera0":[[0.9896713495254517,0.04902718961238861,0.13471081852912903,0.34610939025878906],[0.08290737867355347,-0.9623537063598633,-0.25884750485420227,0.8366866707801819],[0.11694881319999695,0.2673424482345581,-0.9564785957336426,0.9661826491355896]],"camera1":[[0.9896713495254517,0.04902718961238861,0.13471081852912903,0.34610939025878906],[0.08290737867355347,-0.9623537063598633,-0.25884750485420227,0.8366866707801819],[0.11694881319999695,0.2673424482345581,-0.9564785957336426,0.9661826491355896]],"full_resolution":[2064,2272],"relative_focal_length":[0.4356694221496582,0.4339345097541809],"screen_center":[0.3787437081336975,0.5965937376022339],"visualized_dimension":-1},{"camera0":[[0.9896713495254517,0.04902718961238861,0.13471081852912903,0.5260612964630127],[0.08290737867355347,-0.9623537063598633,-0.25884750485420227,0.8517617583274841],[0.11694881319999695,0.2673424482345581,-0.9564785957336426,0.9874473810195923]],"camera1":[[0.9896713495254517,0.04902718961238861,0.13471081852912903,0.5260612964630127],[0.08290737867355347,-0.9623537063598633,-0.25884750485420227,0.8517617583274841],[0.11694881319999695,0.2673424482345581,-0.9564785957336426,0.9874473810195923]],"full_resolution":[2064,2272],"relative_focal_length":[0.4356694221496582,0.4339345097541809],"screen_center":[0.6212562918663025,0.5965937376022339],"visualized_dimension":-1}]}
{"camera":{"aperture_size":0.0,"autofocus":false,"autofocus_depth":0.0,"autofocus_target":[0.5,0.5,0.5],"fov_axis":1,"matrix":[[0.8826864957809448,0.049861662089824677,0.46730974316596985,-2.112165927886963],[0.05900026112794876,-0.9982459545135498,-0.00493150670081377,0.640772819519043],[0.46624407172203064,0.03192437067627907,-0.8840800523757935,0.8086364269256592]],"relative_focal_length":[1.429425835609436,1.4300788640975952],"scale":2.9744157791137695,"screen_center":[0.5024623870849609,0.5059808492660522],"zoom":1.0},"frame":2,"views":[{"camera0":[[0.9814995527267456,0.030206315219402313,0.18906666338443756,0.3233468532562256],[0.08115959167480469,-0.9600094556808472,-0.2679465413093567,0.8369383811950684],[0.173412024974823,0.27833399176597595,-0.9447003602981567,0.9350116848945618]],"camera1":[[0.9814995527267456,0.030206315219402313,0.18906666338443756,0.3233468532562256],[0.08115959167480469,-0.9600094556808472,-0.2679465413093567,0.8369383811950684],[0.173412024974823,0.27833399176597595,-0.9447003602981567,0.9350116848945618]],"full_resolution":[2064,2272],"relative_focal_length":[0.4356694221496582,0.4339345097541809],"screen_center":[0.3787437081336975,0.5965937376022339],"visualized_dimension":-1},{"camera0":[[0.9814995527267456,0.030206315219402313,0.18906666338443756,0.5018131732940674],[0.08115959167480469,-0.9600094556808472,-0.2679465413093567,0.8516956567764282],[0.173412024974823,0.27833399176597595,-0.9447003602981567,0.9665431976318359]],"camera1":[[0.9814995527267456,0.030206315219402313,0.18906666338443756,0.5018131732940674],[0.08115959167480469,-0.9600094556808472,-0.2679465413093567,0.8516956567764282],[0.173412024974823,0.27833399176597595,-0.9447003602981567,0.9665431976318359]],"full_resolution":[2064,2272],"relative_focal_length":[0.4356694221496582,0.4339345097541809],"screen_center":[0.6212562918663025,0.5965937376022339],"visualized_dimension":-1}]}
{"camera":{"aperture_size":0.0,"autofocus":false,"autofocus_depth":0.0,"autofocus_target":[0.5,0.5,0.5],"fov_axis":1,"matrix":[[0.8826864957809448,0.049861662089824677,0.46730974316596985,-2.0748801231384277],[0.05900026112794876,-0.9982459545135498,-0.00493150670081377,0.6464475393295288],[0.46624407172203064,0.03192437067627907,-0.8840800523757935,0.8001384735107422]],"relative_focal_length":[1.429425835609436,1.4300788640975952],"scale":2.9744157791137695,"screen_center":[0.5024623870849609,0.5059808492660522],"zoom":1.0},"frame":2,"views":[{"camera0":[[0.9681194424629211,0.022837258875370026,0.24944598972797394,0.35524487495422363],[0.09262917935848236,-0.9578842520713806,-0.2718050181865692,0.8435853123664856],[0.23273301124572754,0.2862456738948822,-0.9294617176055908,0.8964346647262573]],"camera1":[[0.9681194424629211,0.022837258875370026,0.24944598972797394,0.35524487495422363],[0.09262917935848236,-0.9578842520713806,-0.2718050181865692,0.8435853123664856],[0.23273301124572754,0.2862456738948822,-0.9294617176055908,0.8964346647262573]],"full_resolution":[2064,2272],"relative_focal_length":[0.4356694221496582,0.4339345097541809],"screen_center":[0.3787437081336975,0.5965937376022339],"visualized_dimension":-1},{"camera0":[[0.9681194424629211,0.022837258875370026,0.24944598972797394,0.5312783718109131],[0.09262917935848236,-0.9578842520713806,-0.2718050181865692,0.8604280948638916],[0.23273301124572754,0.2862456738948822,-0.9294617176055908,0.9387525320053101]],"camera1":[[0.9681194424629211,0.022837258875370026,0.24944598972797394,0.5312783718109131],[0.09262917935848236,-0.9578842520713806,-0.2718050181865692,0.8604280948638916],[0.23273301124572754,0.2862456738948822,-0.9294617176055908,0.9387525320053101]],"full_resolution":[2064,2272],"relative_focal_length":[0.4356694221496582,0.4339345097541809],"screen_center":[0.6212562918663025,0.5965937376022339],"visualized_dimension":-1}]}
{"camera":{"aperture_size":0.0,"autofocus":false,"autofocus_depth":0.0,"autofocus_target":[0.5,0.5,0.5],"fov_axis":1,"matrix":[[0.8826864957809448,0.049861662089824677,0.46730974316596985,-2.0090150833129883],[0.05900026112794876,-0.9982459545135498,-0.00493150670081377,0.6528022289276123],[0.46624407172203064,0.03192437067627907,-0.8840800523757935,0.7884355783462524]],"relative_focal_length":[1.429425835609436,1.4300788640975952],"scale":2.9744157791137695,"screen_center":[0.5024623870849609,0.5059808492660522],"zoom":1.0},"frame":3,"views":[{"camera0":[[0.9585734009742737,0.00408993661403656,0.2848161458969116,0.39235734939575195],[0.08385735750198364,-0.9596371054649353,-0.2684488892555237,0.8461313247680664],[0.2722221314907074,0.28121188282966614,-0.9202256202697754,0.873377799987793]],"camera1":[[0.9585734009742737,0.00408993661403656,0.2848161458969116,0.39235734939575195],[0.08385735750198364,-0.9596371054649353,-0.2684488892555237,0.8461313247680664],[0.2722221314907074,0.28121188282966614,-0.9202256202697754,0.873377799987793]],"full_resolution":[2064,2272],"relative_focal_length":[0.4356694221496582,0.4339345097541809],"screen_center":[0.3787437081336975,0.5965937376022339],"visualized_dimension":-1},{"camera0":[[0.9585734009742737,0.00408993661403656,0.2848161458969116,0.5666549205780029],[0.08385735750198364,-0.9596371054649353,-0.2684488892555237,0.8613791465759277],[0.2722221314907074,0.28121188282966614,-0.9202256202697754,0.9228758811950684]],"camera1":[[0.9585734009742737,0.00408993661403656,0.2848161458969116,0.5666549205780029],[0.08385735750198364,-0.9596371054649353,-0.2684488892555237,0.8613791465759277],[0.2722221314907074,0.28121188282966614,-0.9202256202697754,0.9228758811950684]],"full_resolution":[2064,2272],"relative_focal_length":[0.4356694221496582,0.4339345097541809],"screen_center":[0.6212562918663025,0.5965937376022339],"visualized_dimension":-1}]}
{"camera":{"aperture_size":0.0,"autofocus":false,"autofocus_depth":0.0,"autofocus_target":[0.5,0.5,0.5],"fov_axis":1,"matrix":[[0.8826864957809448,0.049861662089824677,0.46730974316596985,-1.9508514404296875],[0.05900026112794876,-0.9982459545135498,-0.00493150670081377,0.6441144943237305],[0.46624407172203064,0.03192437067627907,-0.8840800523757935,0.7748998999595642]],"relative_focal_length":[1.429425835609436,1.4300788640975952],"scale":2.9744157791137695,"screen_center":[0.5024623870849609,0.5059808492660522],"zoom":1.0},"frame":4,"views":[{"camera0":[[0.9583603143692017,-0.01324077695608139,0.28525465726852417,0.45032668113708496],[0.07070781290531158,-0.9568150043487549,-0.28196752071380615,0.8471633791923523],[0.27666932344436646,0.29039621353149414,-0.9160373210906982,0.8487732410430908]],"camera1":[[0.9583603143692017,-0.01324077695608139,0.28525465726852417,0.45032668113708496],[0.07070781290531158,-0.9568150043487549,-0.28196752071380615,0.8471633791923523],[0.27666932344436646,0.29039621353149414,-0.9160373210906982,0.8487732410430908]],"full_resolution":[2064,2272],"relative_focal_length":[0.4356694221496582,0.4339345097541809],"screen_center":[0.3787437081336975,0.5965937376022339],"visualized_dimension":-1},{"camera0":[[0.9583603143692017,-0.01324077695608139,0.28525465726852417,0.6245856285095215],[0.07070781290531158,-0.9568150043487549,-0.28196752071380615,0.8600201606750488],[0.27666932344436646,0.29039621353149414,-0.9160373210906982,0.8990800380706787]],"camera1":[[0.9583603143692017,-0.01324077695608139,0.28525465726852417,0.6245856285095215],[0.07070781290531158,-0.9568150043487549,-0.28196752071380615,0.8600201606750488],[0.27666932344436646,0.29039621353149414,-0.9160373210906982,0.8990800380706787]],"full_resolution":[2064,2272],"relative_focal_length":[0.4356694221496582,0.4339345097541809],"screen_center":[0.6212562918663025,0.5965937376022339],"visualized_dimension":-1}]}
{"camera":{"aperture_size":0.0,"autofocus":false,"autofocus_depth":0.0,"autofocus_target":[0.5,0.5,0.5],"fov_axis":1,"matrix":[[0.8826864957809448,0.049861662089824677,0.46730974316596985,-1.9215565919876099],[0.05900026112794876,-0.9982459545135498,-0.00493150670081377,0.6423138380050659],[0.46624407172203064,0.03192437067627907,-0.8840800523757935,0.768926203250885]],"relative_focal_length":[1.429425835609436,1.4300788640975952],"scale":2.9744157791137695,"screen_center":[0.5024623870849609,0.5059808492660522],"zoom":1.0},"frame":5,"views":[{"camera0":[[0.9563050270080566,-0.01341518759727478,0.2920629382133484,0.500596284866333],[0.07367739081382751,-0.9556506276130676,-0.28513824939727783,0.836565375328064],[0.282935231924057,0.29419752955436707,-0.9129050374031067,0.8176270723342896]],"camera1":[[0.9563050270080566,-0.01341518759727478,0.2920629382133484,0.500596284866333],[0.07367739081382751,-0.9556506276130676,-0.28513824939727783,0.836565375328064],[0.282935231924057,0.29419752955436707,-0.9129050374031067,0.8176270723342896]],"full_resolution":[2064,2272],"relative_focal_length":[0.4356694221496582,0.4339345097541809],"screen_center":[0.3787437081336975,0.5965937376022339],"visualized_dimension":-1},{"camera0":[[0.9563050270080566,-0.01341518759727478,0.2920629382133484,0.6744811534881592],[0.07367739081382751,-0.9556506276130676,-0.28513824939727783,0.8499621748924255],[0.282935231924057,0.29419752955436707,-0.9129050374031067,0.8690733313560486]],"camera1":[[0.9563050270080566,-0.01341518759727478,0.2920629382133484,0.6744811534881592],[0.07367739081382751,-0.9556506276130676,-0.28513824939727783,0.8499621748924255],[0.282935231924057,0.29419752955436707,-0.9129050374031067,0.8690733313560486]],"full_resolution":[2064,2272],"relative_focal_length":[0.4356694221496582,0.4339345097541809],"screen_center":[0.6212562918663025,0.5965937376022339],"visualized_dimension":-1}]}
{"camera":{"aperture_size":0.0,"autofocus":false,"autofocus_depth":0.0,"autofocus_target":[0.5,0.5,0.5],"fov_axis":1,"matrix":[[0.8826864957809448,0.049861662089824677,0.46730974316596985,-1.911690354347229],[0.05900026112794876,-0.9982459545135498,-0.00493150670081377,0.6440718770027161],[0.46624407172203064,0.03192437067627907,-0.8840800523757935,0.7705121040344238]],"relative_focal_length":[1.429425835609436,1.4300788640975952],"scale":2.9744157791137695,"screen_center":[0.5024623870849609,0.5059808492660522],"zoom":1.0},"frame":6,"views":[{"camera0":[[0.954586386680603,-0.017596237361431122,0.2974143326282501,0.5199989080429077],[0.07300975173711777,-0.9540016651153564,-0.2907761335372925,0.8265717625617981],[0.28885018825531006,0.29928505420684814,-0.9093922972679138,0.7966499328613281]],"camera1":[[0.954586386680603,-0.017596237361431122,0.2974143326282501,0.5199989080429077],[0.07300975173711777,-0.9540016651153564,-0.2907761335372925,0.8265717625617981],[0.28885018825531006,0.29928505420684814,-0.9093922972679138,0.7966499328613281]],"full_resolution":[2064,2272],"relative_focal_length":[0.4356694221496582,0.4339345097541809],"screen_center":[0.3787437081336975,0.5965937376022339],"visualized_dimension":-1},{"camera0":[[0.954586386680603,-0.017596237361431122,0.2974143326282501,0.6935716867446899],[0.07300975173711777,-0.9540016651153564,-0.2907761335372925,0.8398471474647522],[0.28885018825531006,0.29928505420684814,-0.9093922972679138,0.8491716384887695]],"camera1":[[0.954586386680603,-0.017596237361431122,0.2974143326282501,0.6935716867446899],[0.07300975173711777,-0.9540016651153564,-0.2907761335372925,0.8398471474647522],[0.28885018825531006,0.29928505420684814,-0.9093922972679138,0.8491716384887695]],"full_resolution":[2064,2272],"relative_focal_length":[0.4356694221496582,0.4339345097541809],"screen_center":[0.6212562918663025,0.5965937376022339],"visualized_dimension":-1}]}
{"camera":{"aperture_size":0.0,"autofocus":false,"autofocus_depth":0.0,"autofocus_target":[0.5,0.5,0.5],"fov_axis":1,"matrix":[[0.8826864957809448,0.049861662089824677,0.46730974316596985,-1.9068058729171753],[0.05900026112794876,-0.9982459545135498,-0.00493150670081377,0.6475429534912109],[0.46624407172203064,0.03192437067627907,-0.8840800523757935,0.7709980607032776]],"relative_focal_length":[1.429425835609436,1.4300788640975952],"scale":2.9744157791137695,"screen_center":[0.5024623870849609,0.5059808492660522],"zoom":1.0},"frame":7,"views":[{"camera0":[[0.9596702456474304,-0.018102377653121948,0.280544638633728,0.5148540735244751],[0.07101436704397202,-0.9499518275260925,-0.3042181432247162,0.8229048252105713],[0.2720109224319458,0.31187179684638977,-0.9103550910949707,0.7837969064712524]],"camera1":[[0.9596702456474304,-0.018102377653121948,0.280544638633728,0.5148540735244751],[0.07101436704397202,-0.9499518275260925,-0.3042181432247162,0.8229048252105713],[0.2720109224319458,0.31187179684638977,-0.9103550910949707,0.7837969064712524]],"full_resolution":[2064,2272],"relative_focal_length":[0.4356694221496582,0.4339345097541809],"screen_center":[0.3787437081336975,0.5965937376022339],"visualized_dimension":-1},{"camera0":[[0.9596702456474304,-0.018102377653121948,0.280544638633728,0.6893512010574341],[0.07101436704397202,-0.9499518275260925,-0.3042181432247162,0.8358173370361328],[0.2720109224319458,0.31187179684638977,-0.9103550910949707,0.8332567811012268]],"camera1":[[0.9596702456474304,-0.018102377653121948,0.280544638633728,0.6893512010574341],[0.07101436704397202,-0.9499518275260925,-0.3042181432247162,0.8358173370361328],[0.2720109224319458,0.31187179684638977,-0.9103550910949707,0.8332567811012268]],"full_resolution":[2064,2272],"relative_focal_length":[0.4356694221496582,0.4339345097541809],"screen_center":[0.6212562918663025,0.5965937376022339],"visualized_dimension":-1}]}
{"camera":{"aperture_size":0.0,"autofocus":false,"autofocus_depth":0.0,"autofocus_target":[0.5,0.5,0.5],"fov_axis":1,"matrix":[[0.8826864957809448,0.049861662089824677,0.46730974316596985,-1.9019147157669067],[0.05900026112794876,-0.9982459545135498,-0.00493150670081377,0.6491342782974243],[0.46624407172203064,0.03192437067627907,-0.8840800523757935,0.7710544466972351]],"relative_focal_length":[1.429425835609436,1.4300788640975952],"scale":2.9744157791137695,"screen_center":[0.5024623870849609,0.5059808492660522],"zoom":1.0},"frame":7,"views":[{"camera0":[[0.9650832414627075,-0.01775011420249939,0.26134103536605835,0.5041640996932983],[0.06703593581914902,-0.947740375995636,-0.31192097067832947,0.8200126886367798],[0.25321996212005615,0.3185490071773529,-0.9134584665298462,0.7729936242103577]],"camera1":[[0.9650832414627075,-0.01775011420249939,0.26134103536605835,0.5041640996932983],[0.06703593581914902,-0.947740375995636,-0.31192097067832947,0.8200126886367798],[0.25321996212005615,0.3185490071773529,-0.9134584665298462,0.7729936242103577]],"full_resolution":[2064,2272],"relative_focal_length":[0.4356694221496582,0.4339345097541809],"screen_center":[0.3787437081336975,0.5965937376022339],"visualized_dimension":-1},{"camera0":[[0.9650832414627075,-0.01775011420249939,0.26134103536605835,0.6796456575393677],[0.06703593581914902,-0.947740375995636,-0.31192097067832947,0.8322018980979919],[0.25321996212005615,0.3185490071773529,-0.9134584665298462,0.8190366625785828]],"camera1":[[0.9650832414627075,-0.01775011420249939,0.26134103536605835,0.6796456575393677],[0.06703593581914902,-0.947740375995636,-0.31192097067832947,0.8322018980979919],[0.25321996212005615,0.3185490071773529,-0.9134584665298462,0.8190366625785828]],"full_resolution":[2064,2272],"relative_focal_length":[0.4356694221496582,0.4339345097541809],"screen_center":[0.6212562918663025,0.5965937376022339],"visualized_dimension":-1}]}
{"camera":{"aperture_size":0.0,"autofocus":false,"autofocus_depth":0.0,"autofocus_target":[0.5,0.5,0.5],"fov_axis":1,"matrix":[[0.8826864957809448,0.049861662089824677,0.46730974316596985,-1.8915292024612427],[0.05900026112794876,-0.9982459545135498,-0.00493150670081377,0.653387725353241],[0.46624407172203064,0.03192437067627907,-0.8840800523757935,0.771960973739624]],"relative_focal_length":[1.429425835609436,1.4300788640975952],"scale":2.9744157791137695,"screen_center":[0.5024623870849609,0.5059808492660522],"zoom":1.0},"frame":8,"views":[{"camera0":[[0.9684484004974365,-0.008028611540794373,0.24908475577831268,0.5006176233291626],[0.07308237254619598,-0.9463900923728943,-0.3146507143974304,0.8217962980270386],[0.23825746774673462,0.32292670011520386,-0.9159431457519531,0.7675105333328247]],"camera1":[[0.9684484004974365,-0.008028611540794373,0.24908475577831268,0.5006176233291626],[0.07308237254619598,-0.9463900923728943,-0.3146507143974304,0.8217962980270386],[0.23825746774673462,0.32292670011520386,-0.9159431457519531,0.7675105333328247]],"full_resolution":[2064,2272],"relative_focal_length":[0.4356694221496582,0.4339345097541809],"screen_center":[0.3787437081336975,0.5965937376022339],"visualized_dimension":-1},{"camera0":[[0.9684484004974365,-0.008028611540794373,0.24908475577831268,0.6767109632492065],[0.07308237254619598,-0.9463900923728943,-0.3146507143974304,0.835084855556488],[0.23825746774673462,0.32292670011520386,-0.9159431457519531,0.8108330368995667]],"camera1":[[0.9684484004974365,-0.008028611540794373,0.24908475577831268,0.6767109632492065],[0.07308237254619598,-0.9463900923728943,-0.3146507143974304,0.835084855556488],[0.23825746774673462,0.32292670011520386,-0.9159431457519531,0.8108330368995667]],"full_resolution":[2064,2272],"relative_focal_length":[0.4356694221496582,0.4339345097541809],"screen_center":[0.6212562918663025,0.5965937376022339],"visualized_dimension":-1}]}
{"camera":{"aperture_size":0.0,"autofocus":false,"autofocus_depth":0.0,"autofocus_target":[0.5,0.5,0.5],"fov_axis":1,"matrix":[[0.8826864957809448,0.049861662089824677,0.46730974316596985,-1.8817821741104126],[0.05900026112794876,-0.9982459545135498,-0.00493150670081377,0.6562408804893494],[0.46624407172203064,0.03192437067627907,-0.8840800523757935,0.7765083909034729]],"relative_focal_length":[1.429425835609436,1.4300788640975952],"scale":2.9744157791137695,"screen_center":[0.5024623870849609,0.5059808492660522],"zoom":1.0},"frame":9,"views":[{"camera0":[[0.9760604500770569,0.004110619425773621,0.21746069192886353,0.49208033084869385],[0.07608006149530411,-0.9431120157241821,-0.32365381717681885,0.8227365612983704],[0.2037593126296997,0.3324500322341919,-0.9208470582962036,0.7589256167411804]],"camera1":[[0.9760604500770569,0.004110619425773621,0.21746069192886353,0.49208033084869385],[0.07608006149530411,-0.9431120157241821,-0.32365381717681885,0.8227365612983704],[0.2037593126296997,0.3324500322341919,-0.9208470582962036,0.7589256167411804]],"full_resolution":[2064,2272],"relative_focal_length":[0.4356694221496582,0.4339345097541809],"screen_center":[0.3787437081336975,0.5965937376022339],"visualized_dimension":-1},{"camera0":[[0.9760604500770569,0.004110619425773621,0.21746069192886353,0.6695579290390015],[0.07608006149530411,-0.9431120157241821,-0.32365381717681885,0.8365702033042908],[0.2037593126296997,0.3324500322341919,-0.9208470582962036,0.7959752082824707]],"camera1":[[0.9760604500770569,0.004110619425773621,0.21746069192886353,0.6695579290390015],[0.07608006149530411,-0.9431120157241821,-0.32365381717681885,0.8365702033042908],[0.2037593126296997,0.3324500322341919,-0.9208470582962036,0.7959752082824707]],"full_resolution":[2064,2272],"relative_focal_length":[0.4356694221496582,0.4339345097541809],"screen_center":[0.6212562918663025,0.5965937376022339],"visualized_dimension":-1}]}
{"camera":{"aperture_size":0.0,"autofocus":false,"autofocus_depth":0.0,"autofocus_target":[0.5,0.5,0.5],"fov_axis":1,"matrix":[[0.8826864957809448,0.049861662089824677,0.46730974316596985,-1.8570029735565186],[0.05900026112794876,-0.9982459545135498,-0.00493150670081377,0.6560689210891724],[0.46624407172203064,0.03192437067627907,-0.8840800523757935,0.7847089767456055]],"relative_focal_length":[1.429425835609436,1.4300788640975952],"scale":2.9744157791137695,"screen_center":[0.5024623870849609,0.5059808492660522],"zoom":1.0},"frame":10,"views":[{"camera0":[[0.9853450059890747,0.023133903741836548,0.16899725794792175,0.4798945188522339],[0.07909806072711945,-0.9397662878036499,-0.3325405418872833,0.8235905170440674],[0.15112486481666565,0.341034471988678,-0.9278238415718079,0.7598106861114502]],"camera1":[[0.9853450059890747,0.023133903741836548,0.16899725794792175,0.4798945188522339],[0.07909806072711945,-0.9397662878036499,-0.3325405418872833,0.8235905170440674],[0.15112486481666565,0.341034471988678,-0.9278238415718079,0.7598106861114502]],"full_resolution":[2064,2272],"relative_focal_length":[0.4356694221496582,0.4339345097541809],"screen_center":[0.3787437081336975,0.5965937376022339],"visualized_dimension":-1},{"camera0":[[0.9853450059890747,0.023133903741836548,0.16899725794792175,0.6590598821640015],[0.07909806072711945,-0.9397662878036499,-0.3325405418872833,0.8379729390144348],[0.15112486481666565,0.341034471988678,-0.9278238415718079,0.7872896790504456]],"camera1":[[0.9853450059890747,0.023133903741836548,0.16899725794792175,0.6590598821640015],[0.07909806072711945,-0.9397662878036499,-0.3325405418872833,0.8379729390144348],[0.15112486481666565,0.341034471988678,-0.9278238415718079,0.7872896790504456]],"full_resolution":[2064,2272],"relative_focal_length":[0.4356694221496582,0.4339345097541809],"screen_center":[0.6212562918663025,0.5965937376022339],"visualized_dimension":-1}]}
{"camera":{"aperture_size":0.0,"autofocus":false,"autofocus_depth":0.0,"autofocus_target":[0.5,0.5,0.5],"fov_axis":1,"matrix":[[0.8826864957809448,0.049861662089824677,0.46730974316596985,-1.8301925659179688],[0.05900026112794876,-0.9982459545135498,-0.00493150670081377,0.647915244102478],[0.46624407172203064,0.03192437067627907,-0.8840800523757935,0.7829062342643738]],"relative_focal_length":[1.429425835609436,1.4300788640975952],"scale":2.9744157791137695,"screen_center":[0.5024623870849609,0.5059808492660522],"zoom":1.0},"frame":10,"views":[{"camera0":[[0.9923226833343506,0.04087522625923157,0.11672523617744446,0.4806711673736572],[0.07862827926874161,-0.9370169043540955,-0.3403193950653076,0.8214040398597717],[0.09546279907226563,0.346884548664093,-0.9330371022224426,0.7650551795959473]],"camera1":[[0.9923226833343506,0.04087522625923157,0.11672523617744446,0.4806711673736572],[0.07862827926874161,-0.9370169043540955,-0.3403193950653076,0.8214040398597717],[0.09546279907226563,0.346884548664093,-0.9330371022224426,0.7650551795959473]],"full_resolution":[2064,2272],"relative_focal_length":[0.4356694221496582,0.4339345097541809],"screen_center":[0.3787437081336975,0.5965937376022339],"visualized_dimension":-1},{"camera0":[[0.9923226833343506,0.04087522625923157,0.11672523617744446,0.6611056327819824],[0.07862827926874161,-0.9370169043540955,-0.3403193950653076,0.835701048374176],[0.09546279907226563,0.346884548664093,-0.9330371022224426,0.7824132442474365]],"camera1":[[0.9923226833343506,0.04087522625923157,0.11672523617744446,0.6611056327819824],[0.07862827926874161,-0.9370169043540955,-0.3403193950653076,0.835701048374176],[0.09546279907226563,0.346884548664093,-0.9330371022224426,0.7824132442474365]],"full_resolution":[2064,2272],"relative_focal_length":[0.4356694221496582,0.4339345097541809],"screen_center":[0.6212562918663025,0.5965937376022339],"visualized_dimension":-1}]}
{"camera":{"aperture_size":0.0,"autofocus":false,"autofocus_depth":0.0,"autofocus_target":[0.5,0.5,0.5],"fov_axis":1,"matrix":[[0.8826864957809448,0.049861662089824677,0.46730974316596985,-1.8072394132614136],[0.05900026112794876,-0.9982459545135498,-0.00493150670081377,0.6432033181190491],[0.46624407172203064,0.03192437067627907,-0.8840800523757935,0.7750788331031799]],"relative_focal_length":[1.429425835609436,1.4300788640975952],"scale":2.9744157791137695,"screen_center":[0.5024623870849609,0.5059808492660522],"zoom":1.0},"frame":11,"views":[{"camera0":[[0.9955653548240662,0.04737812280654907,0.08127102255821228,0.49761056900024414],[0.07208747416734695,-0.939277708530426,-0.33550143241882324,0.8134520053863525],[0.0604405403137207,0.33987224102020264,-0.9385276436805725,0.7627148032188416]],"camera1":[[0.9955653548240662,0.04737812280654907,0.08127102255821228,0.49761056900024414],[0.07208747416734695,-0.939277708530426,-0.33550143241882324,0.8134520053863525],[0.0604405403137207,0.33987224102020264,-0.9385276436805725,0.7627148032188416]],"full_resolution":[2064,2272],"relative_focal_length":[0.4356694221496582,0.4339345097541809],"screen_center":[0.3787437081336975,0.5965937376022339],"visualized_dimension":-1},{"camera0":[[0.9955653548240662,0.04737812280654907,0.08127102255821228,0.6786344051361084],[0.07208747416734695,-0.939277708530426,-0.33550143241882324,0.8265596628189087],[0.0604405403137207,0.33987224102020264,-0.9385276436805725,0.7737046480178833]],"camera1":[[0.9955653548240662,0.04737812280654907,0.08127102255821228,0.6786344051361084],[0.07208747416734695,-0.939277708530426,-0.33550143241882324,0.8265596628189087],[0.0604405403137207,0.33987224102020264,-0.9385276436805725,0.7737046480178833]],"full_resolution":[2064,2272],"relative_focal_length":[0.4356694221496582,0.4339345097541809],"screen_center":[0.6212562918663025,0.5965937376022339],"visualized_dimension":-1}]}
{"camera":{"aperture_size":0.0,"autofocus":false,"autofocus_depth":0.0,"autofocus_target":[0.5,0.5,0.5],"fov_axis":1,"matrix":[[0.8826864957809448,0.049861662089824677,0.46730974316596985,-1.7557350397109985],[0.05900026112794876,-0.9982459545135498,-0.00493150670081377,0.640863835811615],[0.46624407172203064,0.03192437067627907,-0.8840800523757935,0.7577928304672241]],"relative_focal_length":[1.429425835609436,1.4300788640975952],"scale":2.9744157791137695,"screen_center":[0.5024623870849609,0.5059808492660522],"zoom":1.0},"frame":12,"views":[{"camera0":[[0.9970874786376953,0.07462485134601593,0.01573997735977173,0.4997307062149048],[0.07548816502094269,-0.936248779296875,-0.3431329131126404,0.8038206100463867],[-0.010869801044464111,0.34332171082496643,-0.939155101776123,0.7574577331542969]],"camera1":[[0.9970874786376953,0.07462485134601593,0.01573997735977173,0.4997307062149048],[0.07548816502094269,-0.936248779296875,-0.3431329131126404,0.8038206100463867],[-0.010869801044464111,0.34332171082496643,-0.939155101776123,0.7574577331542969]],"full_resolution":[2064,2272],"relative_focal_length":[0.4356694221496582,0.4339345097541809],"screen_center":[0.3787437081336975,0.5965937376022339],"visualized_dimension":-1},{"camera0":[[0.9970874786376953,0.07462485134601593,0.01573997735977173,0.6810315847396851],[0.07548816502094269,-0.936248779296875,-0.3431329131126404,0.8175466060638428],[-0.010869801044464111,0.34332171082496643,-0.939155101776123,0.7554812431335449]],"camera1":[[0.9970874786376953,0.07462485134601593,0.01573997735977173,0.6810315847396851],[0.07548816502094269,-0.936248779296875,-0.3431329131126404,0.8175466060638428],[-0.010869801044464111,0.34332171082496643,-0.939155101776123,0.7554812431335449]],"full_resolution":[2064,2272],"relative_focal_length":[0.4356694221496582,0.4339345097541809],"screen_center":[0.6212562918663025,0.5965937376022339],"visualized_dimension":-1}]}
{"camera":{"aperture_size":0.0,"autofocus":false,"autofocus_depth":0.0,"autofocus_target":[0.5,0.5,0.5],"fov_axis":1,"matrix":[[0.8826864957809448,0.049861662089824677,0.46730974316596985,-1.7009705305099487],[0.05900026112794876,-0.9982459545135498,-0.00493150670081377,0.6438519954681396],[0.46624407172203064,0.03192437067627907,-0.8840800523757935,0.7386997938156128]],"relative_focal_length":[1.429425835609436,1.4300788640975952],"scale":2.9744157791137695,"screen_center":[0.5024623870849609,0.5059808492660522],"zoom":1.0},"frame":13,"views":[{"camera0":[[0.9956212043762207,0.08805295079946518,-0.031383633613586426,0.5364652872085571],[0.07171875238418579,-0.9348574876785278,-0.3477042317390442,0.8004626035690308],[-0.05995568633079529,0.3439309597015381,-0.9370789527893066,0.7400175929069519]],"camera1":[[0.9956212043762207,0.08805295079946518,-0.031383633613586426,0.5364652872085571],[0.07171875238418579,-0.9348574876785278,-0.3477042317390442,0.8004626035690308],[-0.05995568633079529,0.3439309597015381,-0.9370789527893066,0.7400175929069519]],"full_resolution":[2064,2272],"relative_focal_length":[0.4356694221496582,0.4339345097541809],"screen_center":[0.3787437081336975,0.5965937376022339],"visualized_dimension":-1},{"camera0":[[0.9956212043762207,0.08805295079946518,-0.031383633613586426,0.7174993753433228],[0.07171875238418579,-0.9348574876785278,-0.3477042317390442,0.8135032057762146],[-0.05995568633079529,0.3439309597015381,-0.9370789527893066,0.7291157245635986]],"camera1":[[0.9956212043762207,0.08805295079946518,-0.031383633613586426,0.7174993753433228],[0.07171875238418579,-0.9348574876785278,-0.3477042317390442,0.8135032057762146],[-0.05995568633079529,0.3439309597015381,-0.9370789527893066,0.7291157245635986]],"full_resolution":[2064,2272],"relative_focal_length":[0.4356694221496582,0.4339345097541809],"screen_center":[0.6212562918663025,0.5965937376022339],"visualized_dimension":-1}]}
{"camera":{"aperture_size":0.0,"autofocus":false,"autofocus_depth":0.0,"autofocus_target":[0.5,0.5,0.5],"fov_axis":1,"matrix":[[0.8826864957809448,0.049861662089824677,0.46730974316596985,-1.6474026441574097],[0.05900026112794876,-0.9982459545135498,-0.00493150670081377,0.6473013758659363],[0.46624407172203064,0.03192437067627907,-0.8840800523757935,0.7224187254905701]],"relative_focal_length":[1.429425835609436,1.4300788640975952],"scale":2.9744157791137695,"screen_center":[0.5024623870849609,0.5059808492660522],"zoom":1.0},"frame":14,"views":[{"camera0":[[0.990871787071228,0.1080256998538971,-0.08064448833465576,0.5779198408126831],[0.07174262404441833,-0.9290336966514587,-0.3629733920097351,0.7994933724403381],[-0.11413198709487915,0.35387444496154785,-0.9283032417297363,0.7245252728462219]],"camera1":[[0.990871787071228,0.1080256998538971,-0.08064448833465576,0.5779198408126831],[0.07174262404441833,-0.9290336966514587,-0.3629733920097351,0.7994933724403381],[-0.11413198709487915,0.35387444496154785,-0.9283032417297363,0.7245252728462219]],"full_resolution":[2064,2272],"relative_focal_length":[0.4356694221496582,0.4339345097541809],"screen_center":[0.3787437081336975,0.5965937376022339],"visualized_dimension":-1},{"camera0":[[0.990871787071228,0.1080256998538971,-0.08064448833465576,0.758090615272522],[0.07174262404441833,-0.9290336966514587,-0.3629733920097351,0.8125383257865906],[-0.11413198709487915,0.35387444496154785,-0.9283032417297363,0.7037727236747742]],"camera1":[[0.990871787071228,0.1080256998538971,-0.08064448833465576,0.758090615272522],[0.07174262404441833,-0.9290336966514587,-0.3629733920097351,0.8125383257865906],[-0.11413198709487915,0.35387444496154785,-0.9283032417297363,0.7037727236747742]],"full_resolution":[2064,2272],"relative_focal_length":[0.4356694221496582,0.4339345097541809],"screen_center":[0.6212562918663025,0.5965937376022339],"visualized_dimension":-1}]}
{"camera":{"aperture_size":0.0,"autofocus":false,"autofocus_depth":0.0,"autofocus_target":[0.5,0.5,0.5],"fov_axis":1,"matrix":[[0.8826864957809448,0.049861662089824677,0.46730974316596985,-1.5956618785858154],[0.05900026112794876,-0.9982459545135498,-0.00493150670081377,0.6510822772979736],[0.46624407172203064,0.03192437067627907,-0.8840800523757935,0.7035823464393616]],"relative_focal_length":[1.429425835609436,1.4300788640975952],"scale":2.9744157791137695,"screen_center":[0.5024623870849609,0.5059808492660522],"zoom":1.0},"frame":15,"views":[{"camera0":[[0.9823005795478821,0.1303234100341797,-0.1345415711402893,0.6152206659317017],[0.07212139666080475,-0.9260483980178833,-0.37044981122016907,0.7993736267089844],[-0.17287036776542664,0.35418975353240967,-0.9190570116043091,0.7095922827720642]],"camera1":[[0.9823005795478821,0.1303234100341797,-0.1345415711402893,0.6152206659317017],[0.07212139666080475,-0.9260483980178833,-0.37044981122016907,0.7993736267089844],[-0.17287036776542664,0.35418975353240967,-0.9190570116043091,0.7095922827720642]],"full_resolution":[2064,2272],"relative_focal_length":[0.4356694221496582,0.4339345097541809],"screen_center":[0.3787437081336975,0.5965937376022339],"visualized_dimension":-1},{"camera0":[[0.9823005795478821,0.1303234100341797,-0.1345415711402893,0.7938328981399536],[0.07212139666080475,-0.9260483980178833,-0.37044981122016907,0.8124874830245972],[-0.17287036776542664,0.35418975353240967,-0.9190570116043091,0.678159236907959]],"camera1":[[0.9823005795478821,0.1303234100341797,-0.1345415711402893,0.7938328981399536],[0.07212139666080475,-0.9260483980178833,-0.37044981122016907,0.8124874830245972],[-0.17287036776542664,0.35418975353240967,-0.9190570116043091,0.678159236907959]],"full_resolution":[2064,2272],"relative_focal_length":[0.4356694221496582,0.4339345097541809],"screen_center":[0.6212562918663025,0.5965937376022339],"visualized_dimension":-1}]}
{"camera":{"aperture_size":0.0,"autofocus":false,"autofocus_depth":0.0,"autofocus_target":[0.5,0.5,0.5],"fov_axis":1,"matrix":[[0.8826864957809448,0.049861662089824677,0.46730974316596985,-1.554657220840454],[0.05900026112794876,-0.9982459545135498,-0.00493150670081377,0.6582643389701843],[0.46624407172203064,0.03192437067627907,-0.8840800523757935,0.6756954789161682]],"relative_focal_length":[1.429425835609436,1.4300788640975952],"scale":2.9744157791137695,"screen_center":[0.5024623870849609,0.5059808492660522],"zoom":1.0},"frame":16,"views":[{"camera0":[[0.966749906539917,0.14979344606399536,-0.20726007223129272,0.651979923248291],[0.06432973593473434,-0.9268739223480225,-0.3698199689388275,0.8023239374160767],[-0.24750065803527832,0.34419041872024536,-0.9056912660598755,0.6942053437232971]],"camera1":[[0.966749906539917,0.14979344606399536,-0.20726007223129272,0.651979923248291],[0.06432973593473434,-0.9268739223480225,-0.3698199689388275,0.8023239374160767],[-0.24750065803527832,0.34419041872024536,-0.9056912660598755,0.6942053437232971]],"full_resolution":[2064,2272],"relative_focal_length":[0.4356694221496582,0.4339345097541809],"screen_center":[0.3787437081336975,0.5965937376022339],"visualized_dimension":-1},{"camera0":[[0.966749906539917,0.14979344606399536,-0.20726007223129272,0.8277642726898193],[0.06432973593473434,-0.9268739223480225,-0.3698199689388275,0.8140210509300232],[-0.24750065803527832,0.34419041872024536,-0.9056912660598755,0.6492021083831787]],"camera1":[[0.966749906539917,0.14979344606399536,-0.20726007223129272,0.8277642726898193],[0.06432973593473434,-0.9268739223480225,-0.3698199689388275,0.8140210509300232],[-0.24750065803527832,0.34419041872024536,-0.9056912660598755,0.6492021083831787]],"full_resolution":[2064,2272],"relative_focal_length":[0.4356694221496582,0.4339345097541809],"screen_center":[0.6212562918663025,0.5965937376022339],"visualized_dimension":-1}]}
{"camera":{"aperture_size":0.0,"autofocus":false,"autofocus_depth":0.0,"autofocus_target":[0.5,0.5,0.5],"fov_axis":1,"matrix":[[0.8826864957809448,0.049861662089824677,0.46730974316596985,-1.5148932933807373],[0.05900026112794876,-0.9982459545135498,-0.00493150670081377,0.6659409403800964],[0.46624407172203064,0.03192437067627907,-0.8840800523757935,0.6502466797828674]],"relative_focal_length":[1.429425835609436,1.4300788640975952],"scale":2.9744157791137695,"screen_center":[0.5024623870849609,0.5059808492660522],"zoom":1.0},"frame":17,"views":[{"camera0":[[0.9497860670089722,0.1706785410642624,-0.2622501254081726,0.6793129444122314],[0.06241732835769653,-0.9246307611465454,-0.3757157623767853,0.8066163659095764],[-0.30661115050315857,0.34048065543174744,-0.8888547420501709,0.6702704429626465]],"camera1":[[0.9497860670089722,0.1706785410642624,-0.2622501254081726,0.6793129444122314],[0.06241732835769653,-0.9246307611465454,-0.3757157623767853,0.8066163659095764],[-0.30661115050315857,0.34048065543174744,-0.8888547420501709,0.6702704429626465]],"full_resolution":[2064,2272],"relative_focal_length":[0.4356694221496582,0.4339345097541809],"screen_center":[0.3787437081336975,0.5965937376022339],"visualized_dimension":-1},{"camera0":[[0.9497860670089722,0.1706785410642624,-0.2622501254081726,0.8520126342773438],[0.06241732835769653,-0.9246307611465454,-0.3757157623767853,0.8179657459259033],[-0.30661115050315857,0.34048065543174744,-0.8888547420501709,0.6145191788673401]],"camera1":[[0.9497860670089722,0.1706785410642624,-0.2622501254081726,0.8520126342773438],[0.06241732835769653,-0.9246307611465454,-0.3757157623767853,0.8179657459259033],[-0.30661115050315857,0.34048065543174744,-0.8888547420501709,0.6145191788673401]],"full_resolution":[2064,2272],"relative_focal_length":[0.4356694221496582,0.4339345097541809],"screen_center":[0.6212562918663025,0.5965937376022339],"visualized_dimension":-1}]}
