{"camera":{"aperture_size":0.0,"autofocus":false,"autofocus_depth":0.0,"autofocus_target":[0.5,0.5,0.5],"fov_axis":1,"matrix":[[0.09874086081981659,-0.9948440194129944,0.023155394941568375,-0.346612811088562],[3.259629011154175e-09,0.023268690332770348,0.9997292160987854,-0.06726489216089249],[-0.9951127171516418,-0.09871428459882736,0.0022974065504968166,1.1745069026947021]],"relative_focal_length":[1.0,1.0],"scale":0.06303935497999191,"screen_center":[0.4165223240852356,0.30558639764785767],"zoom":1.0},"frame":1,"views":[{"camera0":[[0.10541439801454544,-0.9858922362327576,0.1300184279680252,-0.34976354241371155],[0.09629674255847931,0.14025229215621948,0.9854218363761902,-0.2624688148498535],[-0.9897544384002686,-0.09135748445987701,0.10972260683774948,1.188840627670288]],"camera1":[[0.10541439801454544,-0.9858922362327576,0.1300184279680252,-0.34976354241371155],[0.09629674255847931,0.14025229215621948,0.9854218363761902,-0.2624688148498535],[-0.9897544384002686,-0.09135748445987701,0.10972260683774948,1.188840627670288]],"full_resolution":[2064,2272],"relative_focal_length":[0.4356694221496582,0.4339345097541809],"screen_center":[0.3787437081336975,0.5965937376022339],"visualized_dimension":-1},{"camera0":[[0.10541439801454544,-0.9858922362327576,0.1300184279680252,-0.3493591248989105],[0.09629674255847931,0.14025229215621948,0.9854218363761902,-0.26209938526153564],[-0.9897544384002686,-0.09135748445987701,0.10972260683774948,1.185043454170227]],"camera1":[[0.10541439801454544,-0.9858922362327576,0.1300184279680252,-0.3493591248989105],[0.09629674255847931,0.14025229215621948,0.9854218363761902,-0.26209938526153564],[-0.9897544384002686,-0.09135748445987701,0.10972260683774948,1.185043454170227]],"full_resolution":[2064,2272],"relative_focal_length":[0.4356694221496582,0.4339345097541809],"screen_center":[0.6212562918663025,0.5965937376022339],"visualized_dimension":-1}]}
{"camera":{"aperture_size":0.0,"autofocus":false,"autofocus_depth":0.0,"autofocus_target":[0.5,0.5,0.5],"fov_axis":1,"matrix":[[0.09874086081981659,-0.9948440194129944,0.023155394941568375,-0.346612811088562],[3.259629011154175e-09,0.023268690332770348,0.9997292160987854,-0.06726489216089249],[-0.9951127171516418,-0.09871428459882736,0.0022974065504968166,1.1745069026947021]],"relative_focal_length":[1.0,1.0],"scale":0.06303935497999191,"screen_center":[0.4165223240852356,0.30558639764785767],"zoom":1.0},"frame":2,"views":[{"camera0":[[0.1003062054514885,-0.9864205121994019,0.13005304336547852,-0.34973159432411194],[0.057216040790081024,0.1362142562866211,0.9890258312225342,-0.26219046115875244],[-0.9933096766471863,-0.09176447242498398,0.0701020210981369,1.188281536102295]],"camera1":[[0.1003062054514885,-0.9864205121994019,0.13005304336547852,-0.34973159432411194],[0.057216040790081024,0.1362142562866211,0.9890258312225342,-0.26219046115875244],[-0.9933096766471863,-0.09176447242498398,0.0701020210981369,1.188281536102295]],"full_resolution":[2064,2272],"relative_focal_length":[0.4356694221496582,0.4339345097541809],"screen_center":[0.3787437081336975,0.5965937376022339],"visualized_dimension":-1},{"camera0":[[0.1003062054514885,-0.9864205121994019,0.13005304336547852,-0.34934675693511963],[0.057216040790081024,0.1362142562866211,0.9890258312225342,-0.2619709372520447],[-0.9933096766471863,-0.09176447242498398,0.0701020210981369,1.184470772743225]],"camera1":[[0.1003062054514885,-0.9864205121994019,0.13005304336547852,-0.34934675693511963],[0.057216040790081024,0.1362142562866211,0.9890258312225342,-0.2619709372520447],[-0.9933096766471863,-0.09176447242498398,0.0701020210981369,1.184470772743225]],"full_resolution":[2064,2272],"relative_focal_length":[0.4356694221496582,0.4339345097541809],"screen_center":[0.6212562918663025,0.5965937376022339],"visualized_dimension":-1}]}
{"camera":{"aperture_size":0.0,"autofocus":false,"autofocus_depth":0.0,"autofocus_target":[0.5,0.5,0.5],"fov_axis":1,"matrix":[[0.09874086081981659,-0.9948440194129944,0.023155394941568375,-0.346612811088562],[3.259629011154175e-09,0.023268690332770348,0.9997292160987854,-0.06726489216089249],[-0.9951127171516418,-0.09871428459882736,0.0022974065504968166,1.1745069026947021]],"relative_focal_length":[1.0,1.0],"scale":0.06303935497999191,"screen_center":[0.4165223240852356,0.30558639764785767],"zoom":1.0},"frame":3,"views":[{"camera0":[[0.09754157066345215,-0.9870343804359436,0.12747293710708618,-0.34970197081565857],[0.03694869950413704,0.1315864473581314,0.9906158447265625,-0.26197144389152527],[-0.9945448637008667,-0.09191645681858063,0.04930461198091507,1.1877015829086304]],"camera1":[[0.09754157066345215,-0.9870343804359436,0.12747293710708618,-0.34970197081565857],[0.03694869950413704,0.1315864473581314,0.9906158447265625,-0.26197144389152527],[-0.9945448637008667,-0.09191645681858063,0.04930461198091507,1.1877015829086304]],"full_resolution":[2064,2272],"relative_focal_length":[0.4356694221496582,0.4339345097541809],"screen_center":[0.3787437081336975,0.5965937376022339],"visualized_dimension":-1},{"camera0":[[0.09754157066345215,-0.9870343804359436,0.12747293710708618,-0.34932777285575867],[0.03694869950413704,0.1315864473581314,0.9906158447265625,-0.2618297040462494],[-0.9945448637008667,-0.09191645681858063,0.04930461198091507,1.1838860511779785]],"camera1":[[0.09754157066345215,-0.9870343804359436,0.12747293710708618,-0.34932777285575867],[0.03694869950413704,0.1315864473581314,0.9906158447265625,-0.2618297040462494],[-0.9945448637008667,-0.09191645681858063,0.04930461198091507,1.1838860511779785]],"full_resolution":[2064,2272],"relative_focal_length":[0.4356694221496582,0.4339345097541809],"screen_center":[0.6212562918663025,0.5965937376022339],"visualized_dimension":-1}]}
{"camera":{"aperture_size":0.0,"autofocus":false,"autofocus_depth":0.0,"autofocus_target":[0.5,0.5,0.5],"fov_axis":1,"matrix":[[0.09874086081981659,-0.9948440194129944,0.023155394941568375,-0.346612811088562],[3.259629011154175e-09,0.023268690332770348,0.9997292160987854,-0.06726489216089249],[-0.9951127171516418,-0.09871428459882736,0.0022974065504968166,1.1745069026947021]],"relative_focal_length":[1.0,1.0],"scale":0.06303935497999191,"screen_center":[0.4165223240852356,0.30558639764785767],"zoom":1.0},"frame":3,"views":[{"camera0":[[0.09750946611166,-0.9869294166564941,0.12830737233161926,-0.34966379404067993],[-0.014130350202322006,0.1275353878736496,0.9917333126068115,-0.2615160346031189],[-0.9951338768005371,-0.09851659089326859,-0.0015098890289664268,1.1864476203918457]],"camera1":[[0.09750946611166,-0.9869294166564941,0.12830737233161926,-0.34966379404067993],[-0.014130350202322006,0.1275353878736496,0.9917333126068115,-0.2615160346031189],[-0.9951338768005371,-0.09851659089326859,-0.0015098890289664268,1.1864476203918457]],"full_resolution":[2064,2272],"relative_focal_length":[0.4356694221496582,0.4339345097541809],"screen_center":[0.3787437081336975,0.5965937376022339],"visualized_dimension":-1},{"camera0":[[0.09750946611166,-0.9869294166564941,0.12830737233161926,-0.3492897152900696],[-0.014130350202322006,0.1275353878736496,0.9917333126068115,-0.2615702450275421],[-0.9951338768005371,-0.09851659089326859,-0.0015098890289664268,1.1826298236846924]],"camera1":[[0.09750946611166,-0.9869294166564941,0.12830737233161926,-0.3492897152900696],[-0.014130350202322006,0.1275353878736496,0.9917333126068115,-0.2615702450275421],[-0.9951338768005371,-0.09851659089326859,-0.0015098890289664268,1.1826298236846924]],"full_resolution":[2064,2272],"relative_focal_length":[0.4356694221496582,0.4339345097541809],"screen_center":[0.6212562918663025,0.5965937376022339],"visualized_dimension":-1}]}
{"camera":{"aperture_size":0.0,"autofocus":false,"autofocus_depth":0.0,"autofocus_target":[0.5,0.5,0.5],"fov_axis":1,"matrix":[[0.09874086081981659,-0.9948440194129944,0.023155394941568375,-0.346612811088562],[3.259629011154175e-09,0.023268690332770348,0.9997292160987854,-0.06726489216089249],[-0.9951127171516418,-0.09871428459882736,0.0022974065504968166,1.1745069026947021]],"relative_focal_length":[1.0,1.0],"scale":0.06303935497999191,"screen_center":[0.4165223240852356,0.30558639764785767],"zoom":1.0},"frame":4,"views":[{"camera0":[[0.09969082474708557,-0.986991286277771,0.1261368691921234,-0.34968698024749756],[-0.022586023434996605,0.1244906336069107,0.9919636845588684,-0.2614426910877228],[-0.99476158618927,-0.10173876583576202,-0.009881766512989998,1.1860867738723755]],"camera1":[[0.09969082474708557,-0.986991286277771,0.1261368691921234,-0.34968698024749756],[-0.022586023434996605,0.1244906336069107,0.9919636845588684,-0.2614426910877228],[-0.99476158618927,-0.10173876583576202,-0.009881766512989998,1.1860867738723755]],"full_resolution":[2064,2272],"relative_focal_length":[0.4356694221496582,0.4339345097541809],"screen_center":[0.3787437081336975,0.5965937376022339],"visualized_dimension":-1},{"camera0":[[0.09969082474708557,-0.986991286277771,0.1261368691921234,-0.34930452704429626],[-0.022586023434996605,0.1244906336069107,0.9919636845588684,-0.2615293264389038],[-0.99476158618927,-0.10173876583576202,-0.009881766512989998,1.1822704076766968]],"camera1":[[0.09969082474708557,-0.986991286277771,0.1261368691921234,-0.34930452704429626],[-0.022586023434996605,0.1244906336069107,0.9919636845588684,-0.2615293264389038],[-0.99476158618927,-0.10173876583576202,-0.009881766512989998,1.1822704076766968]],"full_resolution":[2064,2272],"relative_focal_length":[0.4356694221496582,0.4339345097541809],"screen_center":[0.6212562918663025,0.5965937376022339],"visualized_dimension":-1}]}
{"camera":{"aperture_size":0.0,"autofocus":false,"autofocus_depth":0.0,"autofocus_target":[0.5,0.5,0.5],"fov_axis":1,"matrix":[[0.09874086081981659,-0.9948440194129944,0.023155394941568375,-0.346612811088562],[3.259629011154175e-09,0.023268690332770348,0.9997292160987854,-0.06726489216089249],[-0.9951127171516418,-0.09871428459882736,0.0022974065504968166,1.1745069026947021]],"relative_focal_length":[1.0,1.0],"scale":0.06303935497999191,"screen_center":[0.4165223240852356,0.30558639764785767],"zoom":1.0},"frame":5,"views":[{"camera0":[[0.10133078694343567,-0.9871525168418884,0.1235416978597641,-0.3497220277786255],[-0.041114505380392075,0.11991904675960541,0.9919318556785583,-0.26126793026924133],[-0.9940024018287659,-0.1055927649140358,-0.028434917330741882,1.1853597164154053]],"camera1":[[0.10133078694343567,-0.9871525168418884,0.1235416978597641,-0.3497220277786255],[-0.041114505380392075,0.11991904675960541,0.9919318556785583,-0.26126793026924133],[-0.9940024018287659,-0.1055927649140358,-0.028434917330741882,1.1853597164154053]],"full_resolution":[2064,2272],"relative_focal_length":[0.4356694221496582,0.4339345097541809],"screen_center":[0.3787437081336975,0.5965937376022339],"visualized_dimension":-1},{"camera0":[[0.10133078694343567,-0.9871525168418884,0.1235416978597641,-0.3493332862854004],[-0.041114505380392075,0.11991904675960541,0.9919318556785583,-0.261425644159317],[-0.9940024018287659,-0.1055927649140358,-0.028434917330741882,1.1815463304519653]],"camera1":[[0.10133078694343567,-0.9871525168418884,0.1235416978597641,-0.3493332862854004],[-0.041114505380392075,0.11991904675960541,0.9919318556785583,-0.261425644159317],[-0.9940024018287659,-0.1055927649140358,-0.028434917330741882,1.1815463304519653]],"full_resolution":[2064,2272],"relative_focal_length":[0.4356694221496582,0.4339345097541809],"screen_center":[0.6212562918663025,0.5965937376022339],"visualized_dimension":-1}]}
{"camera":{"aperture_size":0.0,"autofocus":false,"autofocus_depth":0.0,"autofocus_target":[0.5,0.5,0.5],"fov_axis":1,"matrix":[[0.09874086081981659,-0.9948440194129944,0.023155394941568375,-0.346612811088562],[3.259629011154175e-09,0.023268690332770348,0.9997292160987854,-0.06726489216089249],[-0.9951127171516418,-0.09871428459882736,0.0022974065504968166,1.1745069026947021]],"relative_focal_length":[1.0,1.0],"scale":0.06303935497999191,"screen_center":[0.4165223240852356,0.30558639764785767],"zoom":1.0},"frame":6,"views":[{"camera0":[[0.1017695739865303,-0.9875180721282959,0.12021452188491821,-0.34978920221328735],[-0.06065921112895012,0.11445663869380951,0.9915745258331299,-0.26109030842781067],[-0.9929564595222473,-0.10820440948009491,-0.04825397953391075,1.1845866441726685]],"camera1":[[0.1017695739865303,-0.9875180721282959,0.12021452188491821,-0.34978920221328735],[-0.06065921112895012,0.11445663869380951,0.9915745258331299,-0.26109030842781067],[-0.9929564595222473,-0.10820440948009491,-0.04825397953391075,1.1845866441726685]],"full_resolution":[2064,2272],"relative_focal_length":[0.4356694221496582,0.4339345097541809],"screen_center":[0.3787437081336975,0.5965937376022339],"visualized_dimension":-1},{"camera0":[[0.1017695739865303,-0.9875180721282959,0.12021452188491821,-0.34939876198768616],[-0.06065921112895012,0.11445663869380951,0.9915745258331299,-0.2613230347633362],[-0.9929564595222473,-0.10820440948009491,-0.04825397953391075,1.1807771921157837]],"camera1":[[0.1017695739865303,-0.9875180721282959,0.12021452188491821,-0.34939876198768616],[-0.06065921112895012,0.11445663869380951,0.9915745258331299,-0.2613230347633362],[-0.9929564595222473,-0.10820440948009491,-0.04825397953391075,1.1807771921157837]],"full_resolution":[2064,2272],"relative_focal_length":[0.4356694221496582,0.4339345097541809],"screen_center":[0.6212562918663025,0.5965937376022339],"visualized_dimension":-1}]}
{"camera":{"aperture_size":0.0,"autofocus":false,"autofocus_depth":0.0,"autofocus_target":[0.5,0.5,0.5],"fov_axis":1,"matrix":[[0.09874086081981659,-0.9948440194129944,0.023155394941568375,-0.346612811088562],[3.259629011154175e-09,0.023268690332770348,0.9997292160987854,-0.06726489216089249],[-0.9951127171516418,-0.09871428459882736,0.0022974065504968166,1.1745069026947021]],"relative_focal_length":[1.0,1.0],"scale":0.06303935497999191,"screen_center":[0.4165223240852356,0.30558639764785767],"zoom":1.0},"frame":7,"views":[{"camera0":[[0.10225171595811844,-0.9883739948272705,0.11252561211585999,-0.34985974431037903],[-0.07182693481445313,0.10548707842826843,0.9918231964111328,-0.26102006435394287],[-0.9921615123748779,-0.10949815809726715,-0.06020573899149895,1.1841565370559692]],"camera1":[[0.10225171595811844,-0.9883739948272705,0.11252561211585999,-0.34985974431037903],[-0.07182693481445313,0.10548707842826843,0.9918231964111328,-0.26102006435394287],[-0.9921615123748779,-0.10949815809726715,-0.06020573899149895,1.1841565370559692]],"full_resolution":[2064,2272],"relative_focal_length":[0.4356694221496582,0.4339345097541809],"screen_center":[0.3787437081336975,0.5965937376022339],"visualized_dimension":-1},{"camera0":[[0.10225171595811844,-0.9883739948272705,0.11252561211585999,-0.3494674563407898],[-0.07182693481445313,0.10548707842826843,0.9918231964111328,-0.2612955868244171],[-0.9921615123748779,-0.10949815809726715,-0.06020573899149895,1.1803501844406128]],"camera1":[[0.10225171595811844,-0.9883739948272705,0.11252561211585999,-0.3494674563407898],[-0.07182693481445313,0.10548707842826843,0.9918231964111328,-0.2612955868244171],[-0.9921615123748779,-0.10949815809726715,-0.06020573899149895,1.1803501844406128]],"full_resolution":[2064,2272],"relative_focal_length":[0.4356694221496582,0.4339345097541809],"screen_center":[0.6212562918663025,0.5965937376022339],"visualized_dimension":-1}]}
{"camera":{"aperture_size":0.0,"autofocus":false,"autofocus_depth":0.0,"autofocus_target":[0.5,0.5,0.5],"fov_axis":1,"matrix":[[0.09874086081981659,-0.9948440194129944,0.023155394941568375,-0.346612811088562],[3.259629011154175e-09,0.023268690332770348,0.9997292160987854,-0.06726489216089249],[-0.9951127171516418,-0.09871428459882736,0.0022974065504968166,1.1745069026947021]],"relative_focal_length":[1.0,1.0],"scale":0.06303935497999191,"screen_center":[0.4165223240852356,0.30558639764785767],"zoom":1.0},"frame":7,"views":[{"camera0":[[0.10422860831022263,-0.9889805316925049,0.10514029115438461,-0.34992164373397827],[-0.09048473834991455,0.09584759920835495,0.9912748336791992,-0.26086825132369995],[-0.9904281497001648,-0.1128329336643219,-0.07949767261743546,1.1833298206329346]],"camera1":[[0.10422860831022263,-0.9889805316925049,0.10514029115438461,-0.34992164373397827],[-0.09048473834991455,0.09584759920835495,0.9912748336791992,-0.26086825132369995],[-0.9904281497001648,-0.1128329336643219,-0.07949767261743546,1.1833298206329346]],"full_resolution":[2064,2272],"relative_focal_length":[0.4356694221496582,0.4339345097541809],"screen_center":[0.3787437081336975,0.5965937376022339],"visualized_dimension":-1},{"camera0":[[0.10422860831022263,-0.9889805316925049,0.10514029115438461,-0.34952178597450256],[-0.09048473834991455,0.09584759920835495,0.9912748336791992,-0.2612153887748718],[-0.9904281497001648,-0.1128329336643219,-0.07949767261743546,1.1795300245285034]],"camera1":[[0.10422860831022263,-0.9889805316925049,0.10514029115438461,-0.34952178597450256],[-0.09048473834991455,0.09584759920835495,0.9912748336791992,-0.2612153887748718],[-0.9904281497001648,-0.1128329336643219,-0.07949767261743546,1.1795300245285034]],"full_resolution":[2064,2272],"relative_focal_length":[0.4356694221496582,0.4339345097541809],"screen_center":[0.6212562918663025,0.5965937376022339],"visualized_dimension":-1}]}
{"camera":{"aperture_size":0.0,"autofocus":false,"autofocus_depth":0.0,"autofocus_target":[0.5,0.5,0.5],"fov_axis":1,"matrix":[[0.09874086081981659,-0.9948440194129944,0.023155394941568375,-0.346612811088562],[3.259629011154175e-09,0.023268690332770348,0.9997292160987854,-0.06726489216089249],[-0.9951127171516418,-0.09871428459882736,0.0022974065504968166,1.1745069026947021]],"relative_focal_length":[1.0,1.0],"scale":0.06303935497999191,"screen_center":[0.4165223240852356,0.30558639764785767],"zoom":1.0},"frame":7,"views":[{"camera0":[[0.10473475605249405,-0.9889665246009827,0.1047680675983429,-0.3498983383178711],[-0.09693314135074615,0.09469379484653473,0.9907759428024292,-0.2607806324958801],[-0.9897644519805908,-0.11392433196306229,-0.0859459862112999,1.18294095993042]],"camera1":[[0.10473475605249405,-0.9889665246009827,0.1047680675983429,-0.3498983383178711],[-0.09693314135074615,0.09469379484653473,0.9907759428024292,-0.2607806324958801],[-0.9897644519805908,-0.11392433196306229,-0.0859459862112999,1.18294095993042]],"full_resolution":[2064,2272],"relative_focal_length":[0.4356694221496582,0.4339345097541809],"screen_center":[0.3787437081336975,0.5965937376022339],"visualized_dimension":-1},{"camera0":[[0.10473475605249405,-0.9889665246009827,0.1047680675983429,-0.3494965136051178],[-0.09693314135074615,0.09469379484653473,0.9907759428024292,-0.2611525058746338],[-0.9897644519805908,-0.11392433196306229,-0.0859459862112999,1.1791437864303589]],"camera1":[[0.10473475605249405,-0.9889665246009827,0.1047680675983429,-0.3494965136051178],[-0.09693314135074615,0.09469379484653473,0.9907759428024292,-0.2611525058746338],[-0.9897644519805908,-0.11392433196306229,-0.0859459862112999,1.1791437864303589]],"full_resolution":[2064,2272],"relative_focal_length":[0.4356694221496582,0.4339345097541809],"screen_center":[0.6212562918663025,0.5965937376022339],"visualized_dimension":-1}]}
{"camera":{"aperture_size":0.0,"autofocus":false,"autofocus_depth":0.0,"autofocus_target":[0.5,0.5,0.5],"fov_axis":1,"matrix":[[0.09874086081981659,-0.9948440194129944,0.023155394941568375,-0.346612811088562],[3.259629011154175e-09,0.023268690332770348,0.9997292160987854,-0.06726489216089249],[-0.9951127171516418,-0.09871428459882736,0.0022974065504968166,1.1745069026947021]],"relative_focal_length":[1.0,1.0],"scale":0.06303935497999191,"screen_center":[0.4165223240852356,0.30558639764785767],"zoom":1.0},"frame":8,"views":[{"camera0":[[0.10555605590343475,-0.9895404577255249,0.09832693636417389,-0.3498460054397583],[-0.09869246184825897,0.0879659503698349,0.9912223219871521,-0.26070162653923035],[-0.9895032644271851,-0.11433380842208862,-0.08837492763996124,1.1825692653656006]],"camera1":[[0.10555605590343475,-0.9895404577255249,0.09832693636417389,-0.3498460054397583],[-0.09869246184825897,0.0879659503698349,0.9912223219871521,-0.26070162653923035],[-0.9895032644271851,-0.11433380842208862,-0.08837492763996124,1.1825692653656006]],"full_resolution":[2064,2272],"relative_focal_length":[0.4356694221496582,0.4339345097541809],"screen_center":[0.3787437081336975,0.5965937376022339],"visualized_dimension":-1},{"camera0":[[0.10555605590343475,-0.9895404577255249,0.09832693636417389,-0.3494410514831543],[-0.09869246184825897,0.0879659503698349,0.9912223219871521,-0.261080265045166],[-0.9895032644271851,-0.11433380842208862,-0.08837492763996124,1.178773045539856]],"camera1":[[0.10555605590343475,-0.9895404577255249,0.09832693636417389,-0.3494410514831543],[-0.09869246184825897,0.0879659503698349,0.9912223219871521,-0.261080265045166],[-0.9895032644271851,-0.11433380842208862,-0.08837492763996124,1.178773045539856]],"full_resolution":[2064,2272],"relative_focal_length":[0.4356694221496582,0.4339345097541809],"screen_center":[0.6212562918663025,0.5965937376022339],"visualized_dimension":-1}]}
{"camera":{"aperture_size":0.0,"autofocus":false,"autofocus_depth":0.0,"autofocus_target":[0.5,0.5,0.5],"fov_axis":1,"matrix":[[0.09874086081981659,-0.9948440194129944,0.023155394941568375,-0.346612811088562],[3.259629011154175e-09,0.023268690332770348,0.9997292160987854,-0.06726489216089249],[-0.9951127171516418,-0.09871428459882736,0.0022974065504968166,1.1745069026947021]],"relative_focal_length":[1.0,1.0],"scale":0.06303935497999191,"screen_center":[0.4165223240852356,0.30558639764785767],"zoom":1.0},"frame":9,"views":[{"camera0":[[0.10553158819675446,-0.9902840852737427,0.09056008607149124,-0.3498046100139618],[-0.11140697449445724,0.07872102409601212,0.9906519651412964,-0.2605389356613159],[-0.9881551861763,-0.11463426053524017,-0.10201706737279892,1.1817646026611328]],"camera1":[[0.10553158819675446,-0.9902840852737427,0.09056008607149124,-0.3498046100139618],[-0.11140697449445724,0.07872102409601212,0.9906519651412964,-0.2605389356613159],[-0.9881551861763,-0.11463426053524017,-0.10201706737279892,1.1817646026611328]],"full_resolution":[2064,2272],"relative_focal_length":[0.4356694221496582,0.4339345097541809],"screen_center":[0.3787437081336975,0.5965937376022339],"visualized_dimension":-1},{"camera0":[[0.10553158819675446,-0.9902840852737427,0.09056008607149124,-0.34939974546432495],[-0.11140697449445724,0.07872102409601212,0.9906519651412964,-0.26096633076667786],[-0.9881551861763,-0.11463426053524017,-0.10201706737279892,1.1779736280441284]],"camera1":[[0.10553158819675446,-0.9902840852737427,0.09056008607149124,-0.34939974546432495],[-0.11140697449445724,0.07872102409601212,0.9906519651412964,-0.26096633076667786],[-0.9881551861763,-0.11463426053524017,-0.10201706737279892,1.1779736280441284]],"full_resolution":[2064,2272],"relative_focal_length":[0.4356694221496582,0.4339345097541809],"screen_center":[0.6212562918663025,0.5965937376022339],"visualized_dimension":-1}]}
{"camera":{"aperture_size":0.0,"autofocus":false,"autofocus_depth":0.0,"autofocus_target":[0.5,0.5,0.5],"fov_axis":1,"matrix":[[0.09874086081981659,-0.9948440194129944,0.023155394941568375,-0.346612811088562],[3.259629011154175e-09,0.023268690332770348,0.9997292160987854,-0.06726489216089249],[-0.9951127171516418,-0.09871428459882736,0.0022974065504968166,1.1745069026947021]],"relative_focal_length":[1.0,1.0],"scale":0.06303935497999191,"screen_center":[0.4165223240852356,0.30558639764785767],"zoom":1.0},"frame":9,"views":[{"camera0":[[0.10263515263795853,-0.9908068776130676,0.0881386324763298,-0.34973031282424927],[-0.1209367960691452,0.0755196362733841,0.9897833466529846,-0.2604323923587799],[-0.9873395562171936,-0.11224592477083206,-0.11207409203052521,1.1813491582870483]],"camera1":[[0.10263515263795853,-0.9908068776130676,0.0881386324763298,-0.34973031282424927],[-0.1209367960691452,0.0755196362733841,0.9897833466529846,-0.2604323923587799],[-0.9873395562171936,-0.11224592477083206,-0.11207409203052521,1.1813491582870483]],"full_resolution":[2064,2272],"relative_focal_length":[0.4356694221496582,0.4339345097541809],"screen_center":[0.3787437081336975,0.5965937376022339],"visualized_dimension":-1},{"camera0":[[0.10263515263795853,-0.9908068776130676,0.0881386324763298,-0.34933656454086304],[-0.1209367960691452,0.0755196362733841,0.9897833466529846,-0.26089632511138916],[-0.9873395562171936,-0.11224592477083206,-0.11207409203052521,1.1775612831115723]],"camera1":[[0.10263515263795853,-0.9908068776130676,0.0881386324763298,-0.34933656454086304],[-0.1209367960691452,0.0755196362733841,0.9897833466529846,-0.26089632511138916],[-0.9873395562171936,-0.11224592477083206,-0.11207409203052521,1.1775612831115723]],"full_resolution":[2064,2272],"relative_focal_length":[0.4356694221496582,0.4339345097541809],"screen_center":[0.6212562918663025,0.5965937376022339],"visualized_dimension":-1}]}
{"camera":{"aperture_size":0.0,"autofocus":false,"autofocus_depth":0.0,"autofocus_target":[0.5,0.5,0.5],"fov_axis":1,"matrix":[[0.09874086081981659,-0.9948440194129944,0.023155394941568375,-0.346612811088562],[3.259629011154175e-09,0.023268690332770348,0.9997292160987854,-0.06726489216089249],[-0.9951127171516418,-0.09871428459882736,0.0022974065504968166,1.1745069026947021]],"relative_focal_length":[1.0,1.0],"scale":0.06303935497999191,"screen_center":[0.4165223240852356,0.30558639764785767],"zoom":1.0},"frame":10,"views":[{"camera0":[[0.09507986158132553,-0.9923354387283325,0.07893523573875427,-0.349602073431015],[-0.14669501781463623,0.06446124613285065,0.9870791435241699,-0.2601875960826874],[-0.9846011400222778,-0.10543090850114822,-0.13944175839424133,1.1805015802383423]],"camera1":[[0.09507986158132553,-0.9923354387283325,0.07893523573875427,-0.349602073431015],[-0.14669501781463623,0.06446124613285065,0.9870791435241699,-0.2601875960826874],[-0.9846011400222778,-0.10543090850114822,-0.13944175839424133,1.1805015802383423]],"full_resolution":[2064,2272],"relative_focal_length":[0.4356694221496582,0.4339345097541809],"screen_center":[0.3787437081336975,0.5965937376022339],"visualized_dimension":-1},{"camera0":[[0.09507986158132553,-0.9923354387283325,0.07893523573875427,-0.349237322807312],[-0.14669501781463623,0.06446124613285065,0.9870791435241699,-0.2607503831386566],[-0.9846011400222778,-0.10543090850114822,-0.13944175839424133,1.1767241954803467]],"camera1":[[0.09507986158132553,-0.9923354387283325,0.07893523573875427,-0.349237322807312],[-0.14669501781463623,0.06446124613285065,0.9870791435241699,-0.2607503831386566],[-0.9846011400222778,-0.10543090850114822,-0.13944175839424133,1.1767241954803467]],"full_resolution":[2064,2272],"relative_focal_length":[0.4356694221496582,0.4339345097541809],"screen_center":[0.6212562918663025,0.5965937376022339],"visualized_dimension":-1}]}
{"camera":{"aperture_size":0.0,"autofocus":false,"autofocus_depth":0.0,"autofocus_target":[0.5,0.5,0.5],"fov_axis":1,"matrix":[[0.09874086081981659,-0.9948440194129944,0.023155394941568375,-0.346612811088562],[3.259629011154175e-09,0.023268690332770348,0.9997292160987854,-0.06726489216089249],[-0.9951127171516418,-0.09871428459882736,0.0022974065504968166,1.1745069026947021]],"relative_focal_length":[1.0,1.0],"scale":0.06303935497999191,"screen_center":[0.4165223240852356,0.30558639764785767],"zoom":1.0},"frame":10,"views":[{"camera0":[[0.08786693960428238,-0.9931643605232239,0.07684020698070526,-0.34959232807159424],[-0.18738213181495667,0.05928168445825577,0.9804965853691101,-0.2599179446697235],[-0.9783487915992737,-0.10055188834667206,-0.18089236319065094,1.1800135374069214]],"camera1":[[0.08786693960428238,-0.9931643605232239,0.07684020698070526,-0.34959232807159424],[-0.18738213181495667,0.05928168445825577,0.9804965853691101,-0.2599179446697235],[-0.9783487915992737,-0.10055188834667206,-0.18089236319065094,1.1800135374069214]],"full_resolution":[2064,2272],"relative_focal_length":[0.4356694221496582,0.4339345097541809],"screen_center":[0.3787437081336975,0.5965937376022339],"visualized_dimension":-1},{"camera0":[[0.08786693960428238,-0.9931643605232239,0.07684020698070526,-0.349255234003067],[-0.18738213181495667,0.05928168445825577,0.9804965853691101,-0.2606368362903595],[-0.9783487915992737,-0.10055188834667206,-0.18089236319065094,1.1762601137161255]],"camera1":[[0.08786693960428238,-0.9931643605232239,0.07684020698070526,-0.349255234003067],[-0.18738213181495667,0.05928168445825577,0.9804965853691101,-0.2606368362903595],[-0.9783487915992737,-0.10055188834667206,-0.18089236319065094,1.1762601137161255]],"full_resolution":[2064,2272],"relative_focal_length":[0.4356694221496582,0.4339345097541809],"screen_center":[0.6212562918663025,0.5965937376022339],"visualized_dimension":-1}]}
{"camera":{"aperture_size":0.0,"autofocus":false,"autofocus_depth":0.0,"autofocus_target":[0.5,0.5,0.5],"fov_axis":1,"matrix":[[0.09874086081981659,-0.9948440194129944,0.023155394941568375,-0.346612811088562],[3.259629011154175e-09,0.023268690332770348,0.9997292160987854,-0.06726489216089249],[-0.9951127171516418,-0.09871428459882736,0.0022974065504968166,1.1745069026947021]],"relative_focal_length":[1.0,1.0],"scale":0.06303935497999191,"screen_center":[0.4165223240852356,0.30558639764785767],"zoom":1.0},"frame":11,"views":[{"camera0":[[0.07487461715936661,-0.9954400062561035,0.059105925261974335,-0.34956443309783936],[-0.24882467091083527,0.038746755570173264,0.9677731394767761,-0.25951749086380005],[-0.9656496047973633,-0.08716882765293121,-0.24478884041309357,1.1790813207626343]],"camera1":[[0.07487461715936661,-0.9954400062561035,0.059105925261974335,-0.34956443309783936],[-0.24882467091083527,0.038746755570173264,0.9677731394767761,-0.25951749086380005],[-0.9656496047973633,-0.08716882765293121,-0.24478884041309357,1.1790813207626343]],"full_resolution":[2064,2272],"relative_focal_length":[0.4356694221496582,0.4339345097541809],"screen_center":[0.3787437081336975,0.5965937376022339],"visualized_dimension":-1},{"camera0":[[0.07487461715936661,-0.9954400062561035,0.059105925261974335,-0.34927716851234436],[-0.24882467091083527,0.038746755570173264,0.9677731394767761,-0.2604720890522003],[-0.9656496047973633,-0.08716882765293121,-0.24478884041309357,1.1753766536712646]],"camera1":[[0.07487461715936661,-0.9954400062561035,0.059105925261974335,-0.34927716851234436],[-0.24882467091083527,0.038746755570173264,0.9677731394767761,-0.2604720890522003],[-0.9656496047973633,-0.08716882765293121,-0.24478884041309357,1.1753766536712646]],"full_resolution":[2064,2272],"relative_focal_length":[0.4356694221496582,0.4339345097541809],"screen_center":[0.6212562918663025,0.5965937376022339],"visualized_dimension":-1}]}
{"camera":{"aperture_size":0.0,"autofocus":false,"autofocus_depth":0.0,"autofocus_target":[0.5,0.5,0.5],"fov_axis":1,"matrix":[[0.09874086081981659,-0.9948440194129944,0.023155394941568375,-0.346612811088562],[3.259629011154175e-09,0.023268690332770348,0.9997292160987854,-0.06726489216089249],[-0.9951127171516418,-0.09871428459882736,0.0022974065504968166,1.1745069026947021]],"relative_focal_length":[1.0,1.0],"scale":0.06303935497999191,"screen_center":[0.4165223240852356,0.30558639764785767],"zoom":1.0},"frame":11,"views":[{"camera0":[[0.05846532806754112,-0.9969226121902466,0.05222734808921814,-0.34952184557914734],[-0.315282940864563,0.031199321150779724,0.9484847187995911,-0.2591920793056488],[-0.9471945762634277,-0.07192004472017288,-0.3124885857105255,1.1785435676574707]],"camera1":[[0.05846532806754112,-0.9969226121902466,0.05222734808921814,-0.34952184557914734],[-0.315282940864563,0.031199321150779724,0.9484847187995911,-0.2591920793056488],[-0.9471945762634277,-0.07192004472017288,-0.3124885857105255,1.1785435676574707]],"full_resolution":[2064,2272],"relative_focal_length":[0.4356694221496582,0.4339345097541809],"screen_center":[0.3787437081336975,0.5965937376022339],"visualized_dimension":-1},{"camera0":[[0.05846532806754112,-0.9969226121902466,0.05222734808921814,-0.34929755330085754],[-0.315282940864563,0.031199321150779724,0.9484847187995911,-0.2604016363620758],[-0.9471945762634277,-0.07192004472017288,-0.3124885857105255,1.1749097108840942]],"camera1":[[0.05846532806754112,-0.9969226121902466,0.05222734808921814,-0.34929755330085754],[-0.315282940864563,0.031199321150779724,0.9484847187995911,-0.2604016363620758],[-0.9471945762634277,-0.07192004472017288,-0.3124885857105255,1.1749097108840942]],"full_resolution":[2064,2272],"relative_focal_length":[0.4356694221496582,0.4339345097541809],"screen_center":[0.6212562918663025,0.5965937376022339],"visualized_dimension":-1}]}
{"camera":{"aperture_size":0.0,"autofocus":false,"autofocus_depth":0.0,"autofocus_target":[0.5,0.5,0.5],"fov_axis":1,"matrix":[[0.09874086081981659,-0.9948440194129944,0.023155394941568375,-0.346612811088562],[3.259629011154175e-09,0.023268690332770348,0.9997292160987854,-0.06726489216089249],[-0.9951127171516418,-0.09871428459882736,0.0022974065504968166,1.1745069026947021]],"relative_focal_length":[1.0,1.0],"scale":0.06303935497999191,"screen_center":[0.4165223240852356,0.30558639764785767],"zoom":1.0},"frame":12,"views":[{"camera0":[[0.04771048575639725,-0.9978296756744385,0.04539039731025696,-0.34953445196151733],[-0.4205779731273651,0.0211490485817194,0.9070098400115967,-0.25865644216537476],[-0.906000554561615,-0.06236426159739494,-0.41865596175193787,1.1777197122573853]],"camera1":[[0.04771048575639725,-0.9978296756744385,0.04539039731025696,-0.34953445196151733],[-0.4205779731273651,0.0211490485817194,0.9070098400115967,-0.25865644216537476],[-0.906000554561615,-0.06236426159739494,-0.41865596175193787,1.1777197122573853]],"full_resolution":[2064,2272],"relative_focal_length":[0.4356694221496582,0.4339345097541809],"screen_center":[0.3787437081336975,0.5965937376022339],"visualized_dimension":-1},{"camera0":[[0.04771048575639725,-0.9978296756744385,0.04539039731025696,-0.3493514060974121],[-0.4205779731273651,0.0211490485817194,0.9070098400115967,-0.26026996970176697],[-0.906000554561615,-0.06236426159739494,-0.41865596175193787,1.1742438077926636]],"camera1":[[0.04771048575639725,-0.9978296756744385,0.04539039731025696,-0.3493514060974121],[-0.4205779731273651,0.0211490485817194,0.9070098400115967,-0.26026996970176697],[-0.906000554561615,-0.06236426159739494,-0.41865596175193787,1.1742438077926636]],"full_resolution":[2064,2272],"relative_focal_length":[0.4356694221496582,0.4339345097541809],"screen_center":[0.6212562918663025,0.5965937376022339],"visualized_dimension":-1}]}
{"camera":{"aperture_size":0.0,"autofocus":false,"autofocus_depth":0.0,"autofocus_target":[0.5,0.5,0.5],"fov_axis":1,"matrix":[[0.09874086081981659,-0.9948440194129944,0.023155394941568375,-0.346612811088562],[3.259629011154175e-09,0.023268690332770348,0.9997292160987854,-0.06726489216089249],[-0.9951127171516418,-0.09871428459882736,0.0022974065504968166,1.1745069026947021]],"relative_focal_length":[1.0,1.0],"scale":0.06303935497999191,"screen_center":[0.4165223240852356,0.30558639764785767],"zoom":1.0},"frame":12,"views":[{"camera0":[[0.043970003724098206,-0.9976759552955627,0.052055321633815765,-0.3494798243045807],[-0.49879178404808044,0.023222973570227623,0.8664106130599976,-0.25809264183044434],[-0.865605354309082,-0.06406103074550629,-0.49661126732826233,1.1771326065063477]],"camera1":[[0.043970003724098206,-0.9976759552955627,0.052055321633815765,-0.3494798243045807],[-0.49879178404808044,0.023222973570227623,0.8664106130599976,-0.25809264183044434],[-0.865605354309082,-0.06406103074550629,-0.49661126732826233,1.1771326065063477]],"full_resolution":[2064,2272],"relative_focal_length":[0.4356694221496582,0.4339345097541809],"screen_center":[0.3787437081336975,0.5965937376022339],"visualized_dimension":-1},{"camera0":[[0.043970003724098206,-0.9976759552955627,0.052055321633815765,-0.34931114315986633],[-0.49879178404808044,0.023222973570227623,0.8664106130599976,-0.26000621914863586],[-0.865605354309082,-0.06406103074550629,-0.49661126732826233,1.173811674118042]],"camera1":[[0.043970003724098206,-0.9976759552955627,0.052055321633815765,-0.34931114315986633],[-0.49879178404808044,0.023222973570227623,0.8664106130599976,-0.26000621914863586],[-0.865605354309082,-0.06406103074550629,-0.49661126732826233,1.173811674118042]],"full_resolution":[2064,2272],"relative_focal_length":[0.4356694221496582,0.4339345097541809],"screen_center":[0.6212562918663025,0.5965937376022339],"visualized_dimension":-1}]}
{"camera":{"aperture_size":0.0,"autofocus":false,"autofocus_depth":0.0,"autofocus_target":[0.5,0.5,0.5],"fov_axis":1,"matrix":[[0.09874086081981659,-0.9948440194129944,0.023155394941568375,-0.346612811088562],[3.259629011154175e-09,0.023268690332770348,0.9997292160987854,-0.06726489216089249],[-0.9951127171516418,-0.09871428459882736,0.0022974065504968166,1.1745069026947021]],"relative_focal_length":[1.0,1.0],"scale":0.06303935497999191,"screen_center":[0.4165223240852356,0.30558639764785767],"zoom":1.0},"frame":13,"views":[{"camera0":[[0.03638998791575432,-0.9977582693099976,0.05616740137338638,-0.34952840209007263],[-0.5512275695800781,0.02683989703655243,0.8339231610298157,-0.2574533224105835],[-0.833560585975647,-0.06130766496062279,-0.5490148067474365,1.176971197128296]],"camera1":[[0.03638998791575432,-0.9977582693099976,0.05616740137338638,-0.34952840209007263],[-0.5512275695800781,0.02683989703655243,0.8339231610298157,-0.2574533224105835],[-0.833560585975647,-0.06130766496062279,-0.5490148067474365,1.176971197128296]],"full_resolution":[2064,2272],"relative_focal_length":[0.4356694221496582,0.4339345097541809],"screen_center":[0.3787437081336975,0.5965937376022339],"visualized_dimension":-1},{"camera0":[[0.03638998791575432,-0.9977582693099976,0.05616740137338638,-0.34938880801200867],[-0.5512275695800781,0.02683989703655243,0.8339231610298157,-0.25956806540489197],[-0.833560585975647,-0.06130766496062279,-0.5490148067474365,1.1737732887268066]],"camera1":[[0.03638998791575432,-0.9977582693099976,0.05616740137338638,-0.34938880801200867],[-0.5512275695800781,0.02683989703655243,0.8339231610298157,-0.25956806540489197],[-0.833560585975647,-0.06130766496062279,-0.5490148067474365,1.1737732887268066]],"full_resolution":[2064,2272],"relative_focal_length":[0.4356694221496582,0.4339345097541809],"screen_center":[0.6212562918663025,0.5965937376022339],"visualized_dimension":-1}]}
