{"camera":{"aperture_size":0.0,"autofocus":false,"autofocus_depth":0.0,"autofocus_target":[0.5,0.5,0.5],"fov_axis":1,"matrix":[[0.09874086081981659,-0.9948440194129944,0.023155394941568375,-0.3791252672672272],[3.259629011154175e-09,0.023268690332770348,0.9997292160987854,-0.08153122663497925],[-0.9951127171516418,-0.09871428459882736,0.0022974065504968166,1.1664931774139404]],"relative_focal_length":[1.0,1.0],"scale":0.06303935497999191,"screen_center":[0.4165223240852356,0.30558639764785767],"zoom":1.0},"frame":1,"views":[{"camera0":[[0.03652355447411537,-0.9925874471664429,-0.1159173846244812,-0.3832426071166992],[0.4941978454589844,-0.08287861943244934,0.8653898239135742,-0.24671494960784912],[-0.8685815930366516,-0.08889339119195938,0.48750704526901245,1.1830617189407349]],"camera1":[[0.03652355447411537,-0.9925874471664429,-0.1159173846244812,-0.3832426071166992],[0.4941978454589844,-0.08287861943244934,0.8653898239135742,-0.24671494960784912],[-0.8685815930366516,-0.08889339119195938,0.48750704526901245,1.1830617189407349]],"full_resolution":[2064,2272],"relative_focal_length":[0.4356694221496582,0.4339345097541809],"screen_center":[0.3787437081336975,0.5965937376022339],"visualized_dimension":-1},{"camera0":[[0.03652355447411537,-0.9925874471664429,-0.1159173846244812,-0.38310250639915466],[0.4941978454589844,-0.08287861943244934,0.8653898239135742,-0.24481898546218872],[-0.8685815930366516,-0.08889339119195938,0.48750704526901245,1.1797294616699219]],"camera1":[[0.03652355447411537,-0.9925874471664429,-0.1159173846244812,-0.38310250639915466],[0.4941978454589844,-0.08287861943244934,0.8653898239135742,-0.24481898546218872],[-0.8685815930366516,-0.08889339119195938,0.48750704526901245,1.1797294616699219]],"full_resolution":[2064,2272],"relative_focal_length":[0.4356694221496582,0.4339345097541809],"screen_center":[0.6212562918663025,0.5965937376022339],"visualized_dimension":-1}]}
{"camera":{"aperture_size":0.0,"autofocus":false,"autofocus_depth":0.0,"autofocus_target":[0.5,0.5,0.5],"fov_axis":1,"matrix":[[0.09874086081981659,-0.9948440194129944,0.023155394941568375,-0.3791252672672272],[3.259629011154175e-09,0.023268690332770348,0.9997292160987854,-0.08153122663497925],[-0.9951127171516418,-0.09871428459882736,0.0022974065504968166,1.1664931774139404]],"relative_focal_length":[1.0,1.0],"scale":0.06303935497999191,"screen_center":[0.4165223240852356,0.30558639764785767],"zoom":1.0},"frame":2,"views":[{"camera0":[[0.013905143365263939,-0.9926172494888306,-0.12049102783203125,-0.3831999897956848],[0.5039678812026978,-0.09712046384811401,0.858244776725769,-0.2464621514081955],[-0.8636102080345154,-0.0726577490568161,0.49889621138572693,1.182597279548645]],"camera1":[[0.013905143365263939,-0.9926172494888306,-0.12049102783203125,-0.3831999897956848],[0.5039678812026978,-0.09712046384811401,0.858244776725769,-0.2464621514081955],[-0.8636102080345154,-0.0726577490568161,0.49889621138572693,1.182597279548645]],"full_resolution":[2064,2272],"relative_focal_length":[0.4356694221496582,0.4339345097541809],"screen_center":[0.3787437081336975,0.5965937376022339],"visualized_dimension":-1},{"camera0":[[0.013905143365263939,-0.9926172494888306,-0.12049102783203125,-0.38314664363861084],[0.5039678812026978,-0.09712046384811401,0.858244776725769,-0.24452871084213257],[-0.8636102080345154,-0.0726577490568161,0.49889621138572693,1.1792840957641602]],"camera1":[[0.013905143365263939,-0.9926172494888306,-0.12049102783203125,-0.38314664363861084],[0.5039678812026978,-0.09712046384811401,0.858244776725769,-0.24452871084213257],[-0.8636102080345154,-0.0726577490568161,0.49889621138572693,1.1792840957641602]],"full_resolution":[2064,2272],"relative_focal_length":[0.4356694221496582,0.4339345097541809],"screen_center":[0.6212562918663025,0.5965937376022339],"visualized_dimension":-1}]}
{"camera":{"aperture_size":0.0,"autofocus":false,"autofocus_depth":0.0,"autofocus_target":[0.5,0.5,0.5],"fov_axis":1,"matrix":[[0.09874086081981659,-0.9948440194129944,0.023155394941568375,-0.3791252672672272],[3.259629011154175e-09,0.023268690332770348,0.9997292160987854,-0.08153122663497925],[-0.9951127171516418,-0.09871428459882736,0.0022974065504968166,1.1664931774139404]],"relative_focal_length":[1.0,1.0],"scale":0.06303935497999191,"screen_center":[0.4165223240852356,0.30558639764785767],"zoom":1.0},"frame":2,"views":[{"camera0":[[0.013322502374649048,-0.9924560189247131,-0.1218777522444725,-0.38310858607292175],[0.49700942635536194,-0.09919288754463196,0.8620570302009583,-0.24648787081241608],[-0.8676425814628601,-0.07205929607152939,0.4919379651546478,1.1824392080307007]],"camera1":[[0.013322502374649048,-0.9924560189247131,-0.1218777522444725,-0.38310858607292175],[0.49700942635536194,-0.09919288754463196,0.8620570302009583,-0.24648787081241608],[-0.8676425814628601,-0.07205929607152939,0.4919379651546478,1.1824392080307007]],"full_resolution":[2064,2272],"relative_focal_length":[0.4356694221496582,0.4339345097541809],"screen_center":[0.3787437081336975,0.5965937376022339],"visualized_dimension":-1},{"camera0":[[0.013322502374649048,-0.9924560189247131,-0.1218777522444725,-0.38305747509002686],[0.49700942635536194,-0.09919288754463196,0.8620570302009583,-0.24458113312721252],[-0.8676425814628601,-0.07205929607152939,0.4919379651546478,1.1791105270385742]],"camera1":[[0.013322502374649048,-0.9924560189247131,-0.1218777522444725,-0.38305747509002686],[0.49700942635536194,-0.09919288754463196,0.8620570302009583,-0.24458113312721252],[-0.8676425814628601,-0.07205929607152939,0.4919379651546478,1.1791105270385742]],"full_resolution":[2064,2272],"relative_focal_length":[0.4356694221496582,0.4339345097541809],"screen_center":[0.6212562918663025,0.5965937376022339],"visualized_dimension":-1}]}
{"camera":{"aperture_size":0.0,"autofocus":false,"autofocus_depth":0.0,"autofocus_target":[0.5,0.5,0.5],"fov_axis":1,"matrix":[[0.09874086081981659,-0.9948440194129944,0.023155394941568375,-0.3791252672672272],[3.259629011154175e-09,0.023268690332770348,0.9997292160987854,-0.08153122663497925],[-0.9951127171516418,-0.09871428459882736,0.0022974065504968166,1.1664931774139404]],"relative_focal_length":[1.0,1.0],"scale":0.06303935497999191,"screen_center":[0.4165223240852356,0.30558639764785767],"zoom":1.0},"frame":3,"views":[{"camera0":[[0.010121355764567852,-0.9934225082397461,-0.11406100541353226,-0.3828781843185425],[0.4952300190925598,-0.0941157117486,0.8636488318443298,-0.2464675009250641],[-0.8687026500701904,-0.06522788107395172,0.49101951718330383,1.1821753978729248]],"camera1":[[0.010121355764567852,-0.9934225082397461,-0.11406100541353226,-0.3828781843185425],[0.4952300190925598,-0.0941157117486,0.8636488318443298,-0.2464675009250641],[-0.8687026500701904,-0.06522788107395172,0.49101951718330383,1.1821753978729248]],"full_resolution":[2064,2272],"relative_focal_length":[0.4356694221496582,0.4339345097541809],"screen_center":[0.3787437081336975,0.5965937376022339],"visualized_dimension":-1},{"camera0":[[0.010121355764567852,-0.9934225082397461,-0.11406100541353226,-0.3828393518924713],[0.4952300190925598,-0.0941157117486,0.8636488318443298,-0.24456755816936493],[-0.8687026500701904,-0.06522788107395172,0.49101951718330383,1.1788426637649536]],"camera1":[[0.010121355764567852,-0.9934225082397461,-0.11406100541353226,-0.3828393518924713],[0.4952300190925598,-0.0941157117486,0.8636488318443298,-0.24456755816936493],[-0.8687026500701904,-0.06522788107395172,0.49101951718330383,1.1788426637649536]],"full_resolution":[2064,2272],"relative_focal_length":[0.4356694221496582,0.4339345097541809],"screen_center":[0.6212562918663025,0.5965937376022339],"visualized_dimension":-1}]}
{"camera":{"aperture_size":0.0,"autofocus":false,"autofocus_depth":0.0,"autofocus_target":[0.5,0.5,0.5],"fov_axis":1,"matrix":[[0.09874086081981659,-0.9948440194129944,0.023155394941568375,-0.3798443675041199],[3.259629011154175e-09,0.023268690332770348,0.9997292160987854,-0.08188159763813019],[-0.9951127171516418,-0.09871428459882736,0.0022974065504968166,1.1665149927139282]],"relative_focal_length":[1.0,1.0],"scale":0.06303935497999191,"screen_center":[0.4165223240852356,0.30558639764785767],"zoom":1.0},"frame":4,"views":[{"camera0":[[0.009835909120738506,-0.9953210949897766,-0.09612426161766052,-0.3826930522918701],[0.49784499406814575,-0.07849407941102982,0.8637065291404724,-0.24651925265789032],[-0.8672099113464355,-0.056350503116846085,0.4947430193424225,1.1819846630096436]],"camera1":[[0.009835909120738506,-0.9953210949897766,-0.09612426161766052,-0.3826930522918701],[0.49784499406814575,-0.07849407941102982,0.8637065291404724,-0.24651925265789032],[-0.8672099113464355,-0.056350503116846085,0.4947430193424225,1.1819846630096436]],"full_resolution":[2064,2272],"relative_focal_length":[0.4356694221496582,0.4339345097541809],"screen_center":[0.3787437081336975,0.5965937376022339],"visualized_dimension":-1},{"camera0":[[0.009835909120738506,-0.9953210949897766,-0.09612426161766052,-0.3826552927494049],[0.49784499406814575,-0.07849407941102982,0.8637065291404724,-0.2446092963218689],[-0.8672099113464355,-0.056350503116846085,0.4947430193424225,1.1786576509475708]],"camera1":[[0.009835909120738506,-0.9953210949897766,-0.09612426161766052,-0.3826552927494049],[0.49784499406814575,-0.07849407941102982,0.8637065291404724,-0.2446092963218689],[-0.8672099113464355,-0.056350503116846085,0.4947430193424225,1.1786576509475708]],"full_resolution":[2064,2272],"relative_focal_length":[0.4356694221496582,0.4339345097541809],"screen_center":[0.6212562918663025,0.5965937376022339],"visualized_dimension":-1}]}
{"camera":{"aperture_size":0.0,"autofocus":false,"autofocus_depth":0.0,"autofocus_target":[0.5,0.5,0.5],"fov_axis":1,"matrix":[[0.09874086081981659,-0.9948440194129944,0.023155394941568375,-0.38061898946762085],[3.259629011154175e-09,0.023268690332770348,0.9997292160987854,-0.08231572061777115],[-0.9951127171516418,-0.09871428459882736,0.0022974065504968166,1.1665323972702026]],"relative_focal_length":[1.0,1.0],"scale":0.06303935497999191,"screen_center":[0.4165223240852356,0.30558639764785767],"zoom":1.0},"frame":4,"views":[{"camera0":[[0.008581901900470257,-0.9969092011451721,-0.07809583842754364,-0.38325706124305725],[0.5018272399902344,-0.06325878947973251,0.862651526927948,-0.24694609642028809],[-0.8649250864982605,-0.046593986451625824,0.4997327923774719,1.1818886995315552]],"camera1":[[0.008581901900470257,-0.9969092011451721,-0.07809583842754364,-0.38325706124305725],[0.5018272399902344,-0.06325878947973251,0.862651526927948,-0.24694609642028809],[-0.8649250864982605,-0.046593986451625824,0.4997327923774719,1.1818886995315552]],"full_resolution":[2064,2272],"relative_focal_length":[0.4356694221496582,0.4339345097541809],"screen_center":[0.3787437081336975,0.5965937376022339],"visualized_dimension":-1},{"camera0":[[0.008581901900470257,-0.9969092011451721,-0.07809583842754364,-0.38322412967681885],[0.5018272399902344,-0.06325878947973251,0.862651526927948,-0.24502085149288177],[-0.8649250864982605,-0.046593986451625824,0.4997327923774719,1.1785703897476196]],"camera1":[[0.008581901900470257,-0.9969092011451721,-0.07809583842754364,-0.38322412967681885],[0.5018272399902344,-0.06325878947973251,0.862651526927948,-0.24502085149288177],[-0.8649250864982605,-0.046593986451625824,0.4997327923774719,1.1785703897476196]],"full_resolution":[2064,2272],"relative_focal_length":[0.4356694221496582,0.4339345097541809],"screen_center":[0.6212562918663025,0.5965937376022339],"visualized_dimension":-1}]}
{"camera":{"aperture_size":0.0,"autofocus":false,"autofocus_depth":0.0,"autofocus_target":[0.5,0.5,0.5],"fov_axis":1,"matrix":[[0.09874086081981659,-0.9948440194129944,0.023155394941568375,-0.3819739818572998],[3.259629011154175e-09,0.023268690332770348,0.9997292160987854,-0.08269155025482178],[-0.9951127171516418,-0.09871428459882736,0.0022974065504968166,1.1664059162139893]],"relative_focal_length":[1.0,1.0],"scale":0.06303935497999191,"screen_center":[0.4165223240852356,0.30558639764785767],"zoom":1.0},"frame":5,"views":[{"camera0":[[-6.256531924009323e-05,-0.9974489212036133,-0.07138734310865402,-0.3841992914676666],[0.5064748525619507,-0.06158606708049774,0.8600524663925171,-0.2474784553050995],[-0.8622543811798096,-0.03610227629542351,0.5051862001419067,1.182246446609497]],"camera1":[[-6.256531924009323e-05,-0.9974489212036133,-0.07138734310865402,-0.3841992914676666],[0.5064748525619507,-0.06158606708049774,0.8600524663925171,-0.2474784553050995],[-0.8622543811798096,-0.03610227629542351,0.5051862001419067,1.182246446609497]],"full_resolution":[2064,2272],"relative_focal_length":[0.4356694221496582,0.4339345097541809],"screen_center":[0.3787437081336975,0.5965937376022339],"visualized_dimension":-1},{"camera0":[[-6.256531924009323e-05,-0.9974489212036133,-0.07138734310865402,-0.3841995298862457],[0.5064748525619507,-0.06158606708049774,0.8600524663925171,-0.24553537368774414],[-0.8622543811798096,-0.03610227629542351,0.5051862001419067,1.1789385080337524]],"camera1":[[-6.256531924009323e-05,-0.9974489212036133,-0.07138734310865402,-0.3841995298862457],[0.5064748525619507,-0.06158606708049774,0.8600524663925171,-0.24553537368774414],[-0.8622543811798096,-0.03610227629542351,0.5051862001419067,1.1789385080337524]],"full_resolution":[2064,2272],"relative_focal_length":[0.4356694221496582,0.4339345097541809],"screen_center":[0.6212562918663025,0.5965937376022339],"visualized_dimension":-1}]}
{"camera":{"aperture_size":0.0,"autofocus":false,"autofocus_depth":0.0,"autofocus_target":[0.5,0.5,0.5],"fov_axis":1,"matrix":[[0.09874086081981659,-0.9948440194129944,0.023155394941568375,-0.384234219789505],[3.259629011154175e-09,0.023268690332770348,0.9997292160987854,-0.08270677179098129],[-0.9951127171516418,-0.09871428459882736,0.0022974065504968166,1.1662741899490356]],"relative_focal_length":[1.0,1.0],"scale":0.06303935497999191,"screen_center":[0.4165223240852356,0.30558639764785767],"zoom":1.0},"frame":6,"views":[{"camera0":[[-0.00346324872225523,-0.9970455765724182,-0.0767371729016304,-0.3856019675731659],[0.5148851871490479,-0.06756220012903214,0.8545925617218018,-0.24802784621715546],[-0.8572518825531006,-0.036551352590322495,0.5135974884033203,1.1823948621749878]],"camera1":[[-0.00346324872225523,-0.9970455765724182,-0.0767371729016304,-0.3856019675731659],[0.5148851871490479,-0.06756220012903214,0.8545925617218018,-0.24802784621715546],[-0.8572518825531006,-0.036551352590322495,0.5135974884033203,1.1823948621749878]],"full_resolution":[2064,2272],"relative_focal_length":[0.4356694221496582,0.4339345097541809],"screen_center":[0.3787437081336975,0.5965937376022339],"visualized_dimension":-1},{"camera0":[[-0.00346324872225523,-0.9970455765724182,-0.0767371729016304,-0.3856152296066284],[0.5148851871490479,-0.06756220012903214,0.8545925617218018,-0.24605250358581543],[-0.8572518825531006,-0.036551352590322495,0.5135974884033203,1.1791059970855713]],"camera1":[[-0.00346324872225523,-0.9970455765724182,-0.0767371729016304,-0.3856152296066284],[0.5148851871490479,-0.06756220012903214,0.8545925617218018,-0.24605250358581543],[-0.8572518825531006,-0.036551352590322495,0.5135974884033203,1.1791059970855713]],"full_resolution":[2064,2272],"relative_focal_length":[0.4356694221496582,0.4339345097541809],"screen_center":[0.6212562918663025,0.5965937376022339],"visualized_dimension":-1}]}
{"camera":{"aperture_size":0.0,"autofocus":false,"autofocus_depth":0.0,"autofocus_target":[0.5,0.5,0.5],"fov_axis":1,"matrix":[[0.09874086081981659,-0.9948440194129944,0.023155394941568375,-0.3868100941181183],[3.259629011154175e-09,0.023268690332770348,0.9997292160987854,-0.0824151411652565],[-0.9951127171516418,-0.09871428459882736,0.0022974065504968166,1.1661046743392944]],"relative_focal_length":[1.0,1.0],"scale":0.06303935497999191,"screen_center":[0.4165223240852356,0.30558639764785767],"zoom":1.0},"frame":6,"views":[{"camera0":[[0.004768942482769489,-0.9970095157623291,-0.07713526487350464,-0.38787537813186646],[0.5242487192153931,-0.06319386512041092,0.8492171764373779,-0.24824252724647522],[-0.8515515327453613,-0.044488128274679184,0.5223790407180786,1.1826517581939697]],"camera1":[[0.004768942482769489,-0.9970095157623291,-0.07713526487350464,-0.38787537813186646],[0.5242487192153931,-0.06319386512041092,0.8492171764373779,-0.24824252724647522],[-0.8515515327453613,-0.044488128274679184,0.5223790407180786,1.1826517581939697]],"full_resolution":[2064,2272],"relative_focal_length":[0.4356694221496582,0.4339345097541809],"screen_center":[0.3787437081336975,0.5965937376022339],"visualized_dimension":-1},{"camera0":[[0.004768942482769489,-0.9970095157623291,-0.07713526487350464,-0.3878571093082428],[0.5242487192153931,-0.06319386512041092,0.8492171764373779,-0.24623128771781921],[-0.8515515327453613,-0.044488128274679184,0.5223790407180786,1.1793848276138306]],"camera1":[[0.004768942482769489,-0.9970095157623291,-0.07713526487350464,-0.3878571093082428],[0.5242487192153931,-0.06319386512041092,0.8492171764373779,-0.24623128771781921],[-0.8515515327453613,-0.044488128274679184,0.5223790407180786,1.1793848276138306]],"full_resolution":[2064,2272],"relative_focal_length":[0.4356694221496582,0.4339345097541809],"screen_center":[0.6212562918663025,0.5965937376022339],"visualized_dimension":-1}]}
{"camera":{"aperture_size":0.0,"autofocus":false,"autofocus_depth":0.0,"autofocus_target":[0.5,0.5,0.5],"fov_axis":1,"matrix":[[0.09874086081981659,-0.9948440194129944,0.023155394941568375,-0.38774532079696655],[3.259629011154175e-09,0.023268690332770348,0.9997292160987854,-0.08183416724205017],[-0.9951127171516418,-0.09871428459882736,0.0022974065504968166,1.1659181118011475]],"relative_focal_length":[1.0,1.0],"scale":0.06303935497999191,"screen_center":[0.4165223240852356,0.30558639764785767],"zoom":1.0},"frame":7,"views":[{"camera0":[[0.01965944841504097,-0.9976568222045898,-0.06553535163402557,-0.39039376378059387],[0.5239295363426208,-0.04554758220911026,0.8505429029464722,-0.248000830411911],[-0.851534366607666,-0.05105728656053543,0.521806001663208,1.1827839612960815]],"camera1":[[0.01965944841504097,-0.9976568222045898,-0.06553535163402557,-0.39039376378059387],[0.5239295363426208,-0.04554758220911026,0.8505429029464722,-0.248000830411911],[-0.851534366607666,-0.05105728656053543,0.521806001663208,1.1827839612960815]],"full_resolution":[2064,2272],"relative_focal_length":[0.4356694221496582,0.4339345097541809],"screen_center":[0.3787437081336975,0.5965937376022339],"visualized_dimension":-1},{"camera0":[[0.01965944841504097,-0.9976568222045898,-0.06553535163402557,-0.3903183341026306],[0.5239295363426208,-0.04554758220911026,0.8505429029464722,-0.2459907829761505],[-0.851534366607666,-0.05105728656053543,0.521806001663208,1.1795170307159424]],"camera1":[[0.01965944841504097,-0.9976568222045898,-0.06553535163402557,-0.3903183341026306],[0.5239295363426208,-0.04554758220911026,0.8505429029464722,-0.2459907829761505],[-0.851534366607666,-0.05105728656053543,0.521806001663208,1.1795170307159424]],"full_resolution":[2064,2272],"relative_focal_length":[0.4356694221496582,0.4339345097541809],"screen_center":[0.6212562918663025,0.5965937376022339],"visualized_dimension":-1}]}
{"camera":{"aperture_size":0.0,"autofocus":false,"autofocus_depth":0.0,"autofocus_target":[0.5,0.5,0.5],"fov_axis":1,"matrix":[[0.09874086081981659,-0.9948440194129944,0.023155394941568375,-0.38900303840637207],[3.259629011154175e-09,0.023268690332770348,0.9997292160987854,-0.08151143789291382],[-0.9951127171516418,-0.09871428459882736,0.0022974065504968166,1.165614366531372]],"relative_focal_length":[1.0,1.0],"scale":0.06303935497999191,"screen_center":[0.4165223240852356,0.30558639764785767],"zoom":1.0},"frame":8,"views":[{"camera0":[[0.031115934252738953,-0.9983159899711609,-0.048965200781822205,-0.39130136370658875],[0.5220036506652832,-0.025546597316861153,0.8525606393814087,-0.2475505769252777],[-0.8523752689361572,-0.0520884171128273,0.5203291177749634,1.183129906654358]],"camera1":[[0.031115934252738953,-0.9983159899711609,-0.048965200781822205,-0.39130136370658875],[0.5220036506652832,-0.025546597316861153,0.8525606393814087,-0.2475505769252777],[-0.8523752689361572,-0.0520884171128273,0.5203291177749634,1.183129906654358]],"full_resolution":[2064,2272],"relative_focal_length":[0.4356694221496582,0.4339345097541809],"screen_center":[0.3787437081336975,0.5965937376022339],"visualized_dimension":-1},{"camera0":[[0.031115934252738953,-0.9983159899711609,-0.048965200781822205,-0.391182005405426],[0.5220036506652832,-0.025546597316861153,0.8525606393814087,-0.24554792046546936],[-0.8523752689361572,-0.0520884171128273,0.5203291177749634,1.1798597574234009]],"camera1":[[0.031115934252738953,-0.9983159899711609,-0.048965200781822205,-0.391182005405426],[0.5220036506652832,-0.025546597316861153,0.8525606393814087,-0.24554792046546936],[-0.8523752689361572,-0.0520884171128273,0.5203291177749634,1.1798597574234009]],"full_resolution":[2064,2272],"relative_focal_length":[0.4356694221496582,0.4339345097541809],"screen_center":[0.6212562918663025,0.5965937376022339],"visualized_dimension":-1}]}
{"camera":{"aperture_size":0.0,"autofocus":false,"autofocus_depth":0.0,"autofocus_target":[0.5,0.5,0.5],"fov_axis":1,"matrix":[[0.09874086081981659,-0.9948440194129944,0.023155394941568375,-0.38872459530830383],[3.259629011154175e-09,0.023268690332770348,0.9997292160987854,-0.08143162727355957],[-0.9951127171516418,-0.09871428459882736,0.0022974065504968166,1.1653224229812622]],"relative_focal_length":[1.0,1.0],"scale":0.06303935497999191,"screen_center":[0.4165223240852356,0.30558639764785767],"zoom":1.0},"frame":8,"views":[{"camera0":[[0.03215380012989044,-0.998752236366272,-0.038217976689338684,-0.39254868030548096],[0.5180201530456543,-0.01604880765080452,0.8552178144454956,-0.24724180996418],[-0.8547636270523071,-0.047296371310949326,0.5168572664260864,1.1832072734832764]],"camera1":[[0.03215380012989044,-0.998752236366272,-0.038217976689338684,-0.39254868030548096],[0.5180201530456543,-0.01604880765080452,0.8552178144454956,-0.24724180996418],[-0.8547636270523071,-0.047296371310949326,0.5168572664260864,1.1832072734832764]],"full_resolution":[2064,2272],"relative_focal_length":[0.4356694221496582,0.4339345097541809],"screen_center":[0.3787437081336975,0.5965937376022339],"visualized_dimension":-1},{"camera0":[[0.03215380012989044,-0.998752236366272,-0.038217976689338684,-0.3924253284931183],[0.5180201530456543,-0.01604880765080452,0.8552178144454956,-0.24525444209575653],[-0.8547636270523071,-0.047296371310949326,0.5168572664260864,1.1799280643463135]],"camera1":[[0.03215380012989044,-0.998752236366272,-0.038217976689338684,-0.3924253284931183],[0.5180201530456543,-0.01604880765080452,0.8552178144454956,-0.24525444209575653],[-0.8547636270523071,-0.047296371310949326,0.5168572664260864,1.1799280643463135]],"full_resolution":[2064,2272],"relative_focal_length":[0.4356694221496582,0.4339345097541809],"screen_center":[0.6212562918663025,0.5965937376022339],"visualized_dimension":-1}]}
{"camera":{"aperture_size":0.0,"autofocus":false,"autofocus_depth":0.0,"autofocus_target":[0.5,0.5,0.5],"fov_axis":1,"matrix":[[0.09874086081981659,-0.9948440194129944,0.023155394941568375,-0.3881528377532959],[3.259629011154175e-09,0.023268690332770348,0.9997292160987854,-0.08149996399879456],[-0.9951127171516418,-0.09871428459882736,0.0022974065504968166,1.164592981338501]],"relative_focal_length":[1.0,1.0],"scale":0.06303935497999191,"screen_center":[0.4165223240852356,0.30558639764785767],"zoom":1.0},"frame":8,"views":[{"camera0":[[0.025516247376799583,-0.9994853138923645,-0.019459299743175507,-0.39229872822761536],[0.5092845559120178,-0.0037537850439548492,0.8605899810791016,-0.2471974641084671],[-0.8602195382118225,-0.0318695530295372,0.5089261531829834,1.1837334632873535]],"camera1":[[0.025516247376799583,-0.9994853138923645,-0.019459299743175507,-0.39229872822761536],[0.5092845559120178,-0.0037537850439548492,0.8605899810791016,-0.2471974641084671],[-0.8602195382118225,-0.0318695530295372,0.5089261531829834,1.1837334632873535]],"full_resolution":[2064,2272],"relative_focal_length":[0.4356694221496582,0.4339345097541809],"screen_center":[0.3787437081336975,0.5965937376022339],"visualized_dimension":-1},{"camera0":[[0.025516247376799583,-0.9994853138923645,-0.019459299743175507,-0.3922008275985718],[0.5092845559120178,-0.0037537850439548492,0.8605899810791016,-0.2452436089515686],[-0.8602195382118225,-0.0318695530295372,0.5089261531829834,1.1804332733154297]],"camera1":[[0.025516247376799583,-0.9994853138923645,-0.019459299743175507,-0.3922008275985718],[0.5092845559120178,-0.0037537850439548492,0.8605899810791016,-0.2452436089515686],[-0.8602195382118225,-0.0318695530295372,0.5089261531829834,1.1804332733154297]],"full_resolution":[2064,2272],"relative_focal_length":[0.4356694221496582,0.4339345097541809],"screen_center":[0.6212562918663025,0.5965937376022339],"visualized_dimension":-1}]}
{"camera":{"aperture_size":0.0,"autofocus":false,"autofocus_depth":0.0,"autofocus_target":[0.5,0.5,0.5],"fov_axis":1,"matrix":[[0.09874086081981659,-0.9948440194129944,0.023155394941568375,-0.3878776431083679],[3.259629011154175e-09,0.023268690332770348,0.9997292160987854,-0.08153532445430756],[-0.9951127171516418,-0.09871428459882736,0.0022974065504968166,1.1642218828201294]],"relative_focal_length":[1.0,1.0],"scale":0.06303935497999191,"screen_center":[0.4165223240852356,0.30558639764785767],"zoom":1.0},"frame":8,"views":[{"camera0":[[0.02397865056991577,-0.9996204972267151,-0.013580551370978355,-0.391742080450058],[0.5045552849769592,0.00037312693893909454,0.863379180431366,-0.2472953200340271],[-0.8630459904670715,-0.02755502425134182,0.5043722987174988,1.1834458112716675]],"camera1":[[0.02397865056991577,-0.9996204972267151,-0.013580551370978355,-0.391742080450058],[0.5045552849769592,0.00037312693893909454,0.863379180431366,-0.2472953200340271],[-0.8630459904670715,-0.02755502425134182,0.5043722987174988,1.1834458112716675]],"full_resolution":[2064,2272],"relative_focal_length":[0.4356694221496582,0.4339345097541809],"screen_center":[0.3787437081336975,0.5965937376022339],"visualized_dimension":-1},{"camera0":[[0.02397865056991577,-0.9996204972267151,-0.013580551370978355,-0.39165008068084717],[0.5045552849769592,0.00037312693893909454,0.863379180431366,-0.2453596293926239],[-0.8630459904670715,-0.02755502425134182,0.5043722987174988,1.1801347732543945]],"camera1":[[0.02397865056991577,-0.9996204972267151,-0.013580551370978355,-0.39165008068084717],[0.5045552849769592,0.00037312693893909454,0.863379180431366,-0.2453596293926239],[-0.8630459904670715,-0.02755502425134182,0.5043722987174988,1.1801347732543945]],"full_resolution":[2064,2272],"relative_focal_length":[0.4356694221496582,0.4339345097541809],"screen_center":[0.6212562918663025,0.5965937376022339],"visualized_dimension":-1}]}
{"camera":{"aperture_size":0.0,"autofocus":false,"autofocus_depth":0.0,"autofocus_target":[0.5,0.5,0.5],"fov_axis":1,"matrix":[[0.09874086081981659,-0.9948440194129944,0.023155394941568375,-0.38580968976020813],[3.259629011154175e-09,0.023268690332770348,0.9997292160987854,-0.08208151906728745],[-0.9951127171516418,-0.09871428459882736,0.0022974065504968166,1.1632404327392578]],"relative_focal_length":[1.0,1.0],"scale":0.06303935497999191,"screen_center":[0.4165223240852356,0.30558639764785767],"zoom":1.0},"frame":9,"views":[{"camera0":[[0.02369605377316475,-0.9996733069419861,-0.009615233168005943,-0.3915614187717438],[0.4979252815246582,0.003461139276623726,0.8672130107879639,-0.24738271534442902],[-0.866895854473114,-0.02533740922808647,0.4978441298007965,1.1837929487228394]],"camera1":[[0.02369605377316475,-0.9996733069419861,-0.009615233168005943,-0.3915614187717438],[0.4979252815246582,0.003461139276623726,0.8672130107879639,-0.24738271534442902],[-0.866895854473114,-0.02533740922808647,0.4978441298007965,1.1837929487228394]],"full_resolution":[2064,2272],"relative_focal_length":[0.4356694221496582,0.4339345097541809],"screen_center":[0.3787437081336975,0.5965937376022339],"visualized_dimension":-1},{"camera0":[[0.02369605377316475,-0.9996733069419861,-0.009615233168005943,-0.3914704918861389],[0.4979252815246582,0.003461139276623726,0.8672130107879639,-0.24547244608402252],[-0.866895854473114,-0.02533740922808647,0.4978441298007965,1.180467128753662]],"camera1":[[0.02369605377316475,-0.9996733069419861,-0.009615233168005943,-0.3914704918861389],[0.4979252815246582,0.003461139276623726,0.8672130107879639,-0.24547244608402252],[-0.866895854473114,-0.02533740922808647,0.4978441298007965,1.180467128753662]],"full_resolution":[2064,2272],"relative_focal_length":[0.4356694221496582,0.4339345097541809],"screen_center":[0.6212562918663025,0.5965937376022339],"visualized_dimension":-1}]}
{"camera":{"aperture_size":0.0,"autofocus":false,"autofocus_depth":0.0,"autofocus_target":[0.5,0.5,0.5],"fov_axis":1,"matrix":[[0.09874086081981659,-0.9948440194129944,0.023155394941568375,-0.38580968976020813],[3.259629011154175e-09,0.023268690332770348,0.9997292160987854,-0.08208151906728745],[-0.9951127171516418,-0.09871428459882736,0.0022974065504968166,1.1632404327392578]],"relative_focal_length":[1.0,1.0],"scale":0.06303935497999191,"screen_center":[0.4165223240852356,0.30558639764785767],"zoom":1.0},"frame":10,"views":[{"camera0":[[0.026976950466632843,-0.9996353387832642,0.0014009587466716766,-0.38965585827827454],[0.48987844586372375,0.01444146316498518,0.8716710805892944,-0.24808534979820251],[-0.8713728785514832,-0.02282894030213356,0.49008893966674805,1.184029221534729]],"camera1":[[0.026976950466632843,-0.9996353387832642,0.0014009587466716766,-0.38965585827827454],[0.48987844586372375,0.01444146316498518,0.8716710805892944,-0.24808534979820251],[-0.8713728785514832,-0.02282894030213356,0.49008893966674805,1.184029221534729]],"full_resolution":[2064,2272],"relative_focal_length":[0.4356694221496582,0.4339345097541809],"screen_center":[0.3787437081336975,0.5965937376022339],"visualized_dimension":-1},{"camera0":[[0.026976950466632843,-0.9996353387832642,0.0014009587466716766,-0.38955235481262207],[0.48987844586372375,0.01444146316498518,0.8716710805892944,-0.24620595574378967],[-0.8713728785514832,-0.02282894030213356,0.49008893966674805,1.1806862354278564]],"camera1":[[0.026976950466632843,-0.9996353387832642,0.0014009587466716766,-0.38955235481262207],[0.48987844586372375,0.01444146316498518,0.8716710805892944,-0.24620595574378967],[-0.8713728785514832,-0.02282894030213356,0.49008893966674805,1.1806862354278564]],"full_resolution":[2064,2272],"relative_focal_length":[0.4356694221496582,0.4339345097541809],"screen_center":[0.6212562918663025,0.5965937376022339],"visualized_dimension":-1}]}
{"camera":{"aperture_size":0.0,"autofocus":false,"autofocus_depth":0.0,"autofocus_target":[0.5,0.5,0.5],"fov_axis":1,"matrix":[[0.09874086081981659,-0.9948440194129944,0.023155394941568375,-0.38580968976020813],[3.259629011154175e-09,0.023268690332770348,0.9997292160987854,-0.08208151906728745],[-0.9951127171516418,-0.09871428459882736,0.0022974065504968166,1.1632404327392578]],"relative_focal_length":[1.0,1.0],"scale":0.06303935497999191,"screen_center":[0.4165223240852356,0.30558639764785767],"zoom":1.0},"frame":10,"views":[{"camera0":[[0.030573755502700806,-0.999507486820221,0.007117759436368942,-0.3897327780723572],[0.4899534285068512,0.02119281329214573,0.8714908957481384,-0.24824723601341248],[-0.8712120056152344,-0.02315758727490902,0.4903595745563507,1.1848421096801758]],"camera1":[[0.030573755502700806,-0.999507486820221,0.007117759436368942,-0.3897327780723572],[0.4899534285068512,0.02119281329214573,0.8714908957481384,-0.24824723601341248],[-0.8712120056152344,-0.02315758727490902,0.4903595745563507,1.1848421096801758]],"full_resolution":[2064,2272],"relative_focal_length":[0.4356694221496582,0.4339345097541809],"screen_center":[0.3787437081336975,0.5965937376022339],"visualized_dimension":-1},{"camera0":[[0.030573755502700806,-0.999507486820221,0.007117759436368942,-0.3896154761314392],[0.4899534285068512,0.02119281329214573,0.8714908957481384,-0.24636757373809814],[-0.8712120056152344,-0.02315758727490902,0.4903595745563507,1.181499719619751]],"camera1":[[0.030573755502700806,-0.999507486820221,0.007117759436368942,-0.3896154761314392],[0.4899534285068512,0.02119281329214573,0.8714908957481384,-0.24636757373809814],[-0.8712120056152344,-0.02315758727490902,0.4903595745563507,1.181499719619751]],"full_resolution":[2064,2272],"relative_focal_length":[0.4356694221496582,0.4339345097541809],"screen_center":[0.6212562918663025,0.5965937376022339],"visualized_dimension":-1}]}
{"camera":{"aperture_size":0.0,"autofocus":false,"autofocus_depth":0.0,"autofocus_target":[0.5,0.5,0.5],"fov_axis":1,"matrix":[[0.09874086081981659,-0.9948440194129944,0.023155394941568375,-0.38580968976020813],[3.259629011154175e-09,0.023268690332770348,0.9997292160987854,-0.08208151906728745],[-0.9951127171516418,-0.09871428459882736,0.0022974065504968166,1.1632404327392578]],"relative_focal_length":[1.0,1.0],"scale":0.06303935497999191,"screen_center":[0.4165223240852356,0.30558639764785767],"zoom":1.0},"frame":11,"views":[{"camera0":[[0.03332003578543663,-0.9991756677627563,0.023200633004307747,-0.38991519808769226],[0.4894585609436035,0.036552295088768005,0.8712601661682129,-0.24853935837745667],[-0.8713894486427307,-0.017674889415502548,0.49027252197265625,1.186391830444336]],"camera1":[[0.03332003578543663,-0.9991756677627563,0.023200633004307747,-0.38991519808769226],[0.4894585609436035,0.036552295088768005,0.8712601661682129,-0.24853935837745667],[-0.8713894486427307,-0.017674889415502548,0.49027252197265625,1.186391830444336]],"full_resolution":[2064,2272],"relative_focal_length":[0.4356694221496582,0.4339345097541809],"screen_center":[0.3787437081336975,0.5965937376022339],"visualized_dimension":-1},{"camera0":[[0.03332003578543663,-0.9991756677627563,0.023200633004307747,-0.38978734612464905],[0.4894585609436035,0.036552295088768005,0.8712601661682129,-0.24666157364845276],[-0.8713894486427307,-0.017674889415502548,0.49027252197265625,1.1830488443374634]],"camera1":[[0.03332003578543663,-0.9991756677627563,0.023200633004307747,-0.38978734612464905],[0.4894585609436035,0.036552295088768005,0.8712601661682129,-0.24666157364845276],[-0.8713894486427307,-0.017674889415502548,0.49027252197265625,1.1830488443374634]],"full_resolution":[2064,2272],"relative_focal_length":[0.4356694221496582,0.4339345097541809],"screen_center":[0.6212562918663025,0.5965937376022339],"visualized_dimension":-1}]}
{"camera":{"aperture_size":0.0,"autofocus":false,"autofocus_depth":0.0,"autofocus_target":[0.5,0.5,0.5],"fov_axis":1,"matrix":[[0.09874086081981659,-0.9948440194129944,0.023155394941568375,-0.38580968976020813],[3.259629011154175e-09,0.023268690332770348,0.9997292160987854,-0.08208151906728745],[-0.9951127171516418,-0.09871428459882736,0.0022974065504968166,1.1632404327392578]],"relative_focal_length":[1.0,1.0],"scale":0.06303935497999191,"screen_center":[0.4165223240852356,0.30558639764785767],"zoom":1.0},"frame":12,"views":[{"camera0":[[0.029388848692178726,-0.9994385838508606,0.016106750816106796,-0.3898966908454895],[0.4952545762062073,0.02855573408305645,0.868278443813324,-0.2487618327140808],[-0.8682504296302795,-0.017540980130434036,0.4958152174949646,1.1873823404312134]],"camera1":[[0.029388848692178726,-0.9994385838508606,0.016106750816106796,-0.3898966908454895],[0.4952545762062073,0.02855573408305645,0.868278443813324,-0.2487618327140808],[-0.8682504296302795,-0.017540980130434036,0.4958152174949646,1.1873823404312134]],"full_resolution":[2064,2272],"relative_focal_length":[0.4356694221496582,0.4339345097541809],"screen_center":[0.3787437081336975,0.5965937376022339],"visualized_dimension":-1},{"camera0":[[0.029388848692178726,-0.9994385838508606,0.016106750816106796,-0.38978391885757446],[0.4952545762062073,0.02855573408305645,0.868278443813324,-0.24686181545257568],[-0.8682504296302795,-0.017540980130434036,0.4958152174949646,1.184051275253296]],"camera1":[[0.029388848692178726,-0.9994385838508606,0.016106750816106796,-0.38978391885757446],[0.4952545762062073,0.02855573408305645,0.868278443813324,-0.24686181545257568],[-0.8682504296302795,-0.017540980130434036,0.4958152174949646,1.184051275253296]],"full_resolution":[2064,2272],"relative_focal_length":[0.4356694221496582,0.4339345097541809],"screen_center":[0.6212562918663025,0.5965937376022339],"visualized_dimension":-1}]}
{"camera":{"aperture_size":0.0,"autofocus":false,"autofocus_depth":0.0,"autofocus_target":[0.5,0.5,0.5],"fov_axis":1,"matrix":[[0.09874086081981659,-0.9948440194129944,0.023155394941568375,-0.38580968976020813],[3.259629011154175e-09,0.023268690332770348,0.9997292160987854,-0.08208151906728745],[-0.9951127171516418,-0.09871428459882736,0.0022974065504968166,1.1632404327392578]],"relative_focal_length":[1.0,1.0],"scale":0.06303935497999191,"screen_center":[0.4165223240852356,0.30558639764785767],"zoom":1.0},"frame":12,"views":[{"camera0":[[0.04271303862333298,-0.9982900023460388,0.03991379588842392,-0.38959965109825134],[0.5047623515129089,0.05603858828544617,0.8614374995231628,-0.24903908371925354],[-0.8622006177902222,-0.016647864133119583,0.5062923431396484,1.1893084049224854]],"camera1":[[0.04271303862333298,-0.9982900023460388,0.03991379588842392,-0.38959965109825134],[0.5047623515129089,0.05603858828544617,0.8614374995231628,-0.24903908371925354],[-0.8622006177902222,-0.016647864133119583,0.5062923431396484,1.1893084049224854]],"full_resolution":[2064,2272],"relative_focal_length":[0.4356694221496582,0.4339345097541809],"screen_center":[0.3787437081336975,0.5965937376022339],"visualized_dimension":-1},{"camera0":[[0.04271303862333298,-0.9982900023460388,0.03991379588842392,-0.3894357979297638],[0.5047623515129089,0.05603858828544617,0.8614374995231628,-0.24710258841514587],[-0.8622006177902222,-0.016647864133119583,0.5062923431396484,1.1860005855560303]],"camera1":[[0.04271303862333298,-0.9982900023460388,0.03991379588842392,-0.3894357979297638],[0.5047623515129089,0.05603858828544617,0.8614374995231628,-0.24710258841514587],[-0.8622006177902222,-0.016647864133119583,0.5062923431396484,1.1860005855560303]],"full_resolution":[2064,2272],"relative_focal_length":[0.4356694221496582,0.4339345097541809],"screen_center":[0.6212562918663025,0.5965937376022339],"visualized_dimension":-1}]}
