{"camera":{"aperture_size":0.0,"autofocus":false,"autofocus_depth":0.0,"autofocus_target":[0.5,0.5,0.5],"fov_axis":1,"matrix":[[1.0,0.0,0.0,0.0],[0.0,1.0,0.0,0.0],[0.0,0.0,1.0,0.0]],"relative_focal_length":[1.0,1.0],"scale":1.0,"screen_center":[0.4165223240852356,0.30558639764785767],"zoom":1.0},"frame":1,"views":[{"camera0":[[1.0,0.0,0.0,0.0],[0.0,1.0,0.0,0.0],[0.0,0.0,1.0,0.0]],"camera1":[[1.0,0.0,0.0,0.0],[0.0,1.0,0.0,0.0],[0.0,0.0,1.0,0.0]],"full_resolution":[1920,1080],"relative_focal_length":[1.0,1.0],"screen_center":[0.4165223240852356,0.30558639764785767],"visualized_dimension":-1}]}
{"camera":{"aperture_size":0.0,"autofocus":false,"autofocus_depth":0.0,"autofocus_target":[0.5,0.5,0.5],"fov_axis":1,"matrix":[[1.0,0.0,0.0,0.0],[0.0,1.0,0.0,0.0],[0.0,0.0,1.0,0.0]],"relative_focal_length":[1.0,1.0],"scale":1.0,"screen_center":[0.4165223240852356,0.30558639764785767],"zoom":1.0},"frame":1,"views":[{"camera0":[[1.0,0.0,0.0,0.0],[0.0,1.0,0.0,0.0],[0.0,0.0,1.0,0.0]],"camera1":[[1.0,0.0,0.0,0.0],[0.0,1.0,0.0,0.0],[0.0,0.0,1.0,0.0]],"full_resolution":[1920,1080],"relative_focal_length":[1.0,1.0],"screen_center":[0.4165223240852356,0.30558639764785767],"visualized_dimension":-1}]}
{"camera":{"aperture_size":0.0,"autofocus":false,"autofocus_depth":0.0,"autofocus_target":[0.5,0.5,0.5],"fov_axis":1,"matrix":[[1.0,0.0,0.0,0.0],[0.0,1.0,0.0,0.0],[0.0,0.0,1.0,0.0]],"relative_focal_length":[1.0,1.0],"scale":1.0,"screen_center":[0.4165223240852356,0.30558639764785767],"zoom":1.0},"frame":1,"views":[{"camera0":[[1.0,0.0,0.0,0.0],[0.0,1.0,0.0,0.0],[0.0,0.0,1.0,0.0]],"camera1":[[1.0,0.0,0.0,0.0],[0.0,1.0,0.0,0.0],[0.0,0.0,1.0,0.0]],"full_resolution":[1920,1080],"relative_focal_length":[1.0,1.0],"screen_center":[0.4165223240852356,0.30558639764785767],"visualized_dimension":-1}]}
{"camera":{"aperture_size":0.0,"autofocus":false,"autofocus_depth":0.0,"autofocus_target":[0.5,0.5,0.5],"fov_axis":1,"matrix":[[1.0,0.0,0.0,0.0],[0.0,1.0,0.0,0.0],[0.0,0.0,1.0,0.0]],"relative_focal_length":[1.0,1.0],"scale":1.0,"screen_center":[0.4165223240852356,0.30558639764785767],"zoom":1.0},"frame":1,"views":[{"camera0":[[1.0,0.0,0.0,0.0],[0.0,1.0,0.0,0.0],[0.0,0.0,1.0,0.0]],"camera1":[[1.0,0.0,0.0,0.0],[0.0,1.0,0.0,0.0],[0.0,0.0,1.0,0.0]],"full_resolution":[1920,1080],"relative_focal_length":[1.0,1.0],"screen_center":[0.4165223240852356,0.30558639764785767],"visualized_dimension":-1}]}
{"camera":{"aperture_size":0.0,"autofocus":false,"autofocus_depth":0.0,"autofocus_target":[0.5,0.5,0.5],"fov_axis":1,"matrix":[[1.0,0.0,0.0,0.0],[0.0,1.0,0.0,0.0],[0.0,0.0,1.0,0.0]],"relative_focal_length":[1.0,1.0],"scale":1.0,"screen_center":[0.4165223240852356,0.30558639764785767],"zoom":1.0},"frame":1,"views":[{"camera0":[[1.0,0.0,0.0,0.0],[0.0,1.0,0.0,0.0],[0.0,0.0,1.0,0.0]],"camera1":[[1.0,0.0,0.0,0.0],[0.0,1.0,0.0,0.0],[0.0,0.0,1.0,0.0]],"full_resolution":[1920,1080],"relative_focal_length":[1.0,1.0],"screen_center":[0.4165223240852356,0.30558639764785767],"visualized_dimension":-1}]}
{"camera":{"aperture_size":0.0,"autofocus":false,"autofocus_depth":0.0,"autofocus_target":[0.5,0.5,0.5],"fov_axis":1,"matrix":[[1.0,0.0,0.0,0.0],[0.0,1.0,0.0,0.0],[0.0,0.0,1.0,0.0]],"relative_focal_length":[1.0,1.0],"scale":1.0,"screen_center":[0.4165223240852356,0.30558639764785767],"zoom":1.0},"frame":1,"views":[{"camera0":[[1.0,0.0,0.0,0.0],[0.0,1.0,0.0,0.0],[0.0,0.0,1.0,0.0]],"camera1":[[1.0,0.0,0.0,0.0],[0.0,1.0,0.0,0.0],[0.0,0.0,1.0,0.0]],"full_resolution":[1920,1080],"relative_focal_length":[1.0,1.0],"screen_center":[0.4165223240852356,0.30558639764785767],"visualized_dimension":-1}]}
{"camera":{"aperture_size":0.0,"autofocus":false,"autofocus_depth":0.0,"autofocus_target":[0.5,0.5,0.5],"fov_axis":1,"matrix":[[1.0,0.0,0.0,0.0],[0.0,1.0,0.0,0.0],[0.0,0.0,1.0,0.0]],"relative_focal_length":[1.0,1.0],"scale":1.0,"screen_center":[0.4165223240852356,0.30558639764785767],"zoom":1.0},"frame":1,"views":[{"camera0":[[1.0,0.0,0.0,0.0],[0.0,1.0,0.0,0.0],[0.0,0.0,1.0,0.0]],"camera1":[[1.0,0.0,0.0,0.0],[0.0,1.0,0.0,0.0],[0.0,0.0,1.0,0.0]],"full_resolution":[1920,1080],"relative_focal_length":[1.0,1.0],"screen_center":[0.4165223240852356,0.30558639764785767],"visualized_dimension":-1}]}
{"camera":{"aperture_size":0.0,"autofocus":false,"autofocus_depth":0.0,"autofocus_target":[0.5,0.5,0.5],"fov_axis":1,"matrix":[[1.0,0.0,0.0,0.0],[0.0,1.0,0.0,0.0],[0.0,0.0,1.0,0.0]],"relative_focal_length":[1.0,1.0],"scale":1.0,"screen_center":[0.4165223240852356,0.30558639764785767],"zoom":1.0},"frame":1,"views":[{"camera0":[[1.0,0.0,0.0,0.0],[0.0,1.0,0.0,0.0],[0.0,0.0,1.0,0.0]],"camera1":[[1.0,0.0,0.0,0.0],[0.0,1.0,0.0,0.0],[0.0,0.0,1.0,0.0]],"full_resolution":[1920,1080],"relative_focal_length":[1.0,1.0],"screen_center":[0.4165223240852356,0.30558639764785767],"visualized_dimension":-1}]}
{"camera":{"aperture_size":0.0,"autofocus":false,"autofocus_depth":0.0,"autofocus_target":[0.5,0.5,0.5],"fov_axis":1,"matrix":[[1.0,0.0,0.0,0.0],[0.0,1.0,0.0,0.0],[0.0,0.0,1.0,0.0]],"relative_focal_length":[1.0,1.0],"scale":1.0,"screen_center":[0.4165223240852356,0.30558639764785767],"zoom":1.0},"frame":1,"views":[{"camera0":[[1.0,0.0,0.0,0.0],[0.0,1.0,0.0,0.0],[0.0,0.0,1.0,0.0]],"camera1":[[1.0,0.0,0.0,0.0],[0.0,1.0,0.0,0.0],[0.0,0.0,1.0,0.0]],"full_resolution":[1920,1080],"relative_focal_length":[1.0,1.0],"screen_center":[0.4165223240852356,0.30558639764785767],"visualized_dimension":-1}]}
{"camera":{"aperture_size":0.0,"autofocus":false,"autofocus_depth":0.0,"autofocus_target":[0.5,0.5,0.5],"fov_axis":1,"matrix":[[1.0,0.0,0.0,0.0],[0.0,1.0,0.0,0.0],[0.0,0.0,1.0,0.0]],"relative_focal_length":[1.0,1.0],"scale":1.0,"screen_center":[0.4165223240852356,0.30558639764785767],"zoom":1.0},"frame":1,"views":[{"camera0":[[1.0,0.0,0.0,0.0],[0.0,1.0,0.0,0.0],[0.0,0.0,1.0,0.0]],"camera1":[[1.0,0.0,0.0,0.0],[0.0,1.0,0.0,0.0],[0.0,0.0,1.0,0.0]],"full_resolution":[1920,1080],"relative_focal_length":[1.0,1.0],"screen_center":[0.4165223240852356,0.30558639764785767],"visualized_dimension":-1}]}
{"camera":{"aperture_size":0.0,"autofocus":false,"autofocus_depth":0.0,"autofocus_target":[0.5,0.5,0.5],"fov_axis":1,"matrix":[[1.0,0.0,0.0,0.0],[0.0,1.0,0.0,0.0],[0.0,0.0,1.0,0.0]],"relative_focal_length":[1.0,1.0],"scale":1.0,"screen_center":[0.4165223240852356,0.30558639764785767],"zoom":1.0},"frame":1,"views":[{"camera0":[[1.0,0.0,0.0,0.0],[0.0,1.0,0.0,0.0],[0.0,0.0,1.0,0.0]],"camera1":[[1.0,0.0,0.0,0.0],[0.0,1.0,0.0,0.0],[0.0,0.0,1.0,0.0]],"full_resolution":[1920,1080],"relative_focal_length":[1.0,1.0],"screen_center":[0.4165223240852356,0.30558639764785767],"visualized_dimension":-1}]}
{"camera":{"aperture_size":0.0,"autofocus":false,"autofocus_depth":0.0,"autofocus_target":[0.5,0.5,0.5],"fov_axis":1,"matrix":[[1.0,0.0,0.0,0.0],[0.0,1.0,0.0,0.0],[0.0,0.0,1.0,0.0]],"relative_focal_length":[1.0,1.0],"scale":1.0,"screen_center":[0.4165223240852356,0.30558639764785767],"zoom":1.0},"frame":1,"views":[{"camera0":[[1.0,0.0,0.0,0.0],[0.0,1.0,0.0,0.0],[0.0,0.0,1.0,0.0]],"camera1":[[1.0,0.0,0.0,0.0],[0.0,1.0,0.0,0.0],[0.0,0.0,1.0,0.0]],"full_resolution":[1920,1080],"relative_focal_length":[1.0,1.0],"screen_center":[0.4165223240852356,0.30558639764785767],"visualized_dimension":-1}]}
{"camera":{"aperture_size":0.0,"autofocus":false,"autofocus_depth":0.0,"autofocus_target":[0.5,0.5,0.5],"fov_axis":1,"matrix":[[1.0,0.0,0.0,0.0],[0.0,1.0,0.0,0.0],[0.0,0.0,1.0,0.0]],"relative_focal_length":[1.0,1.0],"scale":1.0,"screen_center":[0.4165223240852356,0.30558639764785767],"zoom":1.0},"frame":1,"views":[{"camera0":[[1.0,0.0,0.0,0.0],[0.0,1.0,0.0,0.0],[0.0,0.0,1.0,0.0]],"camera1":[[1.0,0.0,0.0,0.0],[0.0,1.0,0.0,0.0],[0.0,0.0,1.0,0.0]],"full_resolution":[1920,1080],"relative_focal_length":[1.0,1.0],"screen_center":[0.4165223240852356,0.30558639764785767],"visualized_dimension":-1}]}
{"camera":{"aperture_size":0.0,"autofocus":false,"autofocus_depth":0.0,"autofocus_target":[0.5,0.5,0.5],"fov_axis":1,"matrix":[[1.0,0.0,0.0,0.0],[0.0,1.0,0.0,0.0],[0.0,0.0,1.0,0.0]],"relative_focal_length":[1.0,1.0],"scale":1.0,"screen_center":[0.4165223240852356,0.30558639764785767],"zoom":1.0},"frame":2,"views":[{"camera0":[[1.0,0.0,0.0,0.0],[0.0,1.0,0.0,0.0],[0.0,0.0,1.0,0.0]],"camera1":[[1.0,0.0,0.0,0.0],[0.0,1.0,0.0,0.0],[0.0,0.0,1.0,0.0]],"full_resolution":[1920,1080],"relative_focal_length":[1.0,1.0],"screen_center":[0.4165223240852356,0.30558639764785767],"visualized_dimension":-1}]}
{"camera":{"aperture_size":0.0,"autofocus":false,"autofocus_depth":0.0,"autofocus_target":[0.5,0.5,0.5],"fov_axis":1,"matrix":[[1.0,0.0,0.0,0.0],[0.0,1.0,0.0,0.0],[0.0,0.0,1.0,0.0]],"relative_focal_length":[1.0,1.0],"scale":1.0,"screen_center":[0.4165223240852356,0.30558639764785767],"zoom":1.0},"frame":3,"views":[{"camera0":[[1.0,0.0,0.0,0.0],[0.0,1.0,0.0,0.0],[0.0,0.0,1.0,0.0]],"camera1":[[1.0,0.0,0.0,0.0],[0.0,1.0,0.0,0.0],[0.0,0.0,1.0,0.0]],"full_resolution":[1920,1080],"relative_focal_length":[1.0,1.0],"screen_center":[0.4165223240852356,0.30558639764785767],"visualized_dimension":-1}]}
{"camera":{"aperture_size":0.0,"autofocus":false,"autofocus_depth":0.0,"autofocus_target":[0.5,0.5,0.5],"fov_axis":1,"matrix":[[0.9975640773773193,-0.002434466267004609,-0.06971398741006851,0.06971398741006851],[0.0,0.9993908405303955,-0.034899499267339706,0.034899499267339706],[0.06975647807121277,0.034814488142728806,0.9969564080238342,0.0030435919761657715]],"relative_focal_length":[1.0,1.0],"scale":1.0,"screen_center":[0.4165223240852356,0.30558639764785767],"zoom":1.0},"frame":4,"views":[{"camera0":[[0.9975640773773193,-0.002434466267004609,-0.06971398741006851,0.06971398741006851],[0.0,0.9993908405303955,-0.034899499267339706,0.034899499267339706],[0.06975647807121277,0.034814488142728806,0.9969564080238342,0.0030435919761657715]],"camera1":[[0.9975640773773193,-0.002434466267004609,-0.06971398741006851,0.06971398741006851],[0.0,0.9993908405303955,-0.034899499267339706,0.034899499267339706],[0.06975647807121277,0.034814488142728806,0.9969564080238342,0.0030435919761657715]],"full_resolution":[1920,1080],"relative_focal_length":[1.0,1.0],"screen_center":[0.4165223240852356,0.30558639764785767],"visualized_dimension":-1}]}
{"camera":{"aperture_size":0.0,"autofocus":false,"autofocus_depth":0.0,"autofocus_target":[0.5,0.5,0.5],"fov_axis":1,"matrix":[[0.9961947202682495,-0.01363416388630867,-0.08608271926641464,0.08608271926641464],[0.0,0.9876883625984192,-0.15643447637557983,0.15643447637557983],[0.08715575188398361,0.155839204788208,0.9839299917221069,0.016070008277893066]],"relative_focal_length":[1.0,1.0],"scale":1.0,"screen_center":[0.4165223240852356,0.30558639764785767],"zoom":1.0},"frame":5,"views":[{"camera0":[[0.9961947202682495,-0.01363416388630867,-0.08608271926641464,0.08608271926641464],[0.0,0.9876883625984192,-0.15643447637557983,0.15643447637557983],[0.08715575188398361,0.155839204788208,0.9839299917221069,0.016070008277893066]],"camera1":[[0.9961947202682495,-0.01363416388630867,-0.08608271926641464,0.08608271926641464],[0.0,0.9876883625984192,-0.15643447637557983,0.15643447637557983],[0.08715575188398361,0.155839204788208,0.9839299917221069,0.016070008277893066]],"full_resolution":[1920,1080],"relative_focal_length":[1.0,1.0],"screen_center":[0.4165223240852356,0.30558639764785767],"visualized_dimension":-1}]}
{"camera":{"aperture_size":0.0,"autofocus":false,"autofocus_depth":0.0,"autofocus_target":[0.5,0.5,0.5],"fov_axis":1,"matrix":[[0.9986295104026794,-0.01761353760957718,-0.049283016473054886,0.049283016473054886],[0.0,0.9416665434837341,-0.3365475535392761,0.3365475535392761],[0.052335962653160095,0.3360862731933594,0.9403761029243469,0.059623897075653076]],"relative_focal_length":[1.0,1.0],"scale":1.0,"screen_center":[0.4165223240852356,0.30558639764785767],"zoom":1.0},"frame":6,"views":[{"camera0":[[0.9986295104026794,-0.01761353760957718,-0.049283016473054886,0.049283016473054886],[0.0,0.9416665434837341,-0.3365475535392761,0.3365475535392761],[0.052335962653160095,0.3360862731933594,0.9403761029243469,0.059623897075653076]],"camera1":[[0.9986295104026794,-0.01761353760957718,-0.049283016473054886,0.049283016473054886],[0.0,0.9416665434837341,-0.3365475535392761,0.3365475535392761],[0.052335962653160095,0.3360862731933594,0.9403761029243469,0.059623897075653076]],"full_resolution":[1920,1080],"relative_focal_length":[1.0,1.0],"screen_center":[0.4165223240852356,0.30558639764785767],"visualized_dimension":-1}]}
{"camera":{"aperture_size":0.0,"autofocus":false,"autofocus_depth":0.0,"autofocus_target":[0.5,0.5,0.5],"fov_axis":1,"matrix":[[0.9999322891235352,0.0056408848613500595,0.010176438838243484,-0.010176438838243484],[0.0,0.874619722366333,-0.4848096966743469,0.4848096966743469],[-0.011635258793830872,0.4847767949104309,0.874560534954071,0.12543946504592896]],"relative_focal_length":[1.0,1.0],"scale":1.0,"screen_center":[0.4165223240852356,0.30558639764785767],"zoom":1.0},"frame":7,"views":[{"camera0":[[0.9999322891235352,0.0056408848613500595,0.010176438838243484,-0.010176438838243484],[0.0,0.874619722366333,-0.4848096966743469,0.4848096966743469],[-0.011635258793830872,0.4847767949104309,0.874560534954071,0.12543946504592896]],"camera1":[[0.9999322891235352,0.0056408848613500595,0.010176438838243484,-0.010176438838243484],[0.0,0.874619722366333,-0.4848096966743469,0.4848096966743469],[-0.011635258793830872,0.4847767949104309,0.874560534954071,0.12543946504592896]],"full_resolution":[1920,1080],"relative_focal_length":[1.0,1.0],"screen_center":[0.4165223240852356,0.30558639764785767],"visualized_dimension":-1}]}
{"camera":{"aperture_size":0.0,"autofocus":false,"autofocus_depth":0.0,"autofocus_target":[0.5,0.5,0.5],"fov_axis":1,"matrix":[[0.9966849088668823,0.04743769019842148,0.06609766185283661,-0.06609766185283661],[1.1641532182693481e-10,0.8124228715896606,-0.5830687284469604,0.5830687284469604],[-0.08135867118835449,0.5811356902122498,0.8097296357154846,0.19027036428451538]],"relative_focal_length":[1.0,1.0],"scale":1.0,"screen_center":[0.4165223240852356,0.30558639764785767],"zoom":1.0},"frame":8,"views":[{"camera0":[[0.9966849088668823,0.04743769019842148,0.06609766185283661,-0.06609766185283661],[1.1641532182693481e-10,0.8124228715896606,-0.5830687284469604,0.5830687284469604],[-0.08135867118835449,0.5811356902122498,0.8097296357154846,0.19027036428451538]],"camera1":[[0.9966849088668823,0.04743769019842148,0.06609766185283661,-0.06609766185283661],[1.1641532182693481e-10,0.8124228715896606,-0.5830687284469604,0.5830687284469604],[-0.08135867118835449,0.5811356902122498,0.8097296357154846,0.19027036428451538]],"full_resolution":[1920,1080],"relative_focal_length":[1.0,1.0],"screen_center":[0.4165223240852356,0.30558639764785767],"visualized_dimension":-1}]}
{"camera":{"aperture_size":0.0,"autofocus":false,"autofocus_depth":0.0,"autofocus_target":[0.5,0.5,0.5],"fov_axis":1,"matrix":[[0.9876883625984192,0.10331535339355469,0.11746352910995483,-0.11746352910995483],[-9.313225746154785e-10,0.7508800029754639,-0.6604387164115906,0.6604387164115906],[-0.15643446147441864,0.6523075103759766,0.7416355013847351,0.2583644986152649]],"relative_focal_length":[1.0,1.0],"scale":1.0,"screen_center":[0.4165223240852356,0.30558639764785767],"zoom":1.0},"frame":9,"views":[{"camera0":[[0.9876883625984192,0.10331535339355469,0.11746352910995483,-0.11746352910995483],[-9.313225746154785e-10,0.7508800029754639,-0.6604387164115906,0.6604387164115906],[-0.15643446147441864,0.6523075103759766,0.7416355013847351,0.2583644986152649]],"camera1":[[0.9876883625984192,0.10331535339355469,0.11746352910995483,-0.11746352910995483],[-9.313225746154785e-10,0.7508800029754639,-0.6604387164115906,0.6604387164115906],[-0.15643446147441864,0.6523075103759766,0.7416355013847351,0.2583644986152649]],"full_resolution":[1920,1080],"relative_focal_length":[1.0,1.0],"screen_center":[0.4165223240852356,0.30558639764785767],"visualized_dimension":-1}]}
{"camera":{"aperture_size":0.0,"autofocus":false,"autofocus_depth":0.0,"autofocus_target":[0.5,0.5,0.5],"fov_axis":1,"matrix":[[0.9743700623512268,0.1680440604686737,0.1495465338230133,-0.1495465338230133],[0.0,0.6647958755493164,-0.747025191783905,0.747025191783905],[-0.22495105862617493,0.7278788089752197,0.6477572321891785,0.35224276781082153]],"relative_focal_length":[1.0,1.0],"scale":1.0,"screen_center":[0.4165223240852356,0.30558639764785767],"zoom":1.0},"frame":9,"views":[{"camera0":[[0.9743700623512268,0.1680440604686737,0.1495465338230133,-0.1495465338230133],[0.0,0.6647958755493164,-0.747025191783905,0.747025191783905],[-0.22495105862617493,0.7278788089752197,0.6477572321891785,0.35224276781082153]],"camera1":[[0.9743700623512268,0.1680440604686737,0.1495465338230133,-0.1495465338230133],[0.0,0.6647958755493164,-0.747025191783905,0.747025191783905],[-0.22495105862617493,0.7278788089752197,0.6477572321891785,0.35224276781082153]],"full_resolution":[1920,1080],"relative_focal_length":[1.0,1.0],"screen_center":[0.4165223240852356,0.30558639764785767],"visualized_dimension":-1}]}
{"camera":{"aperture_size":0.0,"autofocus":false,"autofocus_depth":0.0,"autofocus_target":[0.5,0.5,0.5],"fov_axis":1,"matrix":[[0.9473966360092163,0.27043652534484863,0.17118316888809204,-0.17118316888809204],[0.0,0.5348440408706665,-0.8449509739875793,0.8449509739875793],[-0.3200618624687195,0.8005034923553467,0.5067093968391418,0.49329060316085815]],"relative_focal_length":[1.0,1.0],"scale":1.0,"screen_center":[0.4165223240852356,0.30558639764785767],"zoom":1.0},"frame":9,"views":[{"camera0":[[0.9473966360092163,0.27043652534484863,0.17118316888809204,-0.17118316888809204],[0.0,0.5348440408706665,-0.8449509739875793,0.8449509739875793],[-0.3200618624687195,0.8005034923553467,0.5067093968391418,0.49329060316085815]],"camera1":[[0.9473966360092163,0.27043652534484863,0.17118316888809204,-0.17118316888809204],[0.0,0.5348440408706665,-0.8449509739875793,0.8449509739875793],[-0.3200618624687195,0.8005034923553467,0.5067093968391418,0.49329060316085815]],"full_resolution":[1920,1080],"relative_focal_length":[1.0,1.0],"screen_center":[0.4165223240852356,0.30558639764785767],"visualized_dimension":-1}]}
{"camera":{"aperture_size":0.0,"autofocus":false,"autofocus_depth":0.0,"autofocus_target":[0.5,0.5,0.5],"fov_axis":1,"matrix":[[0.896228551864624,0.4131975769996643,0.1613759696483612,-0.1613759696483612],[-3.725290298461914e-09,0.3637932538986206,-0.9314798712730408,0.9314798712730408],[-0.4435926675796509,0.8348186016082764,0.32604172825813293,0.6739583015441895]],"relative_focal_length":[1.0,1.0],"scale":1.0,"screen_center":[0.4165223240852356,0.30558639764785767],"zoom":1.0},"frame":9,"views":[{"camera0":[[0.896228551864624,0.4131975769996643,0.1613759696483612,-0.1613759696483612],[-3.725290298461914e-09,0.3637932538986206,-0.9314798712730408,0.9314798712730408],[-0.4435926675796509,0.8348186016082764,0.32604172825813293,0.6739583015441895]],"camera1":[[0.896228551864624,0.4131975769996643,0.1613759696483612,-0.1613759696483612],[-3.725290298461914e-09,0.3637932538986206,-0.9314798712730408,0.9314798712730408],[-0.4435926675796509,0.8348186016082764,0.32604172825813293,0.6739583015441895]],"full_resolution":[1920,1080],"relative_focal_length":[1.0,1.0],"screen_center":[0.4165223240852356,0.30558639764785767],"visualized_dimension":-1}]}
{"camera":{"aperture_size":0.0,"autofocus":false,"autofocus_depth":0.0,"autofocus_target":[0.5,0.5,0.5],"fov_axis":1,"matrix":[[0.8386706113815308,0.5374288558959961,0.08832836151123047,-0.08832836151123047],[-7.450580596923828e-09,0.16217796504497528,-0.9867616891860962,0.9867616891860962],[-0.544638991355896,0.8275677561759949,0.1360137015581131,0.8639863133430481]],"relative_focal_length":[1.0,1.0],"scale":1.0,"screen_center":[0.4165223240852356,0.30558639764785767],"zoom":1.0},"frame":10,"views":[{"camera0":[[0.8386706113815308,0.5374288558959961,0.08832836151123047,-0.08832836151123047],[-7.450580596923828e-09,0.16217796504497528,-0.9867616891860962,0.9867616891860962],[-0.544638991355896,0.8275677561759949,0.1360137015581131,0.8639863133430481]],"camera1":[[0.8386706113815308,0.5374288558959961,0.08832836151123047,-0.08832836151123047],[-7.450580596923828e-09,0.16217796504497528,-0.9867616891860962,0.9867616891860962],[-0.544638991355896,0.8275677561759949,0.1360137015581131,0.8639863133430481]],"full_resolution":[1920,1080],"relative_focal_length":[1.0,1.0],"screen_center":[0.4165223240852356,0.30558639764785767],"visualized_dimension":-1}]}
{"camera":{"aperture_size":0.0,"autofocus":false,"autofocus_depth":0.0,"autofocus_target":[0.5,0.5,0.5],"fov_axis":1,"matrix":[[0.7807940244674683,0.6247779130935669,-0.003634943626821041,0.003634943626821041],[-7.450580596923828e-09,-0.005817674100399017,-0.9999832510948181,0.9999832510948181],[-0.6247885227203369,0.7807807922363281,-0.004542618989944458,1.004542589187622]],"relative_focal_length":[1.0,1.0],"scale":1.0,"screen_center":[0.4165223240852356,0.30558639764785767],"zoom":1.0},"frame":11,"views":[{"camera0":[[0.7807940244674683,0.6247779130935669,-0.003634943626821041,0.003634943626821041],[-7.450580596923828e-09,-0.005817674100399017,-0.9999832510948181,0.9999832510948181],[-0.6247885227203369,0.7807807922363281,-0.004542618989944458,1.004542589187622]],"camera1":[[0.7807940244674683,0.6247779130935669,-0.003634943626821041,0.003634943626821041],[-7.450580596923828e-09,-0.005817674100399017,-0.9999832510948181,0.9999832510948181],[-0.6247885227203369,0.7807807922363281,-0.004542618989944458,1.004542589187622]],"full_resolution":[1920,1080],"relative_focal_length":[1.0,1.0],"screen_center":[0.4165223240852356,0.30558639764785767],"visualized_dimension":-1}]}
{"camera":{"aperture_size":0.0,"autofocus":false,"autofocus_depth":0.0,"autofocus_target":[0.5,0.5,0.5],"fov_axis":1,"matrix":[[0.7392394542694092,0.6668888330459595,-0.09372523427009583,0.09372523427009583],[-1.4901161193847656e-08,-0.13917303085327148,-0.9902682304382324,0.9902682304382324],[-0.6734426617622375,0.7320451736450195,-0.10288241505622864,1.1028823852539063]],"relative_focal_length":[1.0,1.0],"scale":1.0,"screen_center":[0.4165223240852356,0.30558639764785767],"zoom":1.0},"frame":11,"views":[{"camera0":[[0.7392394542694092,0.6668888330459595,-0.09372523427009583,0.09372523427009583],[-1.4901161193847656e-08,-0.13917303085327148,-0.9902682304382324,0.9902682304382324],[-0.6734426617622375,0.7320451736450195,-0.10288241505622864,1.1028823852539063]],"camera1":[[0.7392394542694092,0.6668888330459595,-0.09372523427009583,0.09372523427009583],[-1.4901161193847656e-08,-0.13917303085327148,-0.9902682304382324,0.9902682304382324],[-0.6734426617622375,0.7320451736450195,-0.10288241505622864,1.1028823852539063]],"full_resolution":[1920,1080],"relative_focal_length":[1.0,1.0],"screen_center":[0.4165223240852356,0.30558639764785767],"visualized_dimension":-1}]}
{"camera":{"aperture_size":0.0,"autofocus":false,"autofocus_depth":0.0,"autofocus_target":[0.5,0.5,0.5],"fov_axis":1,"matrix":[[0.6946584582328796,0.6669602990150452,-0.26946958899497986,0.26946958899497986],[-1.4901161193847656e-08,-0.37460654973983765,-0.927183985710144,0.927183985710144],[-0.7193397283554077,0.6440759301185608,-0.26022380590438843,1.2602238655090332]],"relative_focal_length":[1.0,1.0],"scale":1.0,"screen_center":[0.4165223240852356,0.30558639764785767],"zoom":1.0},"frame":12,"views":[{"camera0":[[0.6946584582328796,0.6669602990150452,-0.26946958899497986,0.26946958899497986],[-1.4901161193847656e-08,-0.37460654973983765,-0.927183985710144,0.927183985710144],[-0.7193397283554077,0.6440759301185608,-0.26022380590438843,1.2602238655090332]],"camera1":[[0.6946584582328796,0.6669602990150452,-0.26946958899497986,0.26946958899497986],[-1.4901161193847656e-08,-0.37460654973983765,-0.927183985710144,0.927183985710144],[-0.7193397283554077,0.6440759301185608,-0.26022380590438843,1.2602238655090332]],"full_resolution":[1920,1080],"relative_focal_length":[1.0,1.0],"screen_center":[0.4165223240852356,0.30558639764785767],"visualized_dimension":-1}]}
{"camera":{"aperture_size":0.0,"autofocus":false,"autofocus_depth":0.0,"autofocus_target":[0.5,0.5,0.5],"fov_axis":1,"matrix":[[0.6734427213668823,0.5851665735244751,-0.45172467827796936,0.45172467827796936],[-1.4901161193847656e-08,-0.6110665798187256,-0.7915791869163513,0.7915791869163513],[-0.7392393350601196,0.5330831408500671,-0.41151857376098633,1.4115185737609863]],"relative_focal_length":[1.0,1.0],"scale":1.0,"screen_center":[0.4165223240852356,0.30558639764785767],"zoom":1.0},"frame":13,"views":[{"camera0":[[0.6734427213668823,0.5851665735244751,-0.45172467827796936,0.45172467827796936],[-1.4901161193847656e-08,-0.6110665798187256,-0.7915791869163513,0.7915791869163513],[-0.7392393350601196,0.5330831408500671,-0.41151857376098633,1.4115185737609863]],"camera1":[[0.6734427213668823,0.5851665735244751,-0.45172467827796936,0.45172467827796936],[-1.4901161193847656e-08,-0.6110665798187256,-0.7915791869163513,0.7915791869163513],[-0.7392393350601196,0.5330831408500671,-0.41151857376098633,1.4115185737609863]],"full_resolution":[1920,1080],"relative_focal_length":[1.0,1.0],"screen_center":[0.4165223240852356,0.30558639764785767],"visualized_dimension":-1}]}
{"camera":{"aperture_size":0.0,"autofocus":false,"autofocus_depth":0.0,"autofocus_target":[0.5,0.5,0.5],"fov_axis":1,"matrix":[[0.6604387164115906,0.4483945667743683,-0.6022984981536865,0.6022984981536865],[-1.4901161193847656e-08,-0.8021231293678284,-0.5971586108207703,0.5971586108207703],[-0.7508798837661743,0.39438652992248535,-0.5297533273696899,1.52975332736969]],"relative_focal_length":[1.0,1.0],"scale":1.0,"screen_center":[0.4165223240852356,0.30558639764785767],"zoom":1.0},"frame":14,"views":[{"camera0":[[0.6604387164115906,0.4483945667743683,-0.6022984981536865,0.6022984981536865],[-1.4901161193847656e-08,-0.8021231293678284,-0.5971586108207703,0.5971586108207703],[-0.7508798837661743,0.39438652992248535,-0.5297533273696899,1.52975332736969]],"camera1":[[0.6604387164115906,0.4483945667743683,-0.6022984981536865,0.6022984981536865],[-1.4901161193847656e-08,-0.8021231293678284,-0.5971586108207703,0.5971586108207703],[-0.7508798837661743,0.39438652992248535,-0.5297533273696899,1.52975332736969]],"full_resolution":[1920,1080],"relative_focal_length":[1.0,1.0],"screen_center":[0.4165223240852356,0.30558639764785767],"visualized_dimension":-1}]}
{"camera":{"aperture_size":0.0,"autofocus":false,"autofocus_depth":0.0,"autofocus_target":[0.5,0.5,0.5],"fov_axis":1,"matrix":[[0.6604387164115906,0.25681623816490173,-0.7055965662002563,0.7055965662002563],[-1.4901161193847656e-08,-0.9396925568580627,-0.34202006459236145,0.34202006459236145],[-0.7508798241615295,0.22588321566581726,-0.6206094622612,1.6206095218658447]],"relative_focal_length":[1.0,1.0],"scale":1.0,"screen_center":[0.4165223240852356,0.30558639764785767],"zoom":1.0},"frame":15,"views":[{"camera0":[[0.6604387164115906,0.25681623816490173,-0.7055965662002563,0.7055965662002563],[-1.4901161193847656e-08,-0.9396925568580627,-0.34202006459236145,0.34202006459236145],[-0.7508798241615295,0.22588321566581726,-0.6206094622612,1.6206095218658447]],"camera1":[[0.6604387164115906,0.25681623816490173,-0.7055965662002563,0.7055965662002563],[-1.4901161193847656e-08,-0.9396925568580627,-0.34202006459236145,0.34202006459236145],[-0.7508798241615295,0.22588321566581726,-0.6206094622612,1.6206095218658447]],"full_resolution":[1920,1080],"relative_focal_length":[1.0,1.0],"screen_center":[0.4165223240852356,0.30558639764785767],"visualized_dimension":-1}]}
{"camera":{"aperture_size":0.0,"autofocus":false,"autofocus_depth":0.0,"autofocus_target":[0.5,0.5,0.5],"fov_axis":1,"matrix":[[0.6516572833061218,0.17921634018421173,-0.7370376586914063,0.7370376586914063],[-1.1175870895385742e-08,-0.9716867208480835,-0.23627279698848724,0.23627279698848724],[-0.7585133910179138,0.15396884083747864,-0.6332069039344788,1.633206844329834]],"relative_focal_length":[1.0,1.0],"scale":1.0,"screen_center":[0.4165223240852356,0.30558639764785767],"zoom":1.0},"frame":16,"views":[{"camera0":[[0.6516572833061218,0.17921634018421173,-0.7370376586914063,0.7370376586914063],[-1.1175870895385742e-08,-0.9716867208480835,-0.23627279698848724,0.23627279698848724],[-0.7585133910179138,0.15396884083747864,-0.6332069039344788,1.633206844329834]],"camera1":[[0.6516572833061218,0.17921634018421173,-0.7370376586914063,0.7370376586914063],[-1.1175870895385742e-08,-0.9716867208480835,-0.23627279698848724,0.23627279698848724],[-0.7585133910179138,0.15396884083747864,-0.6332069039344788,1.633206844329834]],"full_resolution":[1920,1080],"relative_focal_length":[1.0,1.0],"screen_center":[0.4165223240852356,0.30558639764785767],"visualized_dimension":-1}]}
{"camera":{"aperture_size":0.0,"autofocus":false,"autofocus_depth":0.0,"autofocus_target":[0.5,0.5,0.5],"fov_axis":1,"matrix":[[0.6338310241699219,0.08979474008083344,-0.7682417035102844,0.7682417035102844],[-1.1175870895385742e-08,-0.9932383894920349,-0.11609281599521637,0.11609281599521637],[-0.7734713554382324,0.07358317077159882,-0.6295453906059265,1.6295453310012817]],"relative_focal_length":[1.0,1.0],"scale":1.0,"screen_center":[0.4165223240852356,0.30558639764785767],"zoom":1.0},"frame":17,"views":[{"camera0":[[0.6338310241699219,0.08979474008083344,-0.7682417035102844,0.7682417035102844],[-1.1175870895385742e-08,-0.9932383894920349,-0.11609281599521637,0.11609281599521637],[-0.7734713554382324,0.07358317077159882,-0.6295453906059265,1.6295453310012817]],"camera1":[[0.6338310241699219,0.08979474008083344,-0.7682417035102844,0.7682417035102844],[-1.1175870895385742e-08,-0.9932383894920349,-0.11609281599521637,0.11609281599521637],[-0.7734713554382324,0.07358317077159882,-0.6295453906059265,1.6295453310012817]],"full_resolution":[1920,1080],"relative_focal_length":[1.0,1.0],"screen_center":[0.4165223240852356,0.30558639764785767],"visualized_dimension":-1}]}
{"camera":{"aperture_size":0.0,"autofocus":false,"autofocus_depth":0.0,"autofocus_target":[0.5,0.5,0.5],"fov_axis":1,"matrix":[[0.606451153755188,-0.023125670850276947,-0.7947844862937927,0.7947844862937927],[0.0,-0.999576985836029,0.029084816575050354,-0.029084816575050354],[-0.7951205968856812,-0.01763860136270523,-0.6061946749687195,1.6061946153640747]],"relative_focal_length":[1.0,1.0],"scale":1.0,"screen_center":[0.4165223240852356,0.30558639764785767],"zoom":1.0},"frame":17,"views":[{"camera0":[[0.606451153755188,-0.023125670850276947,-0.7947844862937927,0.7947844862937927],[0.0,-0.999576985836029,0.029084816575050354,-0.029084816575050354],[-0.7951205968856812,-0.01763860136270523,-0.6061946749687195,1.6061946153640747]],"camera1":[[0.606451153755188,-0.023125670850276947,-0.7947844862937927,0.7947844862937927],[0.0,-0.999576985836029,0.029084816575050354,-0.029084816575050354],[-0.7951205968856812,-0.01763860136270523,-0.6061946749687195,1.6061946153640747]],"full_resolution":[1920,1080],"relative_focal_length":[1.0,1.0],"screen_center":[0.4165223240852356,0.30558639764785767],"visualized_dimension":-1}]}
{"camera":{"aperture_size":0.0,"autofocus":false,"autofocus_depth":0.0,"autofocus_target":[0.5,0.5,0.5],"fov_axis":1,"matrix":[[0.5543603301048279,-0.19664423167705536,-0.8087123036384583,0.8087123036384583],[7.450580596923828e-09,-0.9716867804527283,0.23627300560474396,-0.23627300560474396],[-0.8322766423225403,-0.1309805065393448,-0.5386647582054138,1.538664698600769]],"relative_focal_length":[1.0,1.0],"scale":1.0,"screen_center":[0.4165223240852356,0.30558639764785767],"zoom":1.0},"frame":18,"views":[{"camera0":[[0.5543603301048279,-0.19664423167705536,-0.8087123036384583,0.8087123036384583],[7.450580596923828e-09,-0.9716867804527283,0.23627300560474396,-0.23627300560474396],[-0.8322766423225403,-0.1309805065393448,-0.5386647582054138,1.538664698600769]],"camera1":[[0.5543603301048279,-0.19664423167705536,-0.8087123036384583,0.8087123036384583],[7.450580596923828e-09,-0.9716867804527283,0.23627300560474396,-0.23627300560474396],[-0.8322766423225403,-0.1309805065393448,-0.5386647582054138,1.538664698600769]],"full_resolution":[1920,1080],"relative_focal_length":[1.0,1.0],"screen_center":[0.4165223240852356,0.30558639764785767],"visualized_dimension":-1}]}
{"camera":{"aperture_size":0.0,"autofocus":false,"autofocus_depth":0.0,"autofocus_target":[0.5,0.5,0.5],"fov_axis":1,"matrix":[[0.4949532151222229,-0.35342127084732056,-0.793797492980957,0.793797492980957],[7.450580596923828e-09,-0.9135454893112183,0.4067367911338806,-0.4067367911338806],[-0.8689195513725281,-0.20131585001945496,-0.4521624743938446,1.4521623849868774]],"relative_focal_length":[1.0,1.0],"scale":1.0,"screen_center":[0.4165223240852356,0.30558639764785767],"zoom":1.0},"frame":19,"views":[{"camera0":[[0.4949532151222229,-0.35342127084732056,-0.793797492980957,0.793797492980957],[7.450580596923828e-09,-0.9135454893112183,0.4067367911338806,-0.4067367911338806],[-0.8689195513725281,-0.20131585001945496,-0.4521624743938446,1.4521623849868774]],"camera1":[[0.4949532151222229,-0.35342127084732056,-0.793797492980957,0.793797492980957],[7.450580596923828e-09,-0.9135454893112183,0.4067367911338806,-0.4067367911338806],[-0.8689195513725281,-0.20131585001945496,-0.4521624743938446,1.4521623849868774]],"full_resolution":[1920,1080],"relative_focal_length":[1.0,1.0],"screen_center":[0.4165223240852356,0.30558639764785767],"visualized_dimension":-1}]}
{"camera":{"aperture_size":0.0,"autofocus":false,"autofocus_depth":0.0,"autofocus_target":[0.5,0.5,0.5],"fov_axis":1,"matrix":[[0.4848095774650574,-0.3696300685405731,-0.7926745414733887,0.7926745414733887],[6.984919309616089e-09,-0.9063078761100769,0.42261841893196106,-0.42261841893196106],[-0.8746196031570435,-0.20488964021205902,-0.43938690423965454,1.4393868446350098]],"relative_focal_length":[1.0,1.0],"scale":1.0,"screen_center":[0.4165223240852356,0.30558639764785767],"zoom":1.0},"frame":20,"views":[{"camera0":[[0.4848095774650574,-0.3696300685405731,-0.7926745414733887,0.7926745414733887],[6.984919309616089e-09,-0.9063078761100769,0.42261841893196106,-0.42261841893196106],[-0.8746196031570435,-0.20488964021205902,-0.43938690423965454,1.4393868446350098]],"camera1":[[0.4848095774650574,-0.3696300685405731,-0.7926745414733887,0.7926745414733887],[6.984919309616089e-09,-0.9063078761100769,0.42261841893196106,-0.42261841893196106],[-0.8746196031570435,-0.20488964021205902,-0.43938690423965454,1.4393868446350098]],"full_resolution":[1920,1080],"relative_focal_length":[1.0,1.0],"screen_center":[0.4165223240852356,0.30558639764785767],"visualized_dimension":-1}]}
{"camera":{"aperture_size":0.0,"autofocus":false,"autofocus_depth":0.0,"autofocus_target":[0.5,0.5,0.5],"fov_axis":1,"matrix":[[0.34748122096061707,-0.6968370676040649,-0.6274349093437195,0.6274349093437195],[0.0,-0.6691307425498962,0.7431449890136719,-0.7431449890136719],[-0.9376868009567261,-0.25822916626930237,-0.2325104922056198,1.2325104475021362]],"relative_focal_length":[1.0,1.0],"scale":1.0,"screen_center":[0.4165223240852356,0.30558639764785767],"zoom":1.0},"frame":21,"views":[{"camera0":[[0.34748122096061707,-0.6968370676040649,-0.6274349093437195,0.6274349093437195],[0.0,-0.6691307425498962,0.7431449890136719,-0.7431449890136719],[-0.9376868009567261,-0.25822916626930237,-0.2325104922056198,1.2325104475021362]],"camera1":[[0.34748122096061707,-0.6968370676040649,-0.6274349093437195,0.6274349093437195],[0.0,-0.6691307425498962,0.7431449890136719,-0.7431449890136719],[-0.9376868009567261,-0.25822916626930237,-0.2325104922056198,1.2325104475021362]],"full_resolution":[1920,1080],"relative_focal_length":[1.0,1.0],"screen_center":[0.4165223240852356,0.30558639764785767],"visualized_dimension":-1}]}
{"camera":{"aperture_size":0.0,"autofocus":false,"autofocus_depth":0.0,"autofocus_target":[0.5,0.5,0.5],"fov_axis":1,"matrix":[[0.3420201241970062,-0.7163199186325073,-0.6082003116607666,0.6082003116607666],[-9.313225746154785e-10,-0.6472334861755371,0.7622920274734497,-0.7622920274734497],[-0.9396924376487732,-0.2607194483280182,-0.2213670015335083,1.2213670015335083]],"relative_focal_length":[1.0,1.0],"scale":1.0,"screen_center":[0.4165223240852356,0.30558639764785767],"zoom":1.0},"frame":22,"views":[{"camera0":[[0.3420201241970062,-0.7163199186325073,-0.6082003116607666,0.6082003116607666],[-9.313225746154785e-10,-0.6472334861755371,0.7622920274734497,-0.7622920274734497],[-0.9396924376487732,-0.2607194483280182,-0.2213670015335083,1.2213670015335083]],"camera1":[[0.3420201241970062,-0.7163199186325073,-0.6082003116607666,0.6082003116607666],[-9.313225746154785e-10,-0.6472334861755371,0.7622920274734497,-0.7622920274734497],[-0.9396924376487732,-0.2607194483280182,-0.2213670015335083,1.2213670015335083]],"full_resolution":[1920,1080],"relative_focal_length":[1.0,1.0],"screen_center":[0.4165223240852356,0.30558639764785767],"visualized_dimension":-1}]}
{"camera":{"aperture_size":0.0,"autofocus":false,"autofocus_depth":0.0,"autofocus_target":[0.5,0.5,0.5],"fov_axis":1,"matrix":[[0.33654743432998657,-0.7213581800460815,-0.6052913665771484,0.6052913665771484],[-8.149072527885437e-10,-0.6427876949310303,0.7660446166992188,-0.7660446166992188],[-0.9416663646697998,-0.2578105926513672,-0.2163287103176117,1.216328740119934]],"relative_focal_length":[1.0,1.0],"scale":1.0,"screen_center":[0.4165223240852356,0.30558639764785767],"zoom":1.0},"frame":23,"views":[{"camera0":[[0.33654743432998657,-0.7213581800460815,-0.6052913665771484,0.6052913665771484],[-8.149072527885437e-10,-0.6427876949310303,0.7660446166992188,-0.7660446166992188],[-0.9416663646697998,-0.2578105926513672,-0.2163287103176117,1.216328740119934]],"camera1":[[0.33654743432998657,-0.7213581800460815,-0.6052913665771484,0.6052913665771484],[-8.149072527885437e-10,-0.6427876949310303,0.7660446166992188,-0.7660446166992188],[-0.9416663646697998,-0.2578105926513672,-0.2163287103176117,1.216328740119934]],"full_resolution":[1920,1080],"relative_focal_length":[1.0,1.0],"screen_center":[0.4165223240852356,0.30558639764785767],"visualized_dimension":-1}]}
{"camera":{"aperture_size":0.0,"autofocus":false,"autofocus_depth":0.0,"autofocus_target":[0.5,0.5,0.5],"fov_axis":1,"matrix":[[0.33654743432998657,-0.7213581800460815,-0.6052913665771484,0.6052913665771484],[-8.149072527885437e-10,-0.6427876949310303,0.7660446166992188,-0.7660446166992188],[-0.9416663646697998,-0.2578105926513672,-0.2163287103176117,1.216328740119934]],"relative_focal_length":[1.0,1.0],"scale":1.0,"screen_center":[0.4165223240852356,0.30558639764785767],"zoom":1.0},"frame":24,"views":[{"camera0":[[0.33654743432998657,-0.7213581800460815,-0.6052913665771484,0.6052913665771484],[-8.149072527885437e-10,-0.6427876949310303,0.7660446166992188,-0.7660446166992188],[-0.9416663646697998,-0.2578105926513672,-0.2163287103176117,1.216328740119934]],"camera1":[[0.33654743432998657,-0.7213581800460815,-0.6052913665771484,0.6052913665771484],[-8.149072527885437e-10,-0.6427876949310303,0.7660446166992188,-0.7660446166992188],[-0.9416663646697998,-0.2578105926513672,-0.2163287103176117,1.216328740119934]],"full_resolution":[1920,1080],"relative_focal_length":[1.0,1.0],"screen_center":[0.4165223240852356,0.30558639764785767],"visualized_dimension":-1}]}
