{"camera":{"aperture_size":0.0,"autofocus":false,"autofocus_depth":0.0,"autofocus_target":[0.5,0.5,0.5],"fov_axis":1,"matrix":[[0.9135453104972839,0.04956861212849617,-0.4037047326564789,0.2487315833568573],[1.862645149230957e-09,-0.992546558380127,-0.12186919152736664,0.4767192602157593],[-0.4067366421222687,0.11133287101984024,-0.9067358374595642,0.9955409169197083]],"relative_focal_length":[1.0,1.0],"scale":0.12284590303897858,"screen_center":[0.49892282485961914,0.4927228093147278],"zoom":1.0},"frame":1,"views":[{"camera0":[[0.9330170750617981,-0.0017166435718536377,0.35982745885849,0.4052208662033081],[-0.11984804272651672,-0.9443753361701965,0.3062554597854614,0.5160747766494751],[0.3392861485481262,-0.328866183757782,-0.8813237547874451,1.1994847059249878]],"camera1":[[0.9330170750617981,-0.0017166435718536377,0.35982745885849,0.4052208662033081],[-0.11984804272651672,-0.9443753361701965,0.3062554597854614,0.5160747766494751],[0.3392861485481262,-0.328866183757782,-0.8813237547874451,1.1994847059249878]],"full_resolution":[2064,2272],"relative_focal_length":[0.4356694221496582,0.4339345097541809],"screen_center":[0.3787437081336975,0.5965937376022339],"visualized_dimension":-1},{"camera0":[[0.9330170750617981,-0.0017166435718536377,0.35982745885849,0.4121806025505066],[-0.11984804272651672,-0.9443753361701965,0.3062554597854614,0.5151808261871338],[0.3392861485481262,-0.328866183757782,-0.8813237547874451,1.2020155191421509]],"camera1":[[0.9330170750617981,-0.0017166435718536377,0.35982745885849,0.4121806025505066],[-0.11984804272651672,-0.9443753361701965,0.3062554597854614,0.5151808261871338],[0.3392861485481262,-0.328866183757782,-0.8813237547874451,1.2020155191421509]],"full_resolution":[2064,2272],"relative_focal_length":[0.4356694221496582,0.4339345097541809],"screen_center":[0.6212562918663025,0.5965937376022339],"visualized_dimension":-1}]}
{"camera":{"aperture_size":0.0,"autofocus":false,"autofocus_depth":0.0,"autofocus_target":[0.5,0.5,0.5],"fov_axis":1,"matrix":[[0.9135453104972839,0.04956861212849617,-0.4037047326564789,0.2487315833568573],[1.862645149230957e-09,-0.992546558380127,-0.12186919152736664,0.4767192602157593],[-0.4067366421222687,0.11133287101984024,-0.9067358374595642,0.9955409169197083]],"relative_focal_length":[1.0,1.0],"scale":0.12284590303897858,"screen_center":[0.49892282485961914,0.4927228093147278],"zoom":1.0},"frame":1,"views":[{"camera0":[[0.936008632183075,-0.004683256149291992,0.35194531083106995,0.405448853969574],[-0.11735311150550842,-0.946850597858429,0.29950451850891113,0.5160166621208191],[0.33183664083480835,-0.3216407001018524,-0.8868096470832825,1.2012513875961304]],"camera1":[[0.936008632183075,-0.004683256149291992,0.35194531083106995,0.405448853969574],[-0.11735311150550842,-0.946850597858429,0.29950451850891113,0.5160166621208191],[0.33183664083480835,-0.3216407001018524,-0.8868096470832825,1.2012513875961304]],"full_resolution":[2064,2272],"relative_focal_length":[0.4356694221496582,0.4339345097541809],"screen_center":[0.3787437081336975,0.5965937376022339],"visualized_dimension":-1},{"camera0":[[0.936008632183075,-0.004683256149291992,0.35194531083106995,0.41243088245391846],[-0.11735311150550842,-0.946850597858429,0.29950451850891113,0.5151412487030029],[0.33183664083480835,-0.3216407001018524,-0.8868096470832825,1.2037266492843628]],"camera1":[[0.936008632183075,-0.004683256149291992,0.35194531083106995,0.41243088245391846],[-0.11735311150550842,-0.946850597858429,0.29950451850891113,0.5151412487030029],[0.33183664083480835,-0.3216407001018524,-0.8868096470832825,1.2037266492843628]],"full_resolution":[2064,2272],"relative_focal_length":[0.4356694221496582,0.4339345097541809],"screen_center":[0.6212562918663025,0.5965937376022339],"visualized_dimension":-1}]}
{"camera":{"aperture_size":0.0,"autofocus":false,"autofocus_depth":0.0,"autofocus_target":[0.5,0.5,0.5],"fov_axis":1,"matrix":[[0.9135453104972839,0.04956861212849617,-0.4037047326564789,0.2487315833568573],[1.862645149230957e-09,-0.992546558380127,-0.12186919152736664,0.4767192602157593],[-0.4067366421222687,0.11133287101984024,-0.9067358374595642,0.9955409169197083]],"relative_focal_length":[1.0,1.0],"scale":0.12284590303897858,"screen_center":[0.49892282485961914,0.4927228093147278],"zoom":1.0},"frame":2,"views":[{"camera0":[[0.9357776641845703,-0.008755028247833252,0.3524811863899231,0.40557992458343506],[-0.11708145588636398,-0.9506831169128418,0.2872180938720703,0.5161187052726746],[0.3325830399990082,-0.31004130840301514,-0.8906528949737549,1.2022724151611328]],"camera1":[[0.9357776641845703,-0.008755028247833252,0.3524811863899231,0.40557992458343506],[-0.11708145588636398,-0.9506831169128418,0.2872180938720703,0.5161187052726746],[0.3325830399990082,-0.31004130840301514,-0.8906528949737549,1.2022724151611328]],"full_resolution":[2064,2272],"relative_focal_length":[0.4356694221496582,0.4339345097541809],"screen_center":[0.3787437081336975,0.5965937376022339],"visualized_dimension":-1},{"camera0":[[0.9357776641845703,-0.008755028247833252,0.3524811863899231,0.41256022453308105],[-0.11708145588636398,-0.9506831169128418,0.2872180938720703,0.5152453780174255],[0.3325830399990082,-0.31004130840301514,-0.8906528949737549,1.2047532796859741]],"camera1":[[0.9357776641845703,-0.008755028247833252,0.3524811863899231,0.41256022453308105],[-0.11708145588636398,-0.9506831169128418,0.2872180938720703,0.5152453780174255],[0.3325830399990082,-0.31004130840301514,-0.8906528949737549,1.2047532796859741]],"full_resolution":[2064,2272],"relative_focal_length":[0.4356694221496582,0.4339345097541809],"screen_center":[0.6212562918663025,0.5965937376022339],"visualized_dimension":-1}]}
{"camera":{"aperture_size":0.0,"autofocus":false,"autofocus_depth":0.0,"autofocus_target":[0.5,0.5,0.5],"fov_axis":1,"matrix":[[0.9135453104972839,0.04956861212849617,-0.4037047326564789,0.2487315833568573],[1.862645149230957e-09,-0.992546558380127,-0.12186919152736664,0.4767192602157593],[-0.4067366421222687,0.11133287101984024,-0.9067358374595642,0.9955409169197083]],"relative_focal_length":[1.0,1.0],"scale":0.12284590303897858,"screen_center":[0.49892282485961914,0.4927228093147278],"zoom":1.0},"frame":3,"views":[{"camera0":[[0.9370046854019165,0.0009739398956298828,0.34931501746177673,0.4058873653411865],[-0.1067737266421318,-0.9513373374938965,0.2890629768371582,0.5163220167160034],[0.3325977027416229,-0.3081510365009308,-0.8913031816482544,1.204325556755066]],"camera1":[[0.9370046854019165,0.0009739398956298828,0.34931501746177673,0.4058873653411865],[-0.1067737266421318,-0.9513373374938965,0.2890629768371582,0.5163220167160034],[0.3325977027416229,-0.3081510365009308,-0.8913031816482544,1.204325556755066]],"full_resolution":[2064,2272],"relative_focal_length":[0.4356694221496582,0.4339345097541809],"screen_center":[0.3787437081336975,0.5965937376022339],"visualized_dimension":-1},{"camera0":[[0.9370046854019165,0.0009739398956298828,0.34931501746177673,0.41287678480148315],[-0.1067737266421318,-0.9513373374938965,0.2890629768371582,0.5155255794525146],[0.3325977027416229,-0.3081510365009308,-0.8913031816482544,1.2068064212799072]],"camera1":[[0.9370046854019165,0.0009739398956298828,0.34931501746177673,0.41287678480148315],[-0.1067737266421318,-0.9513373374938965,0.2890629768371582,0.5155255794525146],[0.3325977027416229,-0.3081510365009308,-0.8913031816482544,1.2068064212799072]],"full_resolution":[2064,2272],"relative_focal_length":[0.4356694221496582,0.4339345097541809],"screen_center":[0.6212562918663025,0.5965937376022339],"visualized_dimension":-1}]}
{"camera":{"aperture_size":0.0,"autofocus":false,"autofocus_depth":0.0,"autofocus_target":[0.5,0.5,0.5],"fov_axis":1,"matrix":[[0.9135453104972839,0.04956861212849617,-0.4037047326564789,0.2487315833568573],[1.862645149230957e-09,-0.992546558380127,-0.12186919152736664,0.4767192602157593],[-0.4067366421222687,0.11133287101984024,-0.9067358374595642,0.9955409169197083]],"relative_focal_length":[1.0,1.0],"scale":0.12284590303897858,"screen_center":[0.49892282485961914,0.4927228093147278],"zoom":1.0},"frame":3,"views":[{"camera0":[[0.9360634088516235,0.02006302773952484,0.3512582778930664,0.4064248502254486],[-0.08638636022806168,-0.954704761505127,0.28474029898643494,0.5160161256790161],[0.3410603404045105,-0.2968788743019104,-0.8919307589530945,1.2075731754302979]],"camera1":[[0.9360634088516235,0.02006302773952484,0.3512582778930664,0.4064248502254486],[-0.08638636022806168,-0.954704761505127,0.28474029898643494,0.5160161256790161],[0.3410603404045105,-0.2968788743019104,-0.8919307589530945,1.2075731754302979]],"full_resolution":[2064,2272],"relative_focal_length":[0.4356694221496582,0.4339345097541809],"screen_center":[0.3787437081336975,0.5965937376022339],"visualized_dimension":-1},{"camera0":[[0.9360634088516235,0.02006302773952484,0.3512582778930664,0.4134073257446289],[-0.08638636022806168,-0.954704761505127,0.28474029898643494,0.5153717398643494],[0.3410603404045105,-0.2968788743019104,-0.8919307589530945,1.210117220878601]],"camera1":[[0.9360634088516235,0.02006302773952484,0.3512582778930664,0.4134073257446289],[-0.08638636022806168,-0.954704761505127,0.28474029898643494,0.5153717398643494],[0.3410603404045105,-0.2968788743019104,-0.8919307589530945,1.210117220878601]],"full_resolution":[2064,2272],"relative_focal_length":[0.4356694221496582,0.4339345097541809],"screen_center":[0.6212562918663025,0.5965937376022339],"visualized_dimension":-1}]}
{"camera":{"aperture_size":0.0,"autofocus":false,"autofocus_depth":0.0,"autofocus_target":[0.5,0.5,0.5],"fov_axis":1,"matrix":[[0.9135453104972839,0.04956861212849617,-0.4037047326564789,0.2487315833568573],[1.862645149230957e-09,-0.992546558380127,-0.12186919152736664,0.4767192602157593],[-0.4067366421222687,0.11133287101984024,-0.9067358374595642,0.9955409169197083]],"relative_focal_length":[1.0,1.0],"scale":0.12284590303897858,"screen_center":[0.49892282485961914,0.4927228093147278],"zoom":1.0},"frame":3,"views":[{"camera0":[[0.932159960269928,0.030409306287765503,0.36076703667640686,0.40663254261016846],[-0.07718824595212936,-0.9568641185760498,0.28009605407714844,0.515632688999176],[0.3537222743034363,-0.28894129395484924,-0.8896028399467468,1.20866060256958]],"camera1":[[0.932159960269928,0.030409306287765503,0.36076703667640686,0.40663254261016846],[-0.07718824595212936,-0.9568641185760498,0.28009605407714844,0.515632688999176],[0.3537222743034363,-0.28894129395484924,-0.8896028399467468,1.20866060256958]],"full_resolution":[2064,2272],"relative_focal_length":[0.4356694221496582,0.4339345097541809],"screen_center":[0.3787437081336975,0.5965937376022339],"visualized_dimension":-1},{"camera0":[[0.932159960269928,0.030409306287765503,0.36076703667640686,0.4135858416557312],[-0.07718824595212936,-0.9568641185760498,0.28009605407714844,0.5150569081306458],[0.3537222743034363,-0.28894129395484924,-0.8896028399467468,1.211299180984497]],"camera1":[[0.932159960269928,0.030409306287765503,0.36076703667640686,0.4135858416557312],[-0.07718824595212936,-0.9568641185760498,0.28009605407714844,0.5150569081306458],[0.3537222743034363,-0.28894129395484924,-0.8896028399467468,1.211299180984497]],"full_resolution":[2064,2272],"relative_focal_length":[0.4356694221496582,0.4339345097541809],"screen_center":[0.6212562918663025,0.5965937376022339],"visualized_dimension":-1}]}
{"camera":{"aperture_size":0.0,"autofocus":false,"autofocus_depth":0.0,"autofocus_target":[0.5,0.5,0.5],"fov_axis":1,"matrix":[[0.9135453104972839,0.04956861212849617,-0.4037047326564789,0.2487315833568573],[1.862645149230957e-09,-0.992546558380127,-0.12186919152736664,0.4767192602157593],[-0.4067366421222687,0.11133287101984024,-0.9067358374595642,0.9955409169197083]],"relative_focal_length":[1.0,1.0],"scale":0.12284590303897858,"screen_center":[0.49892282485961914,0.4927228093147278],"zoom":1.0},"frame":3,"views":[{"camera0":[[0.9287724494934082,0.04074986279010773,0.36840295791625977,0.4070552587509155],[-0.06847251206636429,-0.9579672813415527,0.2785874009132385,0.5156559944152832],[0.3642701208591461,-0.2839697599411011,-0.8869431018829346,1.210689902305603]],"camera1":[[0.9287724494934082,0.04074986279010773,0.36840295791625977,0.4070552587509155],[-0.06847251206636429,-0.9579672813415527,0.2785874009132385,0.5156559944152832],[0.3642701208591461,-0.2839697599411011,-0.8869431018829346,1.210689902305603]],"full_resolution":[2064,2272],"relative_focal_length":[0.4356694221496582,0.4339345097541809],"screen_center":[0.3787437081336975,0.5965937376022339],"visualized_dimension":-1},{"camera0":[[0.9287724494934082,0.04074986279010773,0.36840295791625977,0.4139832854270935],[-0.06847251206636429,-0.9579672813415527,0.2785874009132385,0.5151452422142029],[0.3642701208591461,-0.2839697599411011,-0.8869431018829346,1.213407039642334]],"camera1":[[0.9287724494934082,0.04074986279010773,0.36840295791625977,0.4139832854270935],[-0.06847251206636429,-0.9579672813415527,0.2785874009132385,0.5151452422142029],[0.3642701208591461,-0.2839697599411011,-0.8869431018829346,1.213407039642334]],"full_resolution":[2064,2272],"relative_focal_length":[0.4356694221496582,0.4339345097541809],"screen_center":[0.6212562918663025,0.5965937376022339],"visualized_dimension":-1}]}
{"camera":{"aperture_size":0.0,"autofocus":false,"autofocus_depth":0.0,"autofocus_target":[0.5,0.5,0.5],"fov_axis":1,"matrix":[[0.9135453104972839,0.04956861212849617,-0.4037047326564789,0.2487315833568573],[1.862645149230957e-09,-0.992546558380127,-0.12186919152736664,0.4767192602157593],[-0.4067366421222687,0.11133287101984024,-0.9067358374595642,0.9955409169197083]],"relative_focal_length":[1.0,1.0],"scale":0.12284590303897858,"screen_center":[0.49892282485961914,0.4927228093147278],"zoom":1.0},"frame":4,"views":[{"camera0":[[0.9249520301818848,0.047295644879341125,0.37712913751602173,0.4074946343898773],[-0.060023047029972076,-0.9616013765335083,0.2678074538707733,0.515733003616333],[0.3753136992454529,-0.2703455090522766,-0.8865960240364075,1.2125672101974487]],"camera1":[[0.9249520301818848,0.047295644879341125,0.37712913751602173,0.4074946343898773],[-0.060023047029972076,-0.9616013765335083,0.2678074538707733,0.515733003616333],[0.3753136992454529,-0.2703455090522766,-0.8865960240364075,1.2125672101974487]],"full_resolution":[2064,2272],"relative_focal_length":[0.4356694221496582,0.4339345097541809],"screen_center":[0.3787437081336975,0.5965937376022339],"visualized_dimension":-1},{"camera0":[[0.9249520301818848,0.047295644879341125,0.37712913751602173,0.41439419984817505],[-0.060023047029972076,-0.9616013765335083,0.2678074538707733,0.515285313129425],[0.3753136992454529,-0.2703455090522766,-0.8865960240364075,1.2153668403625488]],"camera1":[[0.9249520301818848,0.047295644879341125,0.37712913751602173,0.41439419984817505],[-0.060023047029972076,-0.9616013765335083,0.2678074538707733,0.515285313129425],[0.3753136992454529,-0.2703455090522766,-0.8865960240364075,1.2153668403625488]],"full_resolution":[2064,2272],"relative_focal_length":[0.4356694221496582,0.4339345097541809],"screen_center":[0.6212562918663025,0.5965937376022339],"visualized_dimension":-1}]}
{"camera":{"aperture_size":0.0,"autofocus":false,"autofocus_depth":0.0,"autofocus_target":[0.5,0.5,0.5],"fov_axis":1,"matrix":[[0.9135453104972839,0.04956861212849617,-0.4037047326564789,0.2487315833568573],[1.862645149230957e-09,-0.992546558380127,-0.12186919152736664,0.4767192602157593],[-0.4067366421222687,0.11133287101984024,-0.9067358374595642,0.9955409169197083]],"relative_focal_length":[1.0,1.0],"scale":0.12284590303897858,"screen_center":[0.49892282485961914,0.4927228093147278],"zoom":1.0},"frame":5,"views":[{"camera0":[[0.9242838621139526,0.04975099861621857,0.3784492015838623,0.40773051977157593],[-0.05791556090116501,-0.9617121815681458,0.26787373423576355,0.5163299441337585],[0.37728583812713623,-0.269509494304657,-0.886013388633728,1.2132407426834106]],"camera1":[[0.9242838621139526,0.04975099861621857,0.3784492015838623,0.40773051977157593],[-0.05791556090116501,-0.9617121815681458,0.26787373423576355,0.5163299441337585],[0.37728583812713623,-0.269509494304657,-0.886013388633728,1.2132407426834106]],"full_resolution":[2064,2272],"relative_focal_length":[0.4356694221496582,0.4339345097541809],"screen_center":[0.3787437081336975,0.5965937376022339],"visualized_dimension":-1},{"camera0":[[0.9242838621139526,0.04975099861621857,0.3784492015838623,0.4146251082420349],[-0.05791556090116501,-0.9617121815681458,0.26787373423576355,0.5158979296684265],[0.37728583812713623,-0.269509494304657,-0.886013388633728,1.216055154800415]],"camera1":[[0.9242838621139526,0.04975099861621857,0.3784492015838623,0.4146251082420349],[-0.05791556090116501,-0.9617121815681458,0.26787373423576355,0.5158979296684265],[0.37728583812713623,-0.269509494304657,-0.886013388633728,1.216055154800415]],"full_resolution":[2064,2272],"relative_focal_length":[0.4356694221496582,0.4339345097541809],"screen_center":[0.6212562918663025,0.5965937376022339],"visualized_dimension":-1}]}
{"camera":{"aperture_size":0.0,"autofocus":false,"autofocus_depth":0.0,"autofocus_target":[0.5,0.5,0.5],"fov_axis":1,"matrix":[[0.9135453104972839,0.04956861212849617,-0.4037047326564789,0.2487315833568573],[1.862645149230957e-09,-0.992546558380127,-0.12186919152736664,0.4767192602157593],[-0.4067366421222687,0.11133287101984024,-0.9067358374595642,0.9955409169197083]],"relative_focal_length":[1.0,1.0],"scale":0.12284590303897858,"screen_center":[0.49892282485961914,0.4927228093147278],"zoom":1.0},"frame":6,"views":[{"camera0":[[0.9216738939285278,0.05499406158924103,0.38404756784439087,0.4082741439342499],[-0.05361860990524292,-0.9623473882675171,0.2664833962917328,0.5173621773719788],[0.3842417895793915,-0.2662028670310974,-0.8840214610099792,1.2147216796875]],"camera1":[[0.9216738939285278,0.05499406158924103,0.38404756784439087,0.4082741439342499],[-0.05361860990524292,-0.9623473882675171,0.2664833962917328,0.5173621773719788],[0.3842417895793915,-0.2662028670310974,-0.8840214610099792,1.2147216796875]],"full_resolution":[2064,2272],"relative_focal_length":[0.4356694221496582,0.4339345097541809],"screen_center":[0.3787437081336975,0.5965937376022339],"visualized_dimension":-1},{"camera0":[[0.9216738939285278,0.05499406158924103,0.38404756784439087,0.4151492416858673],[-0.05361860990524292,-0.9623473882675171,0.2664833962917328,0.5169621706008911],[0.3842417895793915,-0.2662028670310974,-0.8840214610099792,1.217587947845459]],"camera1":[[0.9216738939285278,0.05499406158924103,0.38404756784439087,0.4151492416858673],[-0.05361860990524292,-0.9623473882675171,0.2664833962917328,0.5169621706008911],[0.3842417895793915,-0.2662028670310974,-0.8840214610099792,1.217587947845459]],"full_resolution":[2064,2272],"relative_focal_length":[0.4356694221496582,0.4339345097541809],"screen_center":[0.6212562918663025,0.5965937376022339],"visualized_dimension":-1}]}
{"camera":{"aperture_size":0.0,"autofocus":false,"autofocus_depth":0.0,"autofocus_target":[0.5,0.5,0.5],"fov_axis":1,"matrix":[[0.9135453104972839,0.04956861212849617,-0.4037047326564789,0.2499917596578598],[1.862645149230957e-09,-0.992546558380127,-0.12186919152736664,0.47618338465690613],[-0.4067366421222687,0.11133287101984024,-0.9067358374595642,0.9957379698753357]],"relative_focal_length":[1.0,1.0],"scale":0.12284590303897858,"screen_center":[0.49892282485961914,0.4927228093147278],"zoom":1.0},"frame":7,"views":[{"camera0":[[0.9222037196159363,0.0688212513923645,0.38053080439567566,0.40858662128448486],[-0.037259891629219055,-0.9636443257331848,0.264579176902771,0.517781674861908],[0.3849046528339386,-0.2581743896007538,-0.886111855506897,1.2153970003128052]],"camera1":[[0.9222037196159363,0.0688212513923645,0.38053080439567566,0.40858662128448486],[-0.037259891629219055,-0.9636443257331848,0.264579176902771,0.517781674861908],[0.3849046528339386,-0.2581743896007538,-0.886111855506897,1.2153970003128052]],"full_resolution":[2064,2272],"relative_focal_length":[0.4356694221496582,0.4339345097541809],"screen_center":[0.3787437081336975,0.5965937376022339],"visualized_dimension":-1},{"camera0":[[0.9222037196159363,0.0688212513923645,0.38053080439567566,0.41546568274497986],[-0.037259891629219055,-0.9636443257331848,0.264579176902771,0.5175037384033203],[0.3849046528339386,-0.2581743896007538,-0.886111855506897,1.2182681560516357]],"camera1":[[0.9222037196159363,0.0688212513923645,0.38053080439567566,0.41546568274497986],[-0.037259891629219055,-0.9636443257331848,0.264579176902771,0.5175037384033203],[0.3849046528339386,-0.2581743896007538,-0.886111855506897,1.2182681560516357]],"full_resolution":[2064,2272],"relative_focal_length":[0.4356694221496582,0.4339345097541809],"screen_center":[0.6212562918663025,0.5965937376022339],"visualized_dimension":-1}]}
{"camera":{"aperture_size":0.0,"autofocus":false,"autofocus_depth":0.0,"autofocus_target":[0.5,0.5,0.5],"fov_axis":1,"matrix":[[0.9135453104972839,0.04956861212849617,-0.4037047326564789,0.25265756249427795],[1.862645149230957e-09,-0.992546558380127,-0.12186919152736664,0.47564494609832764],[-0.4067366421222687,0.11133287101984024,-0.9067358374595642,0.9968518614768982]],"relative_focal_length":[1.0,1.0],"scale":0.12284590303897858,"screen_center":[0.49892282485961914,0.4927228093147278],"zoom":1.0},"frame":8,"views":[{"camera0":[[0.9230995178222656,0.06935557723045349,0.37825486063957214,0.41022562980651855],[-0.032430507242679596,-0.9660595059394836,0.256277471780777,0.5173557996749878],[0.3831906318664551,-0.24883662164211273,-0.889519453048706,1.2162840366363525]],"camera1":[[0.9230995178222656,0.06935557723045349,0.37825486063957214,0.41022562980651855],[-0.032430507242679596,-0.9660595059394836,0.256277471780777,0.5173557996749878],[0.3831906318664551,-0.24883662164211273,-0.889519453048706,1.2162840366363525]],"full_resolution":[2064,2272],"relative_focal_length":[0.4356694221496582,0.4339345097541809],"screen_center":[0.3787437081336975,0.5965937376022339],"visualized_dimension":-1},{"camera0":[[0.9230995178222656,0.06935557723045349,0.37825486063957214,0.4171113669872284],[-0.032430507242679596,-0.9660595059394836,0.256277471780777,0.5171139240264893],[0.3831906318664551,-0.24883662164211273,-0.889519453048706,1.2191424369812012]],"camera1":[[0.9230995178222656,0.06935557723045349,0.37825486063957214,0.4171113669872284],[-0.032430507242679596,-0.9660595059394836,0.256277471780777,0.5171139240264893],[0.3831906318664551,-0.24883662164211273,-0.889519453048706,1.2191424369812012]],"full_resolution":[2064,2272],"relative_focal_length":[0.4356694221496582,0.4339345097541809],"screen_center":[0.6212562918663025,0.5965937376022339],"visualized_dimension":-1}]}
{"camera":{"aperture_size":0.0,"autofocus":false,"autofocus_depth":0.0,"autofocus_target":[0.5,0.5,0.5],"fov_axis":1,"matrix":[[0.9135453104972839,0.04956861212849617,-0.4037047326564789,0.2564105689525604],[1.862645149230957e-09,-0.992546558380127,-0.12186919152736664,0.4746076166629791],[-0.4067366421222687,0.11133287101984024,-0.9067358374595642,0.9982653260231018]],"relative_focal_length":[1.0,1.0],"scale":0.12284590303897858,"screen_center":[0.49892282485961914,0.4927228093147278],"zoom":1.0},"frame":9,"views":[{"camera0":[[0.9250324964523315,0.06898649781942368,0.3735710084438324,0.4136066734790802],[-0.028458736836910248,-0.9680258631706238,0.24923235177993774,0.5172247290611267],[0.3788197636604309,-0.2411794364452362,-0.8934918642044067,1.218764066696167]],"camera1":[[0.9250324964523315,0.06898649781942368,0.3735710084438324,0.4136066734790802],[-0.028458736836910248,-0.9680258631706238,0.24923235177993774,0.5172247290611267],[0.3788197636604309,-0.2411794364452362,-0.8934918642044067,1.218764066696167]],"full_resolution":[2064,2272],"relative_focal_length":[0.4356694221496582,0.4339345097541809],"screen_center":[0.3787437081336975,0.5965937376022339],"visualized_dimension":-1},{"camera0":[[0.9250324964523315,0.06898649781942368,0.3735710084438324,0.4205068349838257],[-0.028458736836910248,-0.9680258631706238,0.24923235177993774,0.5170124769210815],[0.3788197636604309,-0.2411794364452362,-0.8934918642044067,1.2215898036956787]],"camera1":[[0.9250324964523315,0.06898649781942368,0.3735710084438324,0.4205068349838257],[-0.028458736836910248,-0.9680258631706238,0.24923235177993774,0.5170124769210815],[0.3788197636604309,-0.2411794364452362,-0.8934918642044067,1.2215898036956787]],"full_resolution":[2064,2272],"relative_focal_length":[0.4356694221496582,0.4339345097541809],"screen_center":[0.6212562918663025,0.5965937376022339],"visualized_dimension":-1}]}
{"camera":{"aperture_size":0.0,"autofocus":false,"autofocus_depth":0.0,"autofocus_target":[0.5,0.5,0.5],"fov_axis":1,"matrix":[[0.9135453104972839,0.04956861212849617,-0.4037047326564789,0.2596491873264313],[1.862645149230957e-09,-0.992546558380127,-0.12186919152736664,0.4741128981113434],[-0.4067366421222687,0.11133287101984024,-0.9067358374595642,0.9996711611747742]],"relative_focal_length":[1.0,1.0],"scale":0.12284590303897858,"screen_center":[0.49892282485961914,0.4927228093147278],"zoom":1.0},"frame":10,"views":[{"camera0":[[0.9288479089736938,0.0629710704088211,0.3650696873664856,0.4177934527397156],[-0.032446958124637604,-0.9678322672843933,0.24949690699577332,0.5163719654083252],[0.3690369129180908,-0.2435900717973709,-0.8969253897666931,1.2208189964294434]],"camera1":[[0.9288479089736938,0.0629710704088211,0.3650696873664856,0.4177934527397156],[-0.032446958124637604,-0.9678322672843933,0.24949690699577332,0.5163719654083252],[0.3690369129180908,-0.2435900717973709,-0.8969253897666931,1.2208189964294434]],"full_resolution":[2064,2272],"relative_focal_length":[0.4356694221496582,0.4339345097541809],"screen_center":[0.3787437081336975,0.5965937376022339],"visualized_dimension":-1},{"camera0":[[0.9288479089736938,0.0629710704088211,0.3650696873664856,0.4247220456600189],[-0.032446958124637604,-0.9678322672843933,0.24949690699577332,0.5161299109458923],[0.3690369129180908,-0.2435900717973709,-0.8969253897666931,1.22357177734375]],"camera1":[[0.9288479089736938,0.0629710704088211,0.3650696873664856,0.4247220456600189],[-0.032446958124637604,-0.9678322672843933,0.24949690699577332,0.5161299109458923],[0.3690369129180908,-0.2435900717973709,-0.8969253897666931,1.22357177734375]],"full_resolution":[2064,2272],"relative_focal_length":[0.4356694221496582,0.4339345097541809],"screen_center":[0.6212562918663025,0.5965937376022339],"visualized_dimension":-1}]}
{"camera":{"aperture_size":0.0,"autofocus":false,"autofocus_depth":0.0,"autofocus_target":[0.5,0.5,0.5],"fov_axis":1,"matrix":[[0.9135453104972839,0.04956861212849617,-0.4037047326564789,0.26258718967437744],[1.862645149230957e-09,-0.992546558380127,-0.12186919152736664,0.47371673583984375],[-0.4067366421222687,0.11133287101984024,-0.9067358374595642,1.0009026527404785]],"relative_focal_length":[1.0,1.0],"scale":0.12284590303897858,"screen_center":[0.49892282485961914,0.4927228093147278],"zoom":1.0},"frame":10,"views":[{"camera0":[[0.932640552520752,0.05809326469898224,0.35609909892082214,0.4215036630630493],[-0.035281047224998474,-0.9675398468971252,0.2502453327178955,0.5160216689109802],[0.3590773344039917,-0.2459525167942047,-0.9003169536590576,1.2228642702102661]],"camera1":[[0.932640552520752,0.05809326469898224,0.35609909892082214,0.4215036630630493],[-0.035281047224998474,-0.9675398468971252,0.2502453327178955,0.5160216689109802],[0.3590773344039917,-0.2459525167942047,-0.9003169536590576,1.2228642702102661]],"full_resolution":[2064,2272],"relative_focal_length":[0.4356694221496582,0.4339345097541809],"screen_center":[0.3787437081336975,0.5965937376022339],"visualized_dimension":-1},{"camera0":[[0.932640552520752,0.05809326469898224,0.35609909892082214,0.4284605383872986],[-0.035281047224998474,-0.9675398468971252,0.2502453327178955,0.5157584547996521],[0.3590773344039917,-0.2459525167942047,-0.9003169536590576,1.2255427837371826]],"camera1":[[0.932640552520752,0.05809326469898224,0.35609909892082214,0.4284605383872986],[-0.035281047224998474,-0.9675398468971252,0.2502453327178955,0.5157584547996521],[0.3590773344039917,-0.2459525167942047,-0.9003169536590576,1.2255427837371826]],"full_resolution":[2064,2272],"relative_focal_length":[0.4356694221496582,0.4339345097541809],"screen_center":[0.6212562918663025,0.5965937376022339],"visualized_dimension":-1}]}
{"camera":{"aperture_size":0.0,"autofocus":false,"autofocus_depth":0.0,"autofocus_target":[0.5,0.5,0.5],"fov_axis":1,"matrix":[[0.9135453104972839,0.04956861212849617,-0.4037047326564789,0.26582175493240356],[1.862645149230957e-09,-0.992546558380127,-0.12186919152736664,0.47333812713623047],[-0.4067366421222687,0.11133287101984024,-0.9067358374595642,1.0020970106124878]],"relative_focal_length":[1.0,1.0],"scale":0.12284590303897858,"screen_center":[0.49892282485961914,0.4927228093147278],"zoom":1.0},"frame":10,"views":[{"camera0":[[0.9356273412704468,0.05004337430000305,0.3494235873222351,0.4249812960624695],[-0.03996200114488602,-0.9685192108154297,0.24571189284324646,0.5158195495605469],[0.3507194519042969,-0.2438584268093109,-0.9041728377342224,1.2246687412261963]],"camera1":[[0.9356273412704468,0.05004337430000305,0.3494235873222351,0.4249812960624695],[-0.03996200114488602,-0.9685192108154297,0.24571189284324646,0.5158195495605469],[0.3507194519042969,-0.2438584268093109,-0.9041728377342224,1.2246687412261963]],"full_resolution":[2064,2272],"relative_focal_length":[0.4356694221496582,0.4339345097541809],"screen_center":[0.3787437081336975,0.5965937376022339],"visualized_dimension":-1},{"camera0":[[0.9356273412704468,0.05004337430000305,0.3494235873222351,0.43196049332618713],[-0.03996200114488602,-0.9685192108154297,0.24571189284324646,0.5155214667320251],[0.3507194519042969,-0.2438584268093109,-0.9041728377342224,1.2272849082946777]],"camera1":[[0.9356273412704468,0.05004337430000305,0.3494235873222351,0.43196049332618713],[-0.03996200114488602,-0.9685192108154297,0.24571189284324646,0.5155214667320251],[0.3507194519042969,-0.2438584268093109,-0.9041728377342224,1.2272849082946777]],"full_resolution":[2064,2272],"relative_focal_length":[0.4356694221496582,0.4339345097541809],"screen_center":[0.6212562918663025,0.5965937376022339],"visualized_dimension":-1}]}
{"camera":{"aperture_size":0.0,"autofocus":false,"autofocus_depth":0.0,"autofocus_target":[0.5,0.5,0.5],"fov_axis":1,"matrix":[[0.9135453104972839,0.04956861212849617,-0.4037047326564789,0.26936444640159607],[1.862645149230957e-09,-0.992546558380127,-0.12186919152736664,0.47289273142814636],[-0.4067366421222687,0.11133287101984024,-0.9067358374595642,1.002951979637146]],"relative_focal_length":[1.0,1.0],"scale":0.12284590303897858,"screen_center":[0.49892282485961914,0.4927228093147278],"zoom":1.0},"frame":10,"views":[{"camera0":[[0.9368933439254761,0.048721879720687866,0.34620344638824463,0.4288561940193176],[-0.0406368225812912,-0.9683546423912048,0.24624952673912048,0.5156968832015991],[0.34724515676498413,-0.24477815628051758,-0.9052646160125732,1.2263964414596558]],"camera1":[[0.9368933439254761,0.048721879720687866,0.34620344638824463,0.4288561940193176],[-0.0406368225812912,-0.9683546423912048,0.24624952673912048,0.5156968832015991],[0.34724515676498413,-0.24477815628051758,-0.9052646160125732,1.2263964414596558]],"full_resolution":[2064,2272],"relative_focal_length":[0.4356694221496582,0.4339345097541809],"screen_center":[0.3787437081336975,0.5965937376022339],"visualized_dimension":-1},{"camera0":[[0.9368933439254761,0.048721879720687866,0.34620344638824463,0.4358447790145874],[-0.0406368225812912,-0.9683546423912048,0.24624952673912048,0.5153937935829163],[0.34724515676498413,-0.24477815628051758,-0.9052646160125732,1.2289866209030151]],"camera1":[[0.9368933439254761,0.048721879720687866,0.34620344638824463,0.4358447790145874],[-0.0406368225812912,-0.9683546423912048,0.24624952673912048,0.5153937935829163],[0.34724515676498413,-0.24477815628051758,-0.9052646160125732,1.2289866209030151]],"full_resolution":[2064,2272],"relative_focal_length":[0.4356694221496582,0.4339345097541809],"screen_center":[0.6212562918663025,0.5965937376022339],"visualized_dimension":-1}]}
{"camera":{"aperture_size":0.0,"autofocus":false,"autofocus_depth":0.0,"autofocus_target":[0.5,0.5,0.5],"fov_axis":1,"matrix":[[0.9135453104972839,0.04956861212849617,-0.4037047326564789,0.2738272249698639],[1.862645149230957e-09,-0.992546558380127,-0.12186919152736664,0.4722244441509247],[-0.4067366421222687,0.11133287101984024,-0.9067358374595642,1.0026110410690308]],"relative_focal_length":[1.0,1.0],"scale":0.12284590303897858,"screen_center":[0.49892282485961914,0.4927228093147278],"zoom":1.0},"frame":11,"views":[{"camera0":[[0.9378347396850586,0.05025450885295868,0.34342411160469055,0.4332067370414734],[-0.03737572580575943,-0.9690860509872437,0.24387696385383606,0.5153931975364685],[0.3450630307197571,-0.24155199527740479,-0.9069640636444092,1.227760910987854]],"camera1":[[0.9378347396850586,0.05025450885295868,0.34342411160469055,0.4332067370414734],[-0.03737572580575943,-0.9690860509872437,0.24387696385383606,0.5153931975364685],[0.3450630307197571,-0.24155199527740479,-0.9069640636444092,1.227760910987854]],"full_resolution":[2064,2272],"relative_focal_length":[0.4356694221496582,0.4339345097541809],"screen_center":[0.3787437081336975,0.5965937376022339],"visualized_dimension":-1},{"camera0":[[0.9378347396850586,0.05025450885295868,0.34342411160469055,0.44020235538482666],[-0.03737572580575943,-0.9690860509872437,0.24387696385383606,0.5151143670082092],[0.3450630307197571,-0.24155199527740479,-0.9069640636444092,1.230334758758545]],"camera1":[[0.9378347396850586,0.05025450885295868,0.34342411160469055,0.44020235538482666],[-0.03737572580575943,-0.9690860509872437,0.24387696385383606,0.5151143670082092],[0.3450630307197571,-0.24155199527740479,-0.9069640636444092,1.230334758758545]],"full_resolution":[2064,2272],"relative_focal_length":[0.4356694221496582,0.4339345097541809],"screen_center":[0.6212562918663025,0.5965937376022339],"visualized_dimension":-1}]}
{"camera":{"aperture_size":0.0,"autofocus":false,"autofocus_depth":0.0,"autofocus_target":[0.5,0.5,0.5],"fov_axis":1,"matrix":[[0.9135453104972839,0.04956861212849617,-0.4037047326564789,0.28058919310569763],[1.862645149230957e-09,-0.992546558380127,-0.12186919152736664,0.4708043932914734],[-0.4067366421222687,0.11133287101984024,-0.9067358374595642,1.0020886659622192]],"relative_focal_length":[1.0,1.0],"scale":0.12284590303897858,"screen_center":[0.49892282485961914,0.4927228093147278],"zoom":1.0},"frame":12,"views":[{"camera0":[[0.9397888779640198,0.04713255167007446,0.33848923444747925,0.43919306993484497],[-0.036017656326293945,-0.9712693095207214,0.23524346947669983,0.5150134563446045],[0.3398515582084656,-0.2332707643508911,-0.9110901355743408,1.228437066078186]],"camera1":[[0.9397888779640198,0.04713255167007446,0.33848923444747925,0.43919306993484497],[-0.036017656326293945,-0.9712693095207214,0.23524346947669983,0.5150134563446045],[0.3398515582084656,-0.2332707643508911,-0.9110901355743408,1.228437066078186]],"full_resolution":[2064,2272],"relative_focal_length":[0.4356694221496582,0.4339345097541809],"screen_center":[0.3787437081336975,0.5965937376022339],"visualized_dimension":-1},{"camera0":[[0.9397888779640198,0.04713255167007446,0.33848923444747925,0.4462032914161682],[-0.036017656326293945,-0.9712693095207214,0.23524346947669983,0.5147448182106018],[0.3398515582084656,-0.2332707643508911,-0.9110901355743408,1.2309720516204834]],"camera1":[[0.9397888779640198,0.04713255167007446,0.33848923444747925,0.4462032914161682],[-0.036017656326293945,-0.9712693095207214,0.23524346947669983,0.5147448182106018],[0.3398515582084656,-0.2332707643508911,-0.9110901355743408,1.2309720516204834]],"full_resolution":[2064,2272],"relative_focal_length":[0.4356694221496582,0.4339345097541809],"screen_center":[0.6212562918663025,0.5965937376022339],"visualized_dimension":-1}]}
{"camera":{"aperture_size":0.0,"autofocus":false,"autofocus_depth":0.0,"autofocus_target":[0.5,0.5,0.5],"fov_axis":1,"matrix":[[0.9135453104972839,0.04956861212849617,-0.4037047326564789,0.28342336416244507],[1.862645149230957e-09,-0.992546558380127,-0.12186919152736664,0.46992766857147217],[-0.4067366421222687,0.11133287101984024,-0.9067358374595642,1.0009220838546753]],"relative_focal_length":[1.0,1.0],"scale":0.12284590303897858,"screen_center":[0.49892282485961914,0.4927228093147278],"zoom":1.0},"frame":12,"views":[{"camera0":[[0.9405103921890259,0.045671917498111725,0.3366808593273163,0.4468027651309967],[-0.035783395171165466,-0.9720985889434814,0.23182880878448486,0.5136812925338745],[0.33787477016448975,-0.23008498549461365,-0.9126342535018921,1.228345513343811]],"camera1":[[0.9405103921890259,0.045671917498111725,0.3366808593273163,0.4468027651309967],[-0.035783395171165466,-0.9720985889434814,0.23182880878448486,0.5136812925338745],[0.33787477016448975,-0.23008498549461365,-0.9126342535018921,1.228345513343811]],"full_resolution":[2064,2272],"relative_focal_length":[0.4356694221496582,0.4339345097541809],"screen_center":[0.3787437081336975,0.5965937376022339],"visualized_dimension":-1},{"camera0":[[0.9405103921890259,0.045671917498111725,0.3366808593273163,0.4538183808326721],[-0.035783395171165466,-0.9720985889434814,0.23182880878448486,0.5134143829345703],[0.33787477016448975,-0.23008498549461365,-0.9126342535018921,1.2308658361434937]],"camera1":[[0.9405103921890259,0.045671917498111725,0.3366808593273163,0.4538183808326721],[-0.035783395171165466,-0.9720985889434814,0.23182880878448486,0.5134143829345703],[0.33787477016448975,-0.23008498549461365,-0.9126342535018921,1.2308658361434937]],"full_resolution":[2064,2272],"relative_focal_length":[0.4356694221496582,0.4339345097541809],"screen_center":[0.6212562918663025,0.5965937376022339],"visualized_dimension":-1}]}
{"camera":{"aperture_size":0.0,"autofocus":false,"autofocus_depth":0.0,"autofocus_target":[0.5,0.5,0.5],"fov_axis":1,"matrix":[[0.9135453104972839,0.04956861212849617,-0.4037047326564789,0.2853443920612335],[1.862645149230957e-09,-0.992546558380127,-0.12186919152736664,0.4690033197402954],[-0.4067366421222687,0.11133287101984024,-0.9067358374595642,0.9991583228111267]],"relative_focal_length":[1.0,1.0],"scale":0.12284590303897858,"screen_center":[0.49892282485961914,0.4927228093147278],"zoom":1.0},"frame":12,"views":[{"camera0":[[0.9419164657592773,0.04100283235311508,0.3333342373371124,0.4505922496318817],[-0.038830406963825226,-0.9725675582885742,0.22935856878757477,0.5128650069236755],[0.33359411358833313,-0.2289801388978958,-0.9144848585128784,1.227555751800537]],"camera1":[[0.9419164657592773,0.04100283235311508,0.3333342373371124,0.4505922496318817],[-0.038830406963825226,-0.9725675582885742,0.22935856878757477,0.5128650069236755],[0.33359411358833313,-0.2289801388978958,-0.9144848585128784,1.227555751800537]],"full_resolution":[2064,2272],"relative_focal_length":[0.4356694221496582,0.4339345097541809],"screen_center":[0.3787437081336975,0.5965937376022339],"visualized_dimension":-1},{"camera0":[[0.9419164657592773,0.04100283235311508,0.3333342373371124,0.4576183557510376],[-0.038830406963825226,-0.9725675582885742,0.22935856878757477,0.5125753283500671],[0.33359411358833313,-0.2289801388978958,-0.9144848585128784,1.2300441265106201]],"camera1":[[0.9419164657592773,0.04100283235311508,0.3333342373371124,0.4576183557510376],[-0.038830406963825226,-0.9725675582885742,0.22935856878757477,0.5125753283500671],[0.33359411358833313,-0.2289801388978958,-0.9144848585128784,1.2300441265106201]],"full_resolution":[2064,2272],"relative_focal_length":[0.4356694221496582,0.4339345097541809],"screen_center":[0.6212562918663025,0.5965937376022339],"visualized_dimension":-1}]}
