{"camera":{"aperture_size":0.0,"autofocus":false,"autofocus_depth":0.0,"autofocus_target":[0.5,0.5,0.5],"fov_axis":1,"matrix":[[1.0,0.0,0.0,0.0],[0.0,1.0,0.0,0.0],[0.0,0.0,1.0,0.0]],"relative_focal_length":[1.0,1.0],"scale":1.0,"screen_center":[0.49892282485961914,0.4927228093147278],"zoom":1.0},"frame":1,"views":[{"camera0":[[1.0,0.0,0.0,0.0],[0.0,1.0,0.0,0.0],[0.0,0.0,1.0,0.0]],"camera1":[[1.0,0.0,0.0,0.0],[0.0,1.0,0.0,0.0],[0.0,0.0,1.0,0.0]],"full_resolution":[1920,1080],"relative_focal_length":[1.0,1.0],"screen_center":[0.49892282485961914,0.4927228093147278],"visualized_dimension":-1}]}
{"camera":{"aperture_size":0.0,"autofocus":false,"autofocus_depth":0.0,"autofocus_target":[0.5,0.5,0.5],"fov_axis":1,"matrix":[[1.0,0.0,0.0,0.0],[0.0,1.0,0.0,0.0],[0.0,0.0,1.0,0.0]],"relative_focal_length":[1.0,1.0],"scale":1.0,"screen_center":[0.49892282485961914,0.4927228093147278],"zoom":1.0},"frame":1,"views":[{"camera0":[[1.0,0.0,0.0,0.0],[0.0,1.0,0.0,0.0],[0.0,0.0,1.0,0.0]],"camera1":[[1.0,0.0,0.0,0.0],[0.0,1.0,0.0,0.0],[0.0,0.0,1.0,0.0]],"full_resolution":[1920,1080],"relative_focal_length":[1.0,1.0],"screen_center":[0.49892282485961914,0.4927228093147278],"visualized_dimension":-1}]}
{"camera":{"aperture_size":0.0,"autofocus":false,"autofocus_depth":0.0,"autofocus_target":[0.5,0.5,0.5],"fov_axis":1,"matrix":[[1.0,0.0,0.0,0.0],[0.0,1.0,0.0,0.0],[0.0,0.0,1.0,0.0]],"relative_focal_length":[1.0,1.0],"scale":1.0,"screen_center":[0.49892282485961914,0.4927228093147278],"zoom":1.0},"frame":1,"views":[{"camera0":[[1.0,0.0,0.0,0.0],[0.0,1.0,0.0,0.0],[0.0,0.0,1.0,0.0]],"camera1":[[1.0,0.0,0.0,0.0],[0.0,1.0,0.0,0.0],[0.0,0.0,1.0,0.0]],"full_resolution":[1920,1080],"relative_focal_length":[1.0,1.0],"screen_center":[0.49892282485961914,0.4927228093147278],"visualized_dimension":-1}]}
{"camera":{"aperture_size":0.0,"autofocus":false,"autofocus_depth":0.0,"autofocus_target":[0.5,0.5,0.5],"fov_axis":1,"matrix":[[1.0,0.0,0.0,0.0],[0.0,1.0,0.0,0.0],[0.0,0.0,1.0,0.0]],"relative_focal_length":[1.0,1.0],"scale":1.0,"screen_center":[0.49892282485961914,0.4927228093147278],"zoom":1.0},"frame":1,"views":[{"camera0":[[1.0,0.0,0.0,0.0],[0.0,1.0,0.0,0.0],[0.0,0.0,1.0,0.0]],"camera1":[[1.0,0.0,0.0,0.0],[0.0,1.0,0.0,0.0],[0.0,0.0,1.0,0.0]],"full_resolution":[1920,1080],"relative_focal_length":[1.0,1.0],"screen_center":[0.49892282485961914,0.4927228093147278],"visualized_dimension":-1}]}
{"camera":{"aperture_size":0.0,"autofocus":false,"autofocus_depth":0.0,"autofocus_target":[0.5,0.5,0.5],"fov_axis":1,"matrix":[[1.0,0.0,0.0,0.0],[0.0,1.0,0.0,0.0],[0.0,0.0,1.0,0.0]],"relative_focal_length":[1.0,1.0],"scale":1.0,"screen_center":[0.49892282485961914,0.4927228093147278],"zoom":1.0},"frame":1,"views":[{"camera0":[[1.0,0.0,0.0,0.0],[0.0,1.0,0.0,0.0],[0.0,0.0,1.0,0.0]],"camera1":[[1.0,0.0,0.0,0.0],[0.0,1.0,0.0,0.0],[0.0,0.0,1.0,0.0]],"full_resolution":[1920,1080],"relative_focal_length":[1.0,1.0],"screen_center":[0.49892282485961914,0.4927228093147278],"visualized_dimension":-1}]}
{"camera":{"aperture_size":0.0,"autofocus":false,"autofocus_depth":0.0,"autofocus_target":[0.5,0.5,0.5],"fov_axis":1,"matrix":[[1.0,0.0,0.0,0.0],[0.0,1.0,0.0,0.0],[0.0,0.0,1.0,0.0]],"relative_focal_length":[1.0,1.0],"scale":1.0,"screen_center":[0.49892282485961914,0.4927228093147278],"zoom":1.0},"frame":1,"views":[{"camera0":[[1.0,0.0,0.0,0.0],[0.0,1.0,0.0,0.0],[0.0,0.0,1.0,0.0]],"camera1":[[1.0,0.0,0.0,0.0],[0.0,1.0,0.0,0.0],[0.0,0.0,1.0,0.0]],"full_resolution":[1920,1080],"relative_focal_length":[1.0,1.0],"screen_center":[0.49892282485961914,0.4927228093147278],"visualized_dimension":-1}]}
{"camera":{"aperture_size":0.0,"autofocus":false,"autofocus_depth":0.0,"autofocus_target":[0.5,0.5,0.5],"fov_axis":1,"matrix":[[1.0,0.0,0.0,0.0],[0.0,1.0,0.0,0.0],[0.0,0.0,1.0,0.0]],"relative_focal_length":[1.0,1.0],"scale":1.0,"screen_center":[0.49892282485961914,0.4927228093147278],"zoom":1.0},"frame":1,"views":[{"camera0":[[1.0,0.0,0.0,0.0],[0.0,1.0,0.0,0.0],[0.0,0.0,1.0,0.0]],"camera1":[[1.0,0.0,0.0,0.0],[0.0,1.0,0.0,0.0],[0.0,0.0,1.0,0.0]],"full_resolution":[1920,1080],"relative_focal_length":[1.0,1.0],"screen_center":[0.49892282485961914,0.4927228093147278],"visualized_dimension":-1}]}
{"camera":{"aperture_size":0.0,"autofocus":false,"autofocus_depth":0.0,"autofocus_target":[0.5,0.5,0.5],"fov_axis":1,"matrix":[[1.0,0.0,0.0,0.0],[0.0,1.0,0.0,0.0],[0.0,0.0,1.0,0.0]],"relative_focal_length":[1.0,1.0],"scale":1.0,"screen_center":[0.49892282485961914,0.4927228093147278],"zoom":1.0},"frame":1,"views":[{"camera0":[[1.0,0.0,0.0,0.0],[0.0,1.0,0.0,0.0],[0.0,0.0,1.0,0.0]],"camera1":[[1.0,0.0,0.0,0.0],[0.0,1.0,0.0,0.0],[0.0,0.0,1.0,0.0]],"full_resolution":[1920,1080],"relative_focal_length":[1.0,1.0],"screen_center":[0.49892282485961914,0.4927228093147278],"visualized_dimension":-1}]}
{"camera":{"aperture_size":0.0,"autofocus":false,"autofocus_depth":0.0,"autofocus_target":[0.5,0.5,0.5],"fov_axis":1,"matrix":[[1.0,0.0,0.0,0.0],[0.0,1.0,0.0,0.0],[0.0,0.0,1.0,0.0]],"relative_focal_length":[1.0,1.0],"scale":1.0,"screen_center":[0.49892282485961914,0.4927228093147278],"zoom":1.0},"frame":1,"views":[{"camera0":[[1.0,0.0,0.0,0.0],[0.0,1.0,0.0,0.0],[0.0,0.0,1.0,0.0]],"camera1":[[1.0,0.0,0.0,0.0],[0.0,1.0,0.0,0.0],[0.0,0.0,1.0,0.0]],"full_resolution":[1920,1080],"relative_focal_length":[1.0,1.0],"screen_center":[0.49892282485961914,0.4927228093147278],"visualized_dimension":-1}]}
{"camera":{"aperture_size":0.0,"autofocus":false,"autofocus_depth":0.0,"autofocus_target":[0.5,0.5,0.5],"fov_axis":1,"matrix":[[1.0,0.0,0.0,0.0],[0.0,1.0,0.0,0.0],[0.0,0.0,1.0,0.0]],"relative_focal_length":[1.0,1.0],"scale":1.0,"screen_center":[0.49892282485961914,0.4927228093147278],"zoom":1.0},"frame":1,"views":[{"camera0":[[1.0,0.0,0.0,0.0],[0.0,1.0,0.0,0.0],[0.0,0.0,1.0,0.0]],"camera1":[[1.0,0.0,0.0,0.0],[0.0,1.0,0.0,0.0],[0.0,0.0,1.0,0.0]],"full_resolution":[1920,1080],"relative_focal_length":[1.0,1.0],"screen_center":[0.49892282485961914,0.4927228093147278],"visualized_dimension":-1}]}
{"camera":{"aperture_size":0.0,"autofocus":false,"autofocus_depth":0.0,"autofocus_target":[0.5,0.5,0.5],"fov_axis":1,"matrix":[[1.0,0.0,0.0,0.0],[0.0,1.0,0.0,0.0],[0.0,0.0,1.0,0.0]],"relative_focal_length":[1.0,1.0],"scale":1.0,"screen_center":[0.49892282485961914,0.4927228093147278],"zoom":1.0},"frame":1,"views":[{"camera0":[[1.0,0.0,0.0,0.0],[0.0,1.0,0.0,0.0],[0.0,0.0,1.0,0.0]],"camera1":[[1.0,0.0,0.0,0.0],[0.0,1.0,0.0,0.0],[0.0,0.0,1.0,0.0]],"full_resolution":[1920,1080],"relative_focal_length":[1.0,1.0],"screen_center":[0.49892282485961914,0.4927228093147278],"visualized_dimension":-1}]}
{"camera":{"aperture_size":0.0,"autofocus":false,"autofocus_depth":0.0,"autofocus_target":[0.5,0.5,0.5],"fov_axis":1,"matrix":[[1.0,0.0,0.0,0.0],[0.0,1.0,0.0,0.0],[0.0,0.0,1.0,0.0]],"relative_focal_length":[1.0,1.0],"scale":1.0,"screen_center":[0.49892282485961914,0.4927228093147278],"zoom":1.0},"frame":1,"views":[{"camera0":[[1.0,0.0,0.0,0.0],[0.0,1.0,0.0,0.0],[0.0,0.0,1.0,0.0]],"camera1":[[1.0,0.0,0.0,0.0],[0.0,1.0,0.0,0.0],[0.0,0.0,1.0,0.0]],"full_resolution":[1920,1080],"relative_focal_length":[1.0,1.0],"screen_center":[0.49892282485961914,0.4927228093147278],"visualized_dimension":-1}]}
{"camera":{"aperture_size":0.0,"autofocus":false,"autofocus_depth":0.0,"autofocus_target":[0.5,0.5,0.5],"fov_axis":1,"matrix":[[1.0,0.0,0.0,0.0],[0.0,1.0,0.0,0.0],[0.0,0.0,1.0,0.0]],"relative_focal_length":[1.0,1.0],"scale":1.0,"screen_center":[0.49892282485961914,0.4927228093147278],"zoom":1.0},"frame":1,"views":[{"camera0":[[1.0,0.0,0.0,0.0],[0.0,1.0,0.0,0.0],[0.0,0.0,1.0,0.0]],"camera1":[[1.0,0.0,0.0,0.0],[0.0,1.0,0.0,0.0],[0.0,0.0,1.0,0.0]],"full_resolution":[1920,1080],"relative_focal_length":[1.0,1.0],"screen_center":[0.49892282485961914,0.4927228093147278],"visualized_dimension":-1}]}
{"camera":{"aperture_size":0.0,"autofocus":false,"autofocus_depth":0.0,"autofocus_target":[0.5,0.5,0.5],"fov_axis":1,"matrix":[[1.0,0.0,0.0,0.0],[0.0,1.0,0.0,0.0],[0.0,0.0,1.0,0.0]],"relative_focal_length":[1.0,1.0],"scale":1.0,"screen_center":[0.49892282485961914,0.4927228093147278],"zoom":1.0},"frame":1,"views":[{"camera0":[[1.0,0.0,0.0,0.0],[0.0,1.0,0.0,0.0],[0.0,0.0,1.0,0.0]],"camera1":[[1.0,0.0,0.0,0.0],[0.0,1.0,0.0,0.0],[0.0,0.0,1.0,0.0]],"full_resolution":[1920,1080],"relative_focal_length":[1.0,1.0],"screen_center":[0.49892282485961914,0.4927228093147278],"visualized_dimension":-1}]}
{"camera":{"aperture_size":0.0,"autofocus":false,"autofocus_depth":0.0,"autofocus_target":[0.5,0.5,0.5],"fov_axis":1,"matrix":[[1.0,0.0,0.0,0.0],[0.0,1.0,0.0,0.0],[0.0,0.0,1.0,0.0]],"relative_focal_length":[1.0,1.0],"scale":1.0,"screen_center":[0.49892282485961914,0.4927228093147278],"zoom":1.0},"frame":2,"views":[{"camera0":[[1.0,0.0,0.0,0.0],[0.0,1.0,0.0,0.0],[0.0,0.0,1.0,0.0]],"camera1":[[1.0,0.0,0.0,0.0],[0.0,1.0,0.0,0.0],[0.0,0.0,1.0,0.0]],"full_resolution":[1920,1080],"relative_focal_length":[1.0,1.0],"screen_center":[0.49892282485961914,0.4927228093147278],"visualized_dimension":-1}]}
{"camera":{"aperture_size":0.0,"autofocus":false,"autofocus_depth":0.0,"autofocus_target":[0.5,0.5,0.5],"fov_axis":1,"matrix":[[1.0,0.0,0.0,0.0],[0.0,1.0,0.0,0.0],[0.0,0.0,1.0,0.0]],"relative_focal_length":[1.0,1.0],"scale":1.0,"screen_center":[0.49892282485961914,0.4927228093147278],"zoom":1.0},"frame":3,"views":[{"camera0":[[1.0,0.0,0.0,0.0],[0.0,1.0,0.0,0.0],[0.0,0.0,1.0,0.0]],"camera1":[[1.0,0.0,0.0,0.0],[0.0,1.0,0.0,0.0],[0.0,0.0,1.0,0.0]],"full_resolution":[1920,1080],"relative_focal_length":[1.0,1.0],"screen_center":[0.49892282485961914,0.4927228093147278],"visualized_dimension":-1}]}
{"camera":{"aperture_size":0.0,"autofocus":false,"autofocus_depth":0.0,"autofocus_target":[0.5,0.5,0.5],"fov_axis":1,"matrix":[[1.0,0.0,0.0,0.0],[0.0,1.0,0.0,0.0],[0.0,0.0,1.0,0.0]],"relative_focal_length":[1.0,1.0],"scale":1.0,"screen_center":[0.49892282485961914,0.4927228093147278],"zoom":1.0},"frame":4,"views":[{"camera0":[[1.0,0.0,0.0,0.0],[0.0,1.0,0.0,0.0],[0.0,0.0,1.0,0.0]],"camera1":[[1.0,0.0,0.0,0.0],[0.0,1.0,0.0,0.0],[0.0,0.0,1.0,0.0]],"full_resolution":[1920,1080],"relative_focal_length":[1.0,1.0],"screen_center":[0.49892282485961914,0.4927228093147278],"visualized_dimension":-1}]}
{"camera":{"aperture_size":0.0,"autofocus":false,"autofocus_depth":0.0,"autofocus_target":[0.5,0.5,0.5],"fov_axis":1,"matrix":[[1.0,0.0,0.0,0.0],[0.0,1.0,0.0,0.0],[0.0,0.0,1.0,0.0]],"relative_focal_length":[1.0,1.0],"scale":1.0,"screen_center":[0.49892282485961914,0.4927228093147278],"zoom":1.0},"frame":5,"views":[{"camera0":[[1.0,0.0,0.0,0.0],[0.0,1.0,0.0,0.0],[0.0,0.0,1.0,0.0]],"camera1":[[1.0,0.0,0.0,0.0],[0.0,1.0,0.0,0.0],[0.0,0.0,1.0,0.0]],"full_resolution":[1920,1080],"relative_focal_length":[1.0,1.0],"screen_center":[0.49892282485961914,0.4927228093147278],"visualized_dimension":-1}]}
{"camera":{"aperture_size":0.0,"autofocus":false,"autofocus_depth":0.0,"autofocus_target":[0.5,0.5,0.5],"fov_axis":1,"matrix":[[1.0,0.0,0.0,0.0],[0.0,1.0,0.0,0.0],[0.0,0.0,1.0,0.0]],"relative_focal_length":[1.0,1.0],"scale":1.0,"screen_center":[0.49892282485961914,0.4927228093147278],"zoom":1.0},"frame":6,"views":[{"camera0":[[1.0,0.0,0.0,0.0],[0.0,1.0,0.0,0.0],[0.0,0.0,1.0,0.0]],"camera1":[[1.0,0.0,0.0,0.0],[0.0,1.0,0.0,0.0],[0.0,0.0,1.0,0.0]],"full_resolution":[1920,1080],"relative_focal_length":[1.0,1.0],"screen_center":[0.49892282485961914,0.4927228093147278],"visualized_dimension":-1}]}
{"camera":{"aperture_size":0.0,"autofocus":false,"autofocus_depth":0.0,"autofocus_target":[0.5,0.5,0.5],"fov_axis":1,"matrix":[[1.0,0.0,0.0,0.0],[0.0,1.0,0.0,0.0],[0.0,0.0,1.0,0.0]],"relative_focal_length":[1.0,1.0],"scale":1.0,"screen_center":[0.49892282485961914,0.4927228093147278],"zoom":1.0},"frame":7,"views":[{"camera0":[[1.0,0.0,0.0,0.0],[0.0,1.0,0.0,0.0],[0.0,0.0,1.0,0.0]],"camera1":[[1.0,0.0,0.0,0.0],[0.0,1.0,0.0,0.0],[0.0,0.0,1.0,0.0]],"full_resolution":[1920,1080],"relative_focal_length":[1.0,1.0],"screen_center":[0.49892282485961914,0.4927228093147278],"visualized_dimension":-1}]}
{"camera":{"aperture_size":0.0,"autofocus":false,"autofocus_depth":0.0,"autofocus_target":[0.5,0.5,0.5],"fov_axis":1,"matrix":[[1.0,0.0,0.0,0.0],[0.0,1.0,0.0,0.0],[0.0,0.0,1.0,0.0]],"relative_focal_length":[1.0,1.0],"scale":1.0,"screen_center":[0.49892282485961914,0.4927228093147278],"zoom":1.0},"frame":8,"views":[{"camera0":[[1.0,0.0,0.0,0.0],[0.0,1.0,0.0,0.0],[0.0,0.0,1.0,0.0]],"camera1":[[1.0,0.0,0.0,0.0],[0.0,1.0,0.0,0.0],[0.0,0.0,1.0,0.0]],"full_resolution":[1920,1080],"relative_focal_length":[1.0,1.0],"screen_center":[0.49892282485961914,0.4927228093147278],"visualized_dimension":-1}]}
{"camera":{"aperture_size":0.0,"autofocus":false,"autofocus_depth":0.0,"autofocus_target":[0.5,0.5,0.5],"fov_axis":1,"matrix":[[1.0,0.0,0.0,0.0],[0.0,1.0,0.0,0.0],[0.0,0.0,1.0,0.0]],"relative_focal_length":[1.0,1.0],"scale":1.0,"screen_center":[0.49892282485961914,0.4927228093147278],"zoom":1.0},"frame":9,"views":[{"camera0":[[1.0,0.0,0.0,0.0],[0.0,1.0,0.0,0.0],[0.0,0.0,1.0,0.0]],"camera1":[[1.0,0.0,0.0,0.0],[0.0,1.0,0.0,0.0],[0.0,0.0,1.0,0.0]],"full_resolution":[1920,1080],"relative_focal_length":[1.0,1.0],"screen_center":[0.49892282485961914,0.4927228093147278],"visualized_dimension":-1}]}
{"camera":{"aperture_size":0.0,"autofocus":false,"autofocus_depth":0.0,"autofocus_target":[0.5,0.5,0.5],"fov_axis":1,"matrix":[[1.0,0.0,0.0,0.0],[0.0,1.0,0.0,0.0],[0.0,0.0,1.0,0.0]],"relative_focal_length":[1.0,1.0],"scale":1.0,"screen_center":[0.49892282485961914,0.4927228093147278],"zoom":1.0},"frame":9,"views":[{"camera0":[[1.0,0.0,0.0,0.0],[0.0,1.0,0.0,0.0],[0.0,0.0,1.0,0.0]],"camera1":[[1.0,0.0,0.0,0.0],[0.0,1.0,0.0,0.0],[0.0,0.0,1.0,0.0]],"full_resolution":[1920,1080],"relative_focal_length":[1.0,1.0],"screen_center":[0.49892282485961914,0.4927228093147278],"visualized_dimension":-1}]}
{"camera":{"aperture_size":0.0,"autofocus":false,"autofocus_depth":0.0,"autofocus_target":[0.5,0.5,0.5],"fov_axis":1,"matrix":[[1.0,0.0,0.0,0.0],[0.0,1.0,0.0,0.0],[0.0,0.0,1.0,0.0]],"relative_focal_length":[1.0,1.0],"scale":1.0,"screen_center":[0.49892282485961914,0.4927228093147278],"zoom":1.0},"frame":9,"views":[{"camera0":[[1.0,0.0,0.0,0.0],[0.0,1.0,0.0,0.0],[0.0,0.0,1.0,0.0]],"camera1":[[1.0,0.0,0.0,0.0],[0.0,1.0,0.0,0.0],[0.0,0.0,1.0,0.0]],"full_resolution":[1920,1080],"relative_focal_length":[1.0,1.0],"screen_center":[0.49892282485961914,0.4927228093147278],"visualized_dimension":-1}]}
{"camera":{"aperture_size":0.0,"autofocus":false,"autofocus_depth":0.0,"autofocus_target":[0.5,0.5,0.5],"fov_axis":1,"matrix":[[1.0,0.0,0.0,0.0],[0.0,1.0,0.0,0.0],[0.0,0.0,1.0,0.0]],"relative_focal_length":[1.0,1.0],"scale":1.0,"screen_center":[0.49892282485961914,0.4927228093147278],"zoom":1.0},"frame":9,"views":[{"camera0":[[1.0,0.0,0.0,0.0],[0.0,1.0,0.0,0.0],[0.0,0.0,1.0,0.0]],"camera1":[[1.0,0.0,0.0,0.0],[0.0,1.0,0.0,0.0],[0.0,0.0,1.0,0.0]],"full_resolution":[1920,1080],"relative_focal_length":[1.0,1.0],"screen_center":[0.49892282485961914,0.4927228093147278],"visualized_dimension":-1}]}
{"camera":{"aperture_size":0.0,"autofocus":false,"autofocus_depth":0.0,"autofocus_target":[0.5,0.5,0.5],"fov_axis":1,"matrix":[[1.0,0.0,0.0,0.0],[0.0,1.0,0.0,0.0],[0.0,0.0,1.0,0.0]],"relative_focal_length":[1.0,1.0],"scale":1.0,"screen_center":[0.49892282485961914,0.4927228093147278],"zoom":1.0},"frame":9,"views":[{"camera0":[[1.0,0.0,0.0,0.0],[0.0,1.0,0.0,0.0],[0.0,0.0,1.0,0.0]],"camera1":[[1.0,0.0,0.0,0.0],[0.0,1.0,0.0,0.0],[0.0,0.0,1.0,0.0]],"full_resolution":[1920,1080],"relative_focal_length":[1.0,1.0],"screen_center":[0.49892282485961914,0.4927228093147278],"visualized_dimension":-1}]}
{"camera":{"aperture_size":0.0,"autofocus":false,"autofocus_depth":0.0,"autofocus_target":[0.5,0.5,0.5],"fov_axis":1,"matrix":[[1.0,0.0,0.0,0.0],[0.0,1.0,0.0,0.0],[0.0,0.0,1.0,0.0]],"relative_focal_length":[1.0,1.0],"scale":1.0,"screen_center":[0.49892282485961914,0.4927228093147278],"zoom":1.0},"frame":9,"views":[{"camera0":[[1.0,0.0,0.0,0.0],[0.0,1.0,0.0,0.0],[0.0,0.0,1.0,0.0]],"camera1":[[1.0,0.0,0.0,0.0],[0.0,1.0,0.0,0.0],[0.0,0.0,1.0,0.0]],"full_resolution":[1920,1080],"relative_focal_length":[1.0,1.0],"screen_center":[0.49892282485961914,0.4927228093147278],"visualized_dimension":-1}]}
{"camera":{"aperture_size":0.0,"autofocus":false,"autofocus_depth":0.0,"autofocus_target":[0.5,0.5,0.5],"fov_axis":1,"matrix":[[1.0,0.0,0.0,0.0],[0.0,1.0,0.0,0.0],[0.0,0.0,1.0,0.0]],"relative_focal_length":[1.0,1.0],"scale":1.0,"screen_center":[0.49892282485961914,0.4927228093147278],"zoom":1.0},"frame":10,"views":[{"camera0":[[1.0,0.0,0.0,0.0],[0.0,1.0,0.0,0.0],[0.0,0.0,1.0,0.0]],"camera1":[[1.0,0.0,0.0,0.0],[0.0,1.0,0.0,0.0],[0.0,0.0,1.0,0.0]],"full_resolution":[1920,1080],"relative_focal_length":[1.0,1.0],"screen_center":[0.49892282485961914,0.4927228093147278],"visualized_dimension":-1}]}
{"camera":{"aperture_size":0.0,"autofocus":false,"autofocus_depth":0.0,"autofocus_target":[0.5,0.5,0.5],"fov_axis":1,"matrix":[[1.0,0.0,0.0,0.0],[0.0,1.0,0.0,0.0],[0.0,0.0,1.0,0.0]],"relative_focal_length":[1.0,1.0],"scale":1.0,"screen_center":[0.49892282485961914,0.4927228093147278],"zoom":1.0},"frame":11,"views":[{"camera0":[[1.0,0.0,0.0,0.0],[0.0,1.0,0.0,0.0],[0.0,0.0,1.0,0.0]],"camera1":[[1.0,0.0,0.0,0.0],[0.0,1.0,0.0,0.0],[0.0,0.0,1.0,0.0]],"full_resolution":[1920,1080],"relative_focal_length":[1.0,1.0],"screen_center":[0.49892282485961914,0.4927228093147278],"visualized_dimension":-1}]}
{"camera":{"aperture_size":0.0,"autofocus":false,"autofocus_depth":0.0,"autofocus_target":[0.5,0.5,0.5],"fov_axis":1,"matrix":[[1.0,0.0,0.0,0.0],[0.0,1.0,0.0,0.0],[0.0,0.0,1.0,0.0]],"relative_focal_length":[1.0,1.0],"scale":1.0,"screen_center":[0.49892282485961914,0.4927228093147278],"zoom":1.0},"frame":12,"views":[{"camera0":[[1.0,0.0,0.0,0.0],[0.0,1.0,0.0,0.0],[0.0,0.0,1.0,0.0]],"camera1":[[1.0,0.0,0.0,0.0],[0.0,1.0,0.0,0.0],[0.0,0.0,1.0,0.0]],"full_resolution":[1920,1080],"relative_focal_length":[1.0,1.0],"screen_center":[0.49892282485961914,0.4927228093147278],"visualized_dimension":-1}]}
{"camera":{"aperture_size":0.0,"autofocus":false,"autofocus_depth":0.0,"autofocus_target":[0.5,0.5,0.5],"fov_axis":1,"matrix":[[1.0,0.0,0.0,0.0],[0.0,1.0,0.0,0.0],[0.0,0.0,1.0,0.0]],"relative_focal_length":[1.0,1.0],"scale":1.0,"screen_center":[0.49892282485961914,0.4927228093147278],"zoom":1.0},"frame":13,"views":[{"camera0":[[1.0,0.0,0.0,0.0],[0.0,1.0,0.0,0.0],[0.0,0.0,1.0,0.0]],"camera1":[[1.0,0.0,0.0,0.0],[0.0,1.0,0.0,0.0],[0.0,0.0,1.0,0.0]],"full_resolution":[1920,1080],"relative_focal_length":[1.0,1.0],"screen_center":[0.49892282485961914,0.4927228093147278],"visualized_dimension":-1}]}
{"camera":{"aperture_size":0.0,"autofocus":false,"autofocus_depth":0.0,"autofocus_target":[0.5,0.5,0.5],"fov_axis":1,"matrix":[[1.0,0.0,0.0,0.0],[0.0,1.0,0.0,0.0],[0.0,0.0,1.0,0.0]],"relative_focal_length":[1.0,1.0],"scale":1.0,"screen_center":[0.49892282485961914,0.4927228093147278],"zoom":1.0},"frame":14,"views":[{"camera0":[[1.0,0.0,0.0,0.0],[0.0,1.0,0.0,0.0],[0.0,0.0,1.0,0.0]],"camera1":[[1.0,0.0,0.0,0.0],[0.0,1.0,0.0,0.0],[0.0,0.0,1.0,0.0]],"full_resolution":[1920,1080],"relative_focal_length":[1.0,1.0],"screen_center":[0.49892282485961914,0.4927228093147278],"visualized_dimension":-1}]}
{"camera":{"aperture_size":0.0,"autofocus":false,"autofocus_depth":0.0,"autofocus_target":[0.5,0.5,0.5],"fov_axis":1,"matrix":[[1.0,0.0,0.0,0.0],[0.0,1.0,0.0,0.0],[0.0,0.0,1.0,0.0]],"relative_focal_length":[1.0,1.0],"scale":1.0,"screen_center":[0.49892282485961914,0.4927228093147278],"zoom":1.0},"frame":15,"views":[{"camera0":[[1.0,0.0,0.0,0.0],[0.0,1.0,0.0,0.0],[0.0,0.0,1.0,0.0]],"camera1":[[1.0,0.0,0.0,0.0],[0.0,1.0,0.0,0.0],[0.0,0.0,1.0,0.0]],"full_resolution":[1920,1080],"relative_focal_length":[1.0,1.0],"screen_center":[0.49892282485961914,0.4927228093147278],"visualized_dimension":-1}]}
{"camera":{"aperture_size":0.0,"autofocus":false,"autofocus_depth":0.0,"autofocus_target":[0.5,0.5,0.5],"fov_axis":1,"matrix":[[1.0,0.0,0.0,0.0],[0.0,1.0,0.0,0.0],[0.0,0.0,1.0,0.0]],"relative_focal_length":[1.0,1.0],"scale":1.0,"screen_center":[0.49892282485961914,0.4927228093147278],"zoom":1.0},"frame":16,"views":[{"camera0":[[1.0,0.0,0.0,0.0],[0.0,1.0,0.0,0.0],[0.0,0.0,1.0,0.0]],"camera1":[[1.0,0.0,0.0,0.0],[0.0,1.0,0.0,0.0],[0.0,0.0,1.0,0.0]],"full_resolution":[1920,1080],"relative_focal_length":[1.0,1.0],"screen_center":[0.49892282485961914,0.4927228093147278],"visualized_dimension":-1}]}
{"camera":{"aperture_size":0.0,"autofocus":false,"autofocus_depth":0.0,"autofocus_target":[0.5,0.5,0.5],"fov_axis":1,"matrix":[[1.0,0.0,0.0,0.0],[0.0,1.0,0.0,0.0],[0.0,0.0,1.0,0.0]],"relative_focal_length":[1.0,1.0],"scale":1.0,"screen_center":[0.49892282485961914,0.4927228093147278],"zoom":1.0},"frame":17,"views":[{"camera0":[[1.0,0.0,0.0,0.0],[0.0,1.0,0.0,0.0],[0.0,0.0,1.0,0.0]],"camera1":[[1.0,0.0,0.0,0.0],[0.0,1.0,0.0,0.0],[0.0,0.0,1.0,0.0]],"full_resolution":[1920,1080],"relative_focal_length":[1.0,1.0],"screen_center":[0.49892282485961914,0.4927228093147278],"visualized_dimension":-1}]}
{"camera":{"aperture_size":0.0,"autofocus":false,"autofocus_depth":0.0,"autofocus_target":[0.5,0.5,0.5],"fov_axis":1,"matrix":[[0.9997292160987854,-0.0008120749262161553,-0.02325478196144104,0.02325478196144104],[0.0,0.9993908405303955,-0.034899499267339706,0.034899499267339706],[0.023268956691026688,0.03489004820585251,0.9991202354431152,0.0008797645568847656]],"relative_focal_length":[1.0,1.0],"scale":1.0,"screen_center":[0.49892282485961914,0.4927228093147278],"zoom":1.0},"frame":17,"views":[{"camera0":[[0.9997292160987854,-0.0008120749262161553,-0.02325478196144104,0.02325478196144104],[0.0,0.9993908405303955,-0.034899499267339706,0.034899499267339706],[0.023268956691026688,0.03489004820585251,0.9991202354431152,0.0008797645568847656]],"camera1":[[0.9997292160987854,-0.0008120749262161553,-0.02325478196144104,0.02325478196144104],[0.0,0.9993908405303955,-0.034899499267339706,0.034899499267339706],[0.023268956691026688,0.03489004820585251,0.9991202354431152,0.0008797645568847656]],"full_resolution":[1920,1080],"relative_focal_length":[1.0,1.0],"screen_center":[0.49892282485961914,0.4927228093147278],"visualized_dimension":-1}]}
{"camera":{"aperture_size":0.0,"autofocus":false,"autofocus_depth":0.0,"autofocus_target":[0.5,0.5,0.5],"fov_axis":1,"matrix":[[0.9991709589958191,-0.005196686834096909,-0.040380075573921204,0.040380075573921204],[2.3283064365386963e-10,0.9918203949928284,-0.12764164805412292,0.12764164805412292],[0.04071309417486191,0.1275358349084854,0.9909979701042175,0.00900202989578247]],"relative_focal_length":[1.0,1.0],"scale":1.0,"screen_center":[0.49892282485961914,0.4927228093147278],"zoom":1.0},"frame":17,"views":[{"camera0":[[0.9991709589958191,-0.005196686834096909,-0.040380075573921204,0.040380075573921204],[2.3283064365386963e-10,0.9918203949928284,-0.12764164805412292,0.12764164805412292],[0.04071309417486191,0.1275358349084854,0.9909979701042175,0.00900202989578247]],"camera1":[[0.9991709589958191,-0.005196686834096909,-0.040380075573921204,0.040380075573921204],[2.3283064365386963e-10,0.9918203949928284,-0.12764164805412292,0.12764164805412292],[0.04071309417486191,0.1275358349084854,0.9909979701042175,0.00900202989578247]],"full_resolution":[1920,1080],"relative_focal_length":[1.0,1.0],"screen_center":[0.49892282485961914,0.4927228093147278],"visualized_dimension":-1}]}
{"camera":{"aperture_size":0.0,"autofocus":false,"autofocus_depth":0.0,"autofocus_target":[0.5,0.5,0.5],"fov_axis":1,"matrix":[[0.9989171624183655,-0.012041637673974037,-0.044940002262592316,0.044940002262592316],[-4.656612873077393e-10,0.9659258723258972,-0.258819043636322,0.258819043636322],[0.04652531445026398,0.2585388123989105,0.9648798108100891,0.03512018918991089]],"relative_focal_length":[1.0,1.0],"scale":1.0,"screen_center":[0.49892282485961914,0.4927228093147278],"zoom":1.0},"frame":17,"views":[{"camera0":[[0.9989171624183655,-0.012041637673974037,-0.044940002262592316,0.044940002262592316],[-4.656612873077393e-10,0.9659258723258972,-0.258819043636322,0.258819043636322],[0.04652531445026398,0.2585388123989105,0.9648798108100891,0.03512018918991089]],"camera1":[[0.9989171624183655,-0.012041637673974037,-0.044940002262592316,0.044940002262592316],[-4.656612873077393e-10,0.9659258723258972,-0.258819043636322,0.258819043636322],[0.04652531445026398,0.2585388123989105,0.9648798108100891,0.03512018918991089]],"full_resolution":[1920,1080],"relative_focal_length":[1.0,1.0],"screen_center":[0.49892282485961914,0.4927228093147278],"visualized_dimension":-1}]}
{"camera":{"aperture_size":0.0,"autofocus":false,"autofocus_depth":0.0,"autofocus_target":[0.5,0.5,0.5],"fov_axis":1,"matrix":[[0.9989171624183655,-0.022080933675169945,-0.040951646864414215,0.040951646864414215],[0.0,0.8802013993263245,-0.4746003746986389,0.4746003746986389],[0.04652531445026398,0.4740864932537079,0.8792482018470764,0.12075179815292358]],"relative_focal_length":[1.0,1.0],"scale":1.0,"screen_center":[0.49892282485961914,0.4927228093147278],"zoom":1.0},"frame":17,"views":[{"camera0":[[0.9989171624183655,-0.022080933675169945,-0.040951646864414215,0.040951646864414215],[0.0,0.8802013993263245,-0.4746003746986389,0.4746003746986389],[0.04652531445026398,0.4740864932537079,0.8792482018470764,0.12075179815292358]],"camera1":[[0.9989171624183655,-0.022080933675169945,-0.040951646864414215,0.040951646864414215],[0.0,0.8802013993263245,-0.4746003746986389,0.4746003746986389],[0.04652531445026398,0.4740864932537079,0.8792482018470764,0.12075179815292358]],"full_resolution":[1920,1080],"relative_focal_length":[1.0,1.0],"screen_center":[0.49892282485961914,0.4927228093147278],"visualized_dimension":-1}]}
{"camera":{"aperture_size":0.0,"autofocus":false,"autofocus_depth":0.0,"autofocus_target":[0.5,0.5,0.5],"fov_axis":1,"matrix":[[0.9989171624183655,-0.028856651857495308,-0.036495182663202286,0.036495182663202286],[9.313225746154785e-10,0.7844156622886658,-0.6202355027198792,0.6202355027198792],[0.04652531445026398,0.6195639371871948,0.7835661768913269,0.2164338231086731]],"relative_focal_length":[1.0,1.0],"scale":1.0,"screen_center":[0.49892282485961914,0.4927228093147278],"zoom":1.0},"frame":17,"views":[{"camera0":[[0.9989171624183655,-0.028856651857495308,-0.036495182663202286,0.036495182663202286],[9.313225746154785e-10,0.7844156622886658,-0.6202355027198792,0.6202355027198792],[0.04652531445026398,0.6195639371871948,0.7835661768913269,0.2164338231086731]],"camera1":[[0.9989171624183655,-0.028856651857495308,-0.036495182663202286,0.036495182663202286],[9.313225746154785e-10,0.7844156622886658,-0.6202355027198792,0.6202355027198792],[0.04652531445026398,0.6195639371871948,0.7835661768913269,0.2164338231086731]],"full_resolution":[1920,1080],"relative_focal_length":[1.0,1.0],"screen_center":[0.49892282485961914,0.4927228093147278],"visualized_dimension":-1}]}
{"camera":{"aperture_size":0.0,"autofocus":false,"autofocus_depth":0.0,"autofocus_target":[0.5,0.5,0.5],"fov_axis":1,"matrix":[[0.9991709589958191,-0.03414487466216087,-0.022173937410116196,0.022173937410116196],[9.313225746154785e-10,0.544638991355896,-0.8386706113815308,0.8386706113815308],[0.04071309417486191,0.837975263595581,0.5441873669624329,0.45581263303756714]],"relative_focal_length":[1.0,1.0],"scale":1.0,"screen_center":[0.49892282485961914,0.4927228093147278],"zoom":1.0},"frame":18,"views":[{"camera0":[[0.9991709589958191,-0.03414487466216087,-0.022173937410116196,0.022173937410116196],[9.313225746154785e-10,0.544638991355896,-0.8386706113815308,0.8386706113815308],[0.04071309417486191,0.837975263595581,0.5441873669624329,0.45581263303756714]],"camera1":[[0.9991709589958191,-0.03414487466216087,-0.022173937410116196,0.022173937410116196],[9.313225746154785e-10,0.544638991355896,-0.8386706113815308,0.8386706113815308],[0.04071309417486191,0.837975263595581,0.5441873669624329,0.45581263303756714]],"full_resolution":[1920,1080],"relative_focal_length":[1.0,1.0],"screen_center":[0.49892282485961914,0.4927228093147278],"visualized_dimension":-1}]}
{"camera":{"aperture_size":0.0,"autofocus":false,"autofocus_depth":0.0,"autofocus_target":[0.5,0.5,0.5],"fov_axis":1,"matrix":[[0.9991709589958191,-0.0379234217107296,-0.014811145141720772,0.014811145141720772],[9.313225746154785e-10,0.36379313468933105,-0.9314797520637512,0.9314797520637512],[0.04071309417486191,0.9307075142860413,0.3634914755821228,0.6365085244178772]],"relative_focal_length":[1.0,1.0],"scale":1.0,"screen_center":[0.49892282485961914,0.4927228093147278],"zoom":1.0},"frame":19,"views":[{"camera0":[[0.9991709589958191,-0.0379234217107296,-0.014811145141720772,0.014811145141720772],[9.313225746154785e-10,0.36379313468933105,-0.9314797520637512,0.9314797520637512],[0.04071309417486191,0.9307075142860413,0.3634914755821228,0.6365085244178772]],"camera1":[[0.9991709589958191,-0.0379234217107296,-0.014811145141720772,0.014811145141720772],[9.313225746154785e-10,0.36379313468933105,-0.9314797520637512,0.9314797520637512],[0.04071309417486191,0.9307075142860413,0.3634914755821228,0.6365085244178772]],"full_resolution":[1920,1080],"relative_focal_length":[1.0,1.0],"screen_center":[0.49892282485961914,0.4927228093147278],"visualized_dimension":-1}]}
{"camera":{"aperture_size":0.0,"autofocus":false,"autofocus_depth":0.0,"autofocus_target":[0.5,0.5,0.5],"fov_axis":1,"matrix":[[0.9991709589958191,-0.04017411544919014,-0.006602762266993523,0.006602762266993523],[9.313225746154785e-10,0.16217781603336334,-0.9867615699768066,0.9867615699768066],[0.04071309417486191,0.9859434962272644,0.16204331815242767,0.8379566669464111]],"relative_focal_length":[1.0,1.0],"scale":1.0,"screen_center":[0.49892282485961914,0.4927228093147278],"zoom":1.0},"frame":20,"views":[{"camera0":[[0.9991709589958191,-0.04017411544919014,-0.006602762266993523,0.006602762266993523],[9.313225746154785e-10,0.16217781603336334,-0.9867615699768066,0.9867615699768066],[0.04071309417486191,0.9859434962272644,0.16204331815242767,0.8379566669464111]],"camera1":[[0.9991709589958191,-0.04017411544919014,-0.006602762266993523,0.006602762266993523],[9.313225746154785e-10,0.16217781603336334,-0.9867615699768066,0.9867615699768066],[0.04071309417486191,0.9859434962272644,0.16204331815242767,0.8379566669464111]],"full_resolution":[1920,1080],"relative_focal_length":[1.0,1.0],"screen_center":[0.49892282485961914,0.4927228093147278],"visualized_dimension":-1}]}
{"camera":{"aperture_size":0.0,"autofocus":false,"autofocus_depth":0.0,"autofocus_target":[0.5,0.5,0.5],"fov_axis":1,"matrix":[[0.9993909001350403,-0.0348941795527935,0.0006090831011533737,-0.0006090831011533737],[9.313225746154785e-10,-0.017452552914619446,-0.9998477101325989,0.9998477101325989],[0.034899499267339706,0.9992387294769287,-0.017441943287849426,1.017441987991333]],"relative_focal_length":[1.0,1.0],"scale":1.0,"screen_center":[0.49892282485961914,0.4927228093147278],"zoom":1.0},"frame":21,"views":[{"camera0":[[0.9993909001350403,-0.0348941795527935,0.0006090831011533737,-0.0006090831011533737],[9.313225746154785e-10,-0.017452552914619446,-0.9998477101325989,0.9998477101325989],[0.034899499267339706,0.9992387294769287,-0.017441943287849426,1.017441987991333]],"camera1":[[0.9993909001350403,-0.0348941795527935,0.0006090831011533737,-0.0006090831011533737],[9.313225746154785e-10,-0.017452552914619446,-0.9998477101325989,0.9998477101325989],[0.034899499267339706,0.9992387294769287,-0.017441943287849426,1.017441987991333]],"full_resolution":[1920,1080],"relative_focal_length":[1.0,1.0],"screen_center":[0.49892282485961914,0.4927228093147278],"visualized_dimension":-1}]}
{"camera":{"aperture_size":0.0,"autofocus":false,"autofocus_depth":0.0,"autofocus_target":[0.5,0.5,0.5],"fov_axis":1,"matrix":[[0.9998478293418884,-0.01716933585703373,0.003130518365651369,-0.003130518365651369],[9.313225746154785e-10,-0.17937476933002472,-0.9837808012962341,0.9837808012962341],[0.017452409490942955,0.9836311340332031,-0.1793474555015564,1.1793473958969116]],"relative_focal_length":[1.0,1.0],"scale":1.0,"screen_center":[0.49892282485961914,0.4927228093147278],"zoom":1.0},"frame":22,"views":[{"camera0":[[0.9998478293418884,-0.01716933585703373,0.003130518365651369,-0.003130518365651369],[9.313225746154785e-10,-0.17937476933002472,-0.9837808012962341,0.9837808012962341],[0.017452409490942955,0.9836311340332031,-0.1793474555015564,1.1793473958969116]],"camera1":[[0.9998478293418884,-0.01716933585703373,0.003130518365651369,-0.003130518365651369],[9.313225746154785e-10,-0.17937476933002472,-0.9837808012962341,0.9837808012962341],[0.017452409490942955,0.9836311340332031,-0.1793474555015564,1.1793473958969116]],"full_resolution":[1920,1080],"relative_focal_length":[1.0,1.0],"screen_center":[0.49892282485961914,0.4927228093147278],"visualized_dimension":-1}]}
{"camera":{"aperture_size":0.0,"autofocus":false,"autofocus_depth":0.0,"autofocus_target":[0.5,0.5,0.5],"fov_axis":1,"matrix":[[1.000000238418579,1.1175870895385742e-08,-3.725290298461914e-09,3.725290298461914e-09],[9.313225746154785e-10,-0.3420203924179077,-0.9396925568580627,0.9396925568580627],[-1.862645149230957e-09,0.9396927356719971,-0.34202033281326294,1.3420202732086182]],"relative_focal_length":[1.0,1.0],"scale":1.0,"screen_center":[0.49892282485961914,0.4927228093147278],"zoom":1.0},"frame":23,"views":[{"camera0":[[1.000000238418579,1.1175870895385742e-08,-3.725290298461914e-09,3.725290298461914e-09],[9.313225746154785e-10,-0.3420203924179077,-0.9396925568580627,0.9396925568580627],[-1.862645149230957e-09,0.9396927356719971,-0.34202033281326294,1.3420202732086182]],"camera1":[[1.000000238418579,1.1175870895385742e-08,-3.725290298461914e-09,3.725290298461914e-09],[9.313225746154785e-10,-0.3420203924179077,-0.9396925568580627,0.9396925568580627],[-1.862645149230957e-09,0.9396927356719971,-0.34202033281326294,1.3420202732086182]],"full_resolution":[1920,1080],"relative_focal_length":[1.0,1.0],"screen_center":[0.49892282485961914,0.4927228093147278],"visualized_dimension":-1}]}
{"camera":{"aperture_size":0.0,"autofocus":false,"autofocus_depth":0.0,"autofocus_target":[0.5,0.5,0.5],"fov_axis":1,"matrix":[[1.000000238418579,1.1188749482471394e-08,-3.90650800596859e-09,3.90650800596859e-09],[9.313225746154785e-10,-0.4226185381412506,-0.9063076972961426,0.9063076972961426],[-1.862645149230957e-09,0.9063078761100769,-0.42261844873428345,1.4226183891296387]],"relative_focal_length":[1.0,1.0],"scale":1.0,"screen_center":[0.49892282485961914,0.4927228093147278],"zoom":1.0},"frame":24,"views":[{"camera0":[[1.000000238418579,1.1188749482471394e-08,-3.90650800596859e-09,3.90650800596859e-09],[9.313225746154785e-10,-0.4226185381412506,-0.9063076972961426,0.9063076972961426],[-1.862645149230957e-09,0.9063078761100769,-0.42261844873428345,1.4226183891296387]],"camera1":[[1.000000238418579,1.1188749482471394e-08,-3.90650800596859e-09,3.90650800596859e-09],[9.313225746154785e-10,-0.4226185381412506,-0.9063076972961426,0.9063076972961426],[-1.862645149230957e-09,0.9063078761100769,-0.42261844873428345,1.4226183891296387]],"full_resolution":[1920,1080],"relative_focal_length":[1.0,1.0],"screen_center":[0.49892282485961914,0.4927228093147278],"visualized_dimension":-1}]}
{"camera":{"aperture_size":0.0,"autofocus":false,"autofocus_depth":0.0,"autofocus_target":[0.5,0.5,0.5],"fov_axis":1,"matrix":[[0.9999325275421143,0.009973381645977497,-0.00599261187016964,0.00599261187016964],[9.313225746154785e-10,-0.5150383710861206,-0.8571671843528748,0.8571671843528748],[-0.011635270901024342,0.8571093082427979,-0.5150034427642822,1.5150034427642822]],"relative_focal_length":[1.0,1.0],"scale":1.0,"screen_center":[0.49892282485961914,0.4927228093147278],"zoom":1.0},"frame":25,"views":[{"camera0":[[0.9999325275421143,0.009973381645977497,-0.00599261187016964,0.00599261187016964],[9.313225746154785e-10,-0.5150383710861206,-0.8571671843528748,0.8571671843528748],[-0.011635270901024342,0.8571093082427979,-0.5150034427642822,1.5150034427642822]],"camera1":[[0.9999325275421143,0.009973381645977497,-0.00599261187016964,0.00599261187016964],[9.313225746154785e-10,-0.5150383710861206,-0.8571671843528748,0.8571671843528748],[-0.011635270901024342,0.8571093082427979,-0.5150034427642822,1.5150034427642822]],"full_resolution":[1920,1080],"relative_focal_length":[1.0,1.0],"screen_center":[0.49892282485961914,0.4927228093147278],"visualized_dimension":-1}]}
{"camera":{"aperture_size":0.0,"autofocus":false,"autofocus_depth":0.0,"autofocus_target":[0.5,0.5,0.5],"fov_axis":1,"matrix":[[0.9995771646499634,0.022171057760715485,-0.018824614584445953,0.018824614584445953],[1.0477378964424133e-09,-0.6472336649894714,-0.7622917294502258,0.7622917294502258],[-0.02908472716808319,0.7619693875312805,-0.6469597816467285,1.6469597816467285]],"relative_focal_length":[1.0,1.0],"scale":1.0,"screen_center":[0.49892282485961914,0.4927228093147278],"zoom":1.0},"frame":25,"views":[{"camera0":[[0.9995771646499634,0.022171057760715485,-0.018824614584445953,0.018824614584445953],[1.0477378964424133e-09,-0.6472336649894714,-0.7622917294502258,0.7622917294502258],[-0.02908472716808319,0.7619693875312805,-0.6469597816467285,1.6469597816467285]],"camera1":[[0.9995771646499634,0.022171057760715485,-0.018824614584445953,0.018824614584445953],[1.0477378964424133e-09,-0.6472336649894714,-0.7622917294502258,0.7622917294502258],[-0.02908472716808319,0.7619693875312805,-0.6469597816467285,1.6469597816467285]],"full_resolution":[1920,1080],"relative_focal_length":[1.0,1.0],"screen_center":[0.49892282485961914,0.4927228093147278],"visualized_dimension":-1}]}
{"camera":{"aperture_size":0.0,"autofocus":false,"autofocus_depth":0.0,"autofocus_target":[0.5,0.5,0.5],"fov_axis":1,"matrix":[[0.9986296892166138,0.03569304198026657,-0.03827611356973648,0.03827611356973648],[6.984919309616089e-10,-0.7313539981842041,-0.6819981336593628,0.6819981336593628],[-0.05233597010374069,0.6810635924339294,-0.7303515672683716,1.7303515672683716]],"relative_focal_length":[1.0,1.0],"scale":1.0,"screen_center":[0.49892282485961914,0.4927228093147278],"zoom":1.0},"frame":26,"views":[{"camera0":[[0.9986296892166138,0.03569304198026657,-0.03827611356973648,0.03827611356973648],[6.984919309616089e-10,-0.7313539981842041,-0.6819981336593628,0.6819981336593628],[-0.05233597010374069,0.6810635924339294,-0.7303515672683716,1.7303515672683716]],"camera1":[[0.9986296892166138,0.03569304198026657,-0.03827611356973648,0.03827611356973648],[6.984919309616089e-10,-0.7313539981842041,-0.6819981336593628,0.6819981336593628],[-0.05233597010374069,0.6810635924339294,-0.7303515672683716,1.7303515672683716]],"full_resolution":[1920,1080],"relative_focal_length":[1.0,1.0],"screen_center":[0.49892282485961914,0.4927228093147278],"visualized_dimension":-1}]}
{"camera":{"aperture_size":0.0,"autofocus":false,"autofocus_depth":0.0,"autofocus_target":[0.5,0.5,0.5],"fov_axis":1,"matrix":[[0.9971414804458618,0.04923847317695618,-0.057312436401844025,0.057312436401844025],[6.984919309616089e-10,-0.7585139274597168,-0.651656985282898,0.651656985282898],[-0.0755588710308075,0.6497942805290222,-0.7563453912734985,1.7563453912734985]],"relative_focal_length":[1.0,1.0],"scale":1.0,"screen_center":[0.49892282485961914,0.4927228093147278],"zoom":1.0},"frame":27,"views":[{"camera0":[[0.9971414804458618,0.04923847317695618,-0.057312436401844025,0.057312436401844025],[6.984919309616089e-10,-0.7585139274597168,-0.651656985282898,0.651656985282898],[-0.0755588710308075,0.6497942805290222,-0.7563453912734985,1.7563453912734985]],"camera1":[[0.9971414804458618,0.04923847317695618,-0.057312436401844025,0.057312436401844025],[6.984919309616089e-10,-0.7585139274597168,-0.651656985282898,0.651656985282898],[-0.0755588710308075,0.6497942805290222,-0.7563453912734985,1.7563453912734985]],"full_resolution":[1920,1080],"relative_focal_length":[1.0,1.0],"screen_center":[0.49892282485961914,0.4927228093147278],"visualized_dimension":-1}]}
