{"camera":{"aperture_size":0.0,"autofocus":false,"autofocus_depth":0.0,"autofocus_target":[0.5,0.5,0.5],"fov_axis":1,"matrix":[[0.9135453104972839,0.04956861212849617,-0.4037047326564789,0.3006768226623535],[1.862645149230957e-09,-0.992546558380127,-0.12186919152736664,0.43352749943733215],[-0.4067366421222687,0.11133287101984024,-0.9067358374595642,1.0368901491165161]],"relative_focal_length":[1.0,1.0],"scale":0.12284590303897858,"screen_center":[0.49892282485961914,0.4927228093147278],"zoom":1.0},"frame":1,"views":[{"camera0":[[0.9986770153045654,-0.0027165114879608154,0.0513460636138916,0.45941317081451416],[-0.020659584552049637,-0.9356493353843689,0.35232698917388916,0.4754139482975006],[0.04708462953567505,-0.35292160511016846,-0.9344672560691833,1.265066146850586]],"camera1":[[0.9986770153045654,-0.0027165114879608154,0.0513460636138916,0.45941317081451416],[-0.020659584552049637,-0.9356493353843689,0.35232698917388916,0.4754139482975006],[0.04708462953567505,-0.35292160511016846,-0.9344672560691833,1.265066146850586]],"full_resolution":[2064,2272],"relative_focal_length":[0.4356694221496582,0.4339345097541809],"screen_center":[0.3787437081336975,0.5965937376022339],"visualized_dimension":-1},{"camera0":[[0.9986770153045654,-0.0027165114879608154,0.0513460636138916,0.46686267852783203],[-0.020659584552049637,-0.9356493353843689,0.35232698917388916,0.47525984048843384],[0.04708462953567505,-0.35292160511016846,-0.9344672560691833,1.2654173374176025]],"camera1":[[0.9986770153045654,-0.0027165114879608154,0.0513460636138916,0.46686267852783203],[-0.020659584552049637,-0.9356493353843689,0.35232698917388916,0.47525984048843384],[0.04708462953567505,-0.35292160511016846,-0.9344672560691833,1.2654173374176025]],"full_resolution":[2064,2272],"relative_focal_length":[0.4356694221496582,0.4339345097541809],"screen_center":[0.6212562918663025,0.5965937376022339],"visualized_dimension":-1}]}
{"camera":{"aperture_size":0.0,"autofocus":false,"autofocus_depth":0.0,"autofocus_target":[0.5,0.5,0.5],"fov_axis":1,"matrix":[[0.9135453104972839,0.04956861212849617,-0.4037047326564789,0.3006768226623535],[1.862645149230957e-09,-0.992546558380127,-0.12186919152736664,0.43352749943733215],[-0.4067366421222687,0.11133287101984024,-0.9067358374595642,1.0368901491165161]],"relative_focal_length":[1.0,1.0],"scale":0.12284590303897858,"screen_center":[0.49892282485961914,0.4927228093147278],"zoom":1.0},"frame":2,"views":[{"camera0":[[0.9977946877479553,-0.014555752277374268,0.06475767493247986,0.45891350507736206],[-0.03602234274148941,-0.9382239580154419,0.3441498577594757,0.4753745198249817],[0.055747658014297485,-0.34572356939315796,-0.9366787672042847,1.2634414434432983]],"camera1":[[0.9977946877479553,-0.014555752277374268,0.06475767493247986,0.45891350507736206],[-0.03602234274148941,-0.9382239580154419,0.3441498577594757,0.4753745198249817],[0.055747658014297485,-0.34572356939315796,-0.9366787672042847,1.2634414434432983]],"full_resolution":[2064,2272],"relative_focal_length":[0.4356694221496582,0.4339345097541809],"screen_center":[0.3787437081336975,0.5965937376022339],"visualized_dimension":-1},{"camera0":[[0.9977946877479553,-0.014555752277374268,0.06475767493247986,0.46635639667510986],[-0.03602234274148941,-0.9382239580154419,0.3441498577594757,0.47510582208633423],[0.055747658014297485,-0.34572356939315796,-0.9366787672042847,1.263857364654541]],"camera1":[[0.9977946877479553,-0.014555752277374268,0.06475767493247986,0.46635639667510986],[-0.03602234274148941,-0.9382239580154419,0.3441498577594757,0.47510582208633423],[0.055747658014297485,-0.34572356939315796,-0.9366787672042847,1.263857364654541]],"full_resolution":[2064,2272],"relative_focal_length":[0.4356694221496582,0.4339345097541809],"screen_center":[0.6212562918663025,0.5965937376022339],"visualized_dimension":-1}]}
{"camera":{"aperture_size":0.0,"autofocus":false,"autofocus_depth":0.0,"autofocus_target":[0.5,0.5,0.5],"fov_axis":1,"matrix":[[0.9135453104972839,0.04956861212849617,-0.4037047326564789,0.3006768226623535],[1.862645149230957e-09,-0.992546558380127,-0.12186919152736664,0.43352749943733215],[-0.4067366421222687,0.11133287101984024,-0.9067358374595642,1.0368901491165161]],"relative_focal_length":[1.0,1.0],"scale":0.12284590303897858,"screen_center":[0.49892282485961914,0.4927228093147278],"zoom":1.0},"frame":3,"views":[{"camera0":[[0.9973092675209045,-0.0314638614654541,0.06621074676513672,0.4584686756134033],[-0.05299146845936775,-0.9335256814956665,0.3545736074447632,0.4754684567451477],[0.05065298080444336,-0.3571281135082245,-0.9326807260513306,1.2625441551208496]],"camera1":[[0.9973092675209045,-0.0314638614654541,0.06621074676513672,0.4584686756134033],[-0.05299146845936775,-0.9335256814956665,0.3545736074447632,0.4754684567451477],[0.05065298080444336,-0.3571281135082245,-0.9326807260513306,1.2625441551208496]],"full_resolution":[2064,2272],"relative_focal_length":[0.4356694221496582,0.4339345097541809],"screen_center":[0.3787437081336975,0.5965937376022339],"visualized_dimension":-1},{"camera0":[[0.9973092675209045,-0.0314638614654541,0.06621074676513672,0.4659079909324646],[-0.05299146845936775,-0.9335256814956665,0.3545736074447632,0.4750731885433197],[0.05065298080444336,-0.3571281135082245,-0.9326807260513306,1.262921929359436]],"camera1":[[0.9973092675209045,-0.0314638614654541,0.06621074676513672,0.4659079909324646],[-0.05299146845936775,-0.9335256814956665,0.3545736074447632,0.4750731885433197],[0.05065298080444336,-0.3571281135082245,-0.9326807260513306,1.262921929359436]],"full_resolution":[2064,2272],"relative_focal_length":[0.4356694221496582,0.4339345097541809],"screen_center":[0.6212562918663025,0.5965937376022339],"visualized_dimension":-1}]}
{"camera":{"aperture_size":0.0,"autofocus":false,"autofocus_depth":0.0,"autofocus_target":[0.5,0.5,0.5],"fov_axis":1,"matrix":[[0.9135453104972839,0.04956861212849617,-0.4037047326564789,0.3006768226623535],[1.862645149230957e-09,-0.992546558380127,-0.12186919152736664,0.43352749943733215],[-0.4067366421222687,0.11133287101984024,-0.9067358374595642,1.0368901491165161]],"relative_focal_length":[1.0,1.0],"scale":0.12284590303897858,"screen_center":[0.49892282485961914,0.4927228093147278],"zoom":1.0},"frame":4,"views":[{"camera0":[[0.9958666563034058,-0.05800102651119232,0.06989336013793945,0.45712846517562866],[-0.07970178127288818,-0.9270859360694885,0.36627858877182007,0.4756743907928467],[0.043552398681640625,-0.370335191488266,-0.9278764128684998,1.2599372863769531]],"camera1":[[0.9958666563034058,-0.05800102651119232,0.06989336013793945,0.45712846517562866],[-0.07970178127288818,-0.9270859360694885,0.36627858877182007,0.4756743907928467],[0.043552398681640625,-0.370335191488266,-0.9278764128684998,1.2599372863769531]],"full_resolution":[2064,2272],"relative_focal_length":[0.4356694221496582,0.4339345097541809],"screen_center":[0.3787437081336975,0.5965937376022339],"visualized_dimension":-1},{"camera0":[[0.9958666563034058,-0.05800102651119232,0.06989336013793945,0.4645569920539856],[-0.07970178127288818,-0.9270859360694885,0.36627858877182007,0.47507986426353455],[0.043552398681640625,-0.370335191488266,-0.9278764128684998,1.260262131690979]],"camera1":[[0.9958666563034058,-0.05800102651119232,0.06989336013793945,0.4645569920539856],[-0.07970178127288818,-0.9270859360694885,0.36627858877182007,0.47507986426353455],[0.043552398681640625,-0.370335191488266,-0.9278764128684998,1.260262131690979]],"full_resolution":[2064,2272],"relative_focal_length":[0.4356694221496582,0.4339345097541809],"screen_center":[0.6212562918663025,0.5965937376022339],"visualized_dimension":-1}]}
{"camera":{"aperture_size":0.0,"autofocus":false,"autofocus_depth":0.0,"autofocus_target":[0.5,0.5,0.5],"fov_axis":1,"matrix":[[0.9135453104972839,0.04956861212849617,-0.4037047326564789,0.3006768226623535],[1.862645149230957e-09,-0.992546558380127,-0.12186919152736664,0.43352749943733215],[-0.4067366421222687,0.11133287101984024,-0.9067358374595642,1.0368901491165161]],"relative_focal_length":[1.0,1.0],"scale":0.12284590303897858,"screen_center":[0.49892282485961914,0.4927228093147278],"zoom":1.0},"frame":5,"views":[{"camera0":[[0.9964017868041992,-0.05949379503726959,0.06036153435707092,0.45656895637512207],[-0.0778278112411499,-0.9242582321166992,0.373751699924469,0.47581911087036133],[0.033553510904312134,-0.37710461020469666,-0.9255625009536743,1.2590252161026]],"camera1":[[0.9964017868041992,-0.05949379503726959,0.06036153435707092,0.45656895637512207],[-0.0778278112411499,-0.9242582321166992,0.373751699924469,0.47581911087036133],[0.033553510904312134,-0.37710461020469666,-0.9255625009536743,1.2590252161026]],"full_resolution":[2064,2272],"relative_focal_length":[0.4356694221496582,0.4339345097541809],"screen_center":[0.3787437081336975,0.5965937376022339],"visualized_dimension":-1},{"camera0":[[0.9964017868041992,-0.05949379503726959,0.06036153435707092,0.46400147676467896],[-0.0778278112411499,-0.9242582321166992,0.373751699924469,0.475238561630249],[0.033553510904312134,-0.37710461020469666,-0.9255625009536743,1.2592755556106567]],"camera1":[[0.9964017868041992,-0.05949379503726959,0.06036153435707092,0.46400147676467896],[-0.0778278112411499,-0.9242582321166992,0.373751699924469,0.475238561630249],[0.033553510904312134,-0.37710461020469666,-0.9255625009536743,1.2592755556106567]],"full_resolution":[2064,2272],"relative_focal_length":[0.4356694221496582,0.4339345097541809],"screen_center":[0.6212562918663025,0.5965937376022339],"visualized_dimension":-1}]}
{"camera":{"aperture_size":0.0,"autofocus":false,"autofocus_depth":0.0,"autofocus_target":[0.5,0.5,0.5],"fov_axis":1,"matrix":[[0.9135453104972839,0.04956861212849617,-0.4037047326564789,0.3006768226623535],[1.862645149230957e-09,-0.992546558380127,-0.12186919152736664,0.43352749943733215],[-0.4067366421222687,0.11133287101984024,-0.9067358374595642,1.0368901491165161]],"relative_focal_length":[1.0,1.0],"scale":0.12284590303897858,"screen_center":[0.49892282485961914,0.4927228093147278],"zoom":1.0},"frame":6,"views":[{"camera0":[[0.9968719482421875,-0.06679333746433258,0.04224395751953125,0.45546191930770874],[-0.07761671394109726,-0.9281046390533447,0.3641403913497925,0.47563856840133667],[0.014884471893310547,-0.36628013849258423,-0.9303853511810303,1.257271409034729]],"camera1":[[0.9968719482421875,-0.06679333746433258,0.04224395751953125,0.45546191930770874],[-0.07761671394109726,-0.9281046390533447,0.3641403913497925,0.47563856840133667],[0.014884471893310547,-0.36628013849258423,-0.9303853511810303,1.257271409034729]],"full_resolution":[2064,2272],"relative_focal_length":[0.4356694221496582,0.4339345097541809],"screen_center":[0.3787437081336975,0.5965937376022339],"visualized_dimension":-1},{"camera0":[[0.9968719482421875,-0.06679333746433258,0.04224395751953125,0.4628979563713074],[-0.07761671394109726,-0.9281046390533447,0.3641403913497925,0.4750595986843109],[0.014884471893310547,-0.36628013849258423,-0.9303853511810303,1.2573825120925903]],"camera1":[[0.9968719482421875,-0.06679333746433258,0.04224395751953125,0.4628979563713074],[-0.07761671394109726,-0.9281046390533447,0.3641403913497925,0.4750595986843109],[0.014884471893310547,-0.36628013849258423,-0.9303853511810303,1.2573825120925903]],"full_resolution":[2064,2272],"relative_focal_length":[0.4356694221496582,0.4339345097541809],"screen_center":[0.6212562918663025,0.5965937376022339],"visualized_dimension":-1}]}
{"camera":{"aperture_size":0.0,"autofocus":false,"autofocus_depth":0.0,"autofocus_target":[0.5,0.5,0.5],"fov_axis":1,"matrix":[[0.9135453104972839,0.04956861212849617,-0.4037047326564789,0.3006768226623535],[1.862645149230957e-09,-0.992546558380127,-0.12186919152736664,0.43352749943733215],[-0.4067366421222687,0.11133287101984024,-0.9067358374595642,1.0368901491165161]],"relative_focal_length":[1.0,1.0],"scale":0.12284590303897858,"screen_center":[0.49892282485961914,0.4927228093147278],"zoom":1.0},"frame":6,"views":[{"camera0":[[0.9970215559005737,-0.07068003714084625,0.030853629112243652,0.45496469736099243],[-0.0770571306347847,-0.9292552471160889,0.3613138794898987,0.4755997061729431],[0.0031329989433288574,-0.36261510848999023,-0.9319335222244263,1.2564196586608887]],"camera1":[[0.9970215559005737,-0.07068003714084625,0.030853629112243652,0.45496469736099243],[-0.0770571306347847,-0.9292552471160889,0.3613138794898987,0.4755997061729431],[0.0031329989433288574,-0.36261510848999023,-0.9319335222244263,1.2564196586608887]],"full_resolution":[2064,2272],"relative_focal_length":[0.4356694221496582,0.4339345097541809],"screen_center":[0.3787437081336975,0.5965937376022339],"visualized_dimension":-1},{"camera0":[[0.9970215559005737,-0.07068003714084625,0.030853629112243652,0.4624018371105194],[-0.0770571306347847,-0.9292552471160889,0.3613138794898987,0.47502490878105164],[0.0031329989433288574,-0.36261510848999023,-0.9319335222244263,1.2564430236816406]],"camera1":[[0.9970215559005737,-0.07068003714084625,0.030853629112243652,0.4624018371105194],[-0.0770571306347847,-0.9292552471160889,0.3613138794898987,0.47502490878105164],[0.0031329989433288574,-0.36261510848999023,-0.9319335222244263,1.2564430236816406]],"full_resolution":[2064,2272],"relative_focal_length":[0.4356694221496582,0.4339345097541809],"screen_center":[0.6212562918663025,0.5965937376022339],"visualized_dimension":-1}]}
{"camera":{"aperture_size":0.0,"autofocus":false,"autofocus_depth":0.0,"autofocus_target":[0.5,0.5,0.5],"fov_axis":1,"matrix":[[0.9135453104972839,0.04956861212849617,-0.4037047326564789,0.3006768226623535],[1.862645149230957e-09,-0.992546558380127,-0.12186919152736664,0.43352749943733215],[-0.4067366421222687,0.11133287101984024,-0.9067358374595642,1.0368901491165161]],"relative_focal_length":[1.0,1.0],"scale":0.12284590303897858,"screen_center":[0.49892282485961914,0.4927228093147278],"zoom":1.0},"frame":6,"views":[{"camera0":[[0.9969872236251831,-0.0748959630727768,0.02016475796699524,0.4544348418712616],[-0.07711416482925415,-0.9292044043540955,0.36143234372138977,0.4755055606365204],[-0.008332788944244385,-0.3618983328342438,-0.9321801066398621,1.2555818557739258]],"camera1":[[0.9969872236251831,-0.0748959630727768,0.02016475796699524,0.4544348418712616],[-0.07711416482925415,-0.9292044043540955,0.36143234372138977,0.4755055606365204],[-0.008332788944244385,-0.3618983328342438,-0.9321801066398621,1.2555818557739258]],"full_resolution":[2064,2272],"relative_focal_length":[0.4356694221496582,0.4339345097541809],"screen_center":[0.3787437081336975,0.5965937376022339],"visualized_dimension":-1},{"camera0":[[0.9969872236251831,-0.0748959630727768,0.02016475796699524,0.4618717432022095],[-0.07711416482925415,-0.9292044043540955,0.36143234372138977,0.4749303460121155],[-0.008332788944244385,-0.3618983328342438,-0.9321801066398621,1.2555196285247803]],"camera1":[[0.9969872236251831,-0.0748959630727768,0.02016475796699524,0.4618717432022095],[-0.07711416482925415,-0.9292044043540955,0.36143234372138977,0.4749303460121155],[-0.008332788944244385,-0.3618983328342438,-0.9321801066398621,1.2555196285247803]],"full_resolution":[2064,2272],"relative_focal_length":[0.4356694221496582,0.4339345097541809],"screen_center":[0.6212562918663025,0.5965937376022339],"visualized_dimension":-1}]}
{"camera":{"aperture_size":0.0,"autofocus":false,"autofocus_depth":0.0,"autofocus_target":[0.5,0.5,0.5],"fov_axis":1,"matrix":[[0.9135453104972839,0.04956861212849617,-0.4037047326564789,0.3006768226623535],[1.862645149230957e-09,-0.992546558380127,-0.12186919152736664,0.43352749943733215],[-0.4067366421222687,0.11133287101984024,-0.9067358374595642,1.0368901491165161]],"relative_focal_length":[1.0,1.0],"scale":0.12284590303897858,"screen_center":[0.49892282485961914,0.4927228093147278],"zoom":1.0},"frame":7,"views":[{"camera0":[[0.9972484111785889,-0.0722535252571106,0.016575366258621216,0.4540308117866516],[-0.07328972220420837,-0.9273977279663086,0.36682814359664917,0.47542041540145874],[-0.011132806539535522,-0.36703354120254517,-0.9301409125328064,1.2547945976257324]],"camera1":[[0.9972484111785889,-0.0722535252571106,0.016575366258621216,0.4540308117866516],[-0.07328972220420837,-0.9273977279663086,0.36682814359664917,0.47542041540145874],[-0.011132806539535522,-0.36703354120254517,-0.9301409125328064,1.2547945976257324]],"full_resolution":[2064,2272],"relative_focal_length":[0.4356694221496582,0.4339345097541809],"screen_center":[0.3787437081336975,0.5965937376022339],"visualized_dimension":-1},{"camera0":[[0.9972484111785889,-0.0722535252571106,0.016575366258621216,0.4614696502685547],[-0.07328972220420837,-0.9273977279663086,0.36682814359664917,0.47487372159957886],[-0.011132806539535522,-0.36703354120254517,-0.9301409125328064,1.2547115087509155]],"camera1":[[0.9972484111785889,-0.0722535252571106,0.016575366258621216,0.4614696502685547],[-0.07328972220420837,-0.9273977279663086,0.36682814359664917,0.47487372159957886],[-0.011132806539535522,-0.36703354120254517,-0.9301409125328064,1.2547115087509155]],"full_resolution":[2064,2272],"relative_focal_length":[0.4356694221496582,0.4339345097541809],"screen_center":[0.6212562918663025,0.5965937376022339],"visualized_dimension":-1}]}
{"camera":{"aperture_size":0.0,"autofocus":false,"autofocus_depth":0.0,"autofocus_target":[0.5,0.5,0.5],"fov_axis":1,"matrix":[[0.9135453104972839,0.04956861212849617,-0.4037047326564789,0.3006768226623535],[1.862645149230957e-09,-0.992546558380127,-0.12186919152736664,0.43352749943733215],[-0.4067366421222687,0.11133287101984024,-0.9067358374595642,1.0368901491165161]],"relative_focal_length":[1.0,1.0],"scale":0.12284590303897858,"screen_center":[0.49892282485961914,0.4927228093147278],"zoom":1.0},"frame":8,"views":[{"camera0":[[0.997589111328125,-0.06817585229873657,0.0129469633102417,0.45315229892730713],[-0.06814906001091003,-0.9273003339767456,0.3680632412433624,0.4750927686691284],[-0.01308751106262207,-0.36805814504623413,-0.9297104477882385,1.2532204389572144]],"camera1":[[0.997589111328125,-0.06817585229873657,0.0129469633102417,0.45315229892730713],[-0.06814906001091003,-0.9273003339767456,0.3680632412433624,0.4750927686691284],[-0.01308751106262207,-0.36805814504623413,-0.9297104477882385,1.2532204389572144]],"full_resolution":[2064,2272],"relative_focal_length":[0.4356694221496582,0.4339345097541809],"screen_center":[0.3787437081336975,0.5965937376022339],"visualized_dimension":-1},{"camera0":[[0.997589111328125,-0.06817585229873657,0.0129469633102417,0.46059370040893555],[-0.06814906001091003,-0.9273003339767456,0.3680632412433624,0.4745844304561615],[-0.01308751106262207,-0.36805814504623413,-0.9297104477882385,1.2531228065490723]],"camera1":[[0.997589111328125,-0.06817585229873657,0.0129469633102417,0.46059370040893555],[-0.06814906001091003,-0.9273003339767456,0.3680632412433624,0.4745844304561615],[-0.01308751106262207,-0.36805814504623413,-0.9297104477882385,1.2531228065490723]],"full_resolution":[2064,2272],"relative_focal_length":[0.4356694221496582,0.4339345097541809],"screen_center":[0.6212562918663025,0.5965937376022339],"visualized_dimension":-1}]}
{"camera":{"aperture_size":0.0,"autofocus":false,"autofocus_depth":0.0,"autofocus_target":[0.5,0.5,0.5],"fov_axis":1,"matrix":[[0.9135453104972839,0.04956861212849617,-0.4037047326564789,0.3006768226623535],[1.862645149230957e-09,-0.992546558380127,-0.12186919152736664,0.43352749943733215],[-0.4067366421222687,0.11133287101984024,-0.9067358374595642,1.0368901491165161]],"relative_focal_length":[1.0,1.0],"scale":0.12284590303897858,"screen_center":[0.49892282485961914,0.4927228093147278],"zoom":1.0},"frame":8,"views":[{"camera0":[[0.9977320432662964,-0.06599553674459457,0.01322510838508606,0.4522517919540405],[-0.06634948402643204,-0.9313209652900696,0.35810577869415283,0.4746193587779999],[-0.011316776275634766,-0.3581710457801819,-0.9335871934890747,1.2517681121826172]],"camera1":[[0.9977320432662964,-0.06599553674459457,0.01322510838508606,0.4522517919540405],[-0.06634948402643204,-0.9313209652900696,0.35810577869415283,0.4746193587779999],[-0.011316776275634766,-0.3581710457801819,-0.9335871934890747,1.2517681121826172]],"full_resolution":[2064,2272],"relative_focal_length":[0.4356694221496582,0.4339345097541809],"screen_center":[0.3787437081336975,0.5965937376022339],"visualized_dimension":-1},{"camera0":[[0.9977320432662964,-0.06599553674459457,0.01322510838508606,0.4596942365169525],[-0.06634948402643204,-0.9313209652900696,0.35810577869415283,0.4741244316101074],[-0.011316776275634766,-0.3581710457801819,-0.9335871934890747,1.2516837120056152]],"camera1":[[0.9977320432662964,-0.06599553674459457,0.01322510838508606,0.4596942365169525],[-0.06634948402643204,-0.9313209652900696,0.35810577869415283,0.4741244316101074],[-0.011316776275634766,-0.3581710457801819,-0.9335871934890747,1.2516837120056152]],"full_resolution":[2064,2272],"relative_focal_length":[0.4356694221496582,0.4339345097541809],"screen_center":[0.6212562918663025,0.5965937376022339],"visualized_dimension":-1}]}
{"camera":{"aperture_size":0.0,"autofocus":false,"autofocus_depth":0.0,"autofocus_target":[0.5,0.5,0.5],"fov_axis":1,"matrix":[[0.9135453104972839,0.04956861212849617,-0.4037047326564789,0.29775524139404297],[1.862645149230957e-09,-0.992546558380127,-0.12186919152736664,0.4377344846725464],[-0.4067366421222687,0.11133287101984024,-0.9067358374595642,1.038116216659546]],"relative_focal_length":[1.0,1.0],"scale":0.12284590303897858,"screen_center":[0.49892282485961914,0.4927228093147278],"zoom":1.0},"frame":8,"views":[{"camera0":[[0.9974965453147888,-0.06818746030330658,0.01872500777244568,0.45129406452178955],[-0.07038283348083496,-0.9318994283676147,0.3558237552642822,0.474367618560791],[-0.00681304931640625,-0.3562508523464203,-0.9343653321266174,1.2503632307052612]],"camera1":[[0.9974965453147888,-0.06818746030330658,0.01872500777244568,0.45129406452178955],[-0.07038283348083496,-0.9318994283676147,0.3558237552642822,0.474367618560791],[-0.00681304931640625,-0.3562508523464203,-0.9343653321266174,1.2503632307052612]],"full_resolution":[2064,2272],"relative_focal_length":[0.4356694221496582,0.4339345097541809],"screen_center":[0.3787437081336975,0.5965937376022339],"visualized_dimension":-1},{"camera0":[[0.9974965453147888,-0.06818746030330658,0.01872500777244568,0.45873475074768066],[-0.07038283348083496,-0.9318994283676147,0.3558237552642822,0.473842591047287],[-0.00681304931640625,-0.3562508523464203,-0.9343653321266174,1.250312328338623]],"camera1":[[0.9974965453147888,-0.06818746030330658,0.01872500777244568,0.45873475074768066],[-0.07038283348083496,-0.9318994283676147,0.3558237552642822,0.473842591047287],[-0.00681304931640625,-0.3562508523464203,-0.9343653321266174,1.250312328338623]],"full_resolution":[2064,2272],"relative_focal_length":[0.4356694221496582,0.4339345097541809],"screen_center":[0.6212562918663025,0.5965937376022339],"visualized_dimension":-1}]}
{"camera":{"aperture_size":0.0,"autofocus":false,"autofocus_depth":0.0,"autofocus_target":[0.5,0.5,0.5],"fov_axis":1,"matrix":[[0.9135453104972839,0.04956861212849617,-0.4037047326564789,0.2936815619468689],[1.862645149230957e-09,-0.992546558380127,-0.12186919152736664,0.4421008229255676],[-0.4067366421222687,0.11133287101984024,-0.9067358374595642,1.0386019945144653]],"relative_focal_length":[1.0,1.0],"scale":0.12284590303897858,"screen_center":[0.49892282485961914,0.4927228093147278],"zoom":1.0},"frame":9,"views":[{"camera0":[[0.9971299171447754,-0.06380483508110046,0.04074844717979431,0.44736766815185547],[-0.07400929182767868,-0.9348661303520203,0.34720128774642944,0.4784708619117737],[0.01594102382659912,-0.3492204546928406,-0.936904788017273,1.2502858638763428]],"camera1":[[0.9971299171447754,-0.06380483508110046,0.04074844717979431,0.44736766815185547],[-0.07400929182767868,-0.9348661303520203,0.34720128774642944,0.4784708619117737],[0.01594102382659912,-0.3492204546928406,-0.936904788017273,1.2502858638763428]],"full_resolution":[2064,2272],"relative_focal_length":[0.4356694221496582,0.4339345097541809],"screen_center":[0.3787437081336975,0.5965937376022339],"visualized_dimension":-1},{"camera0":[[0.9971299171447754,-0.06380483508110046,0.04074844717979431,0.4548056125640869],[-0.07400929182767868,-0.9348661303520203,0.34720128774642944,0.477918803691864],[0.01594102382659912,-0.3492204546928406,-0.936904788017273,1.250404715538025]],"camera1":[[0.9971299171447754,-0.06380483508110046,0.04074844717979431,0.4548056125640869],[-0.07400929182767868,-0.9348661303520203,0.34720128774642944,0.477918803691864],[0.01594102382659912,-0.3492204546928406,-0.936904788017273,1.250404715538025]],"full_resolution":[2064,2272],"relative_focal_length":[0.4356694221496582,0.4339345097541809],"screen_center":[0.6212562918663025,0.5965937376022339],"visualized_dimension":-1}]}
{"camera":{"aperture_size":0.0,"autofocus":false,"autofocus_depth":0.0,"autofocus_target":[0.5,0.5,0.5],"fov_axis":1,"matrix":[[0.9135453104972839,0.04956861212849617,-0.4037047326564789,0.28998661041259766],[1.862645149230957e-09,-0.992546558380127,-0.12186919152736664,0.4454241394996643],[-0.4067366421222687,0.11133287101984024,-0.9067358374595642,1.038536548614502]],"relative_focal_length":[1.0,1.0],"scale":0.12284590303897858,"screen_center":[0.49892282485961914,0.4927228093147278],"zoom":1.0},"frame":10,"views":[{"camera0":[[0.9970883131027222,-0.04655425250530243,0.06039309501647949,0.44221073389053345],[-0.06425043940544128,-0.9394577741622925,0.3365882337093353,0.48273032903671265],[0.04106694459915161,-0.3394884467124939,-0.9397130608558655,1.2495684623718262]],"camera1":[[0.9970883131027222,-0.04655425250530243,0.06039309501647949,0.44221073389053345],[-0.06425043940544128,-0.9394577741622925,0.3365882337093353,0.48273032903671265],[0.04106694459915161,-0.3394884467124939,-0.9397130608558655,1.2495684623718262]],"full_resolution":[2064,2272],"relative_focal_length":[0.4356694221496582,0.4339345097541809],"screen_center":[0.3787437081336975,0.5965937376022339],"visualized_dimension":-1},{"camera0":[[0.9970883131027222,-0.04655425250530243,0.06039309501647949,0.449648380279541],[-0.06425043940544128,-0.9394577741622925,0.3365882337093353,0.48225104808807373],[0.04106694459915161,-0.3394884467124939,-0.9397130608558655,1.2498748302459717]],"camera1":[[0.9970883131027222,-0.04655425250530243,0.06039309501647949,0.449648380279541],[-0.06425043940544128,-0.9394577741622925,0.3365882337093353,0.48225104808807373],[0.04106694459915161,-0.3394884467124939,-0.9397130608558655,1.2498748302459717]],"full_resolution":[2064,2272],"relative_focal_length":[0.4356694221496582,0.4339345097541809],"screen_center":[0.6212562918663025,0.5965937376022339],"visualized_dimension":-1}]}
{"camera":{"aperture_size":0.0,"autofocus":false,"autofocus_depth":0.0,"autofocus_target":[0.5,0.5,0.5],"fov_axis":1,"matrix":[[0.9135453104972839,0.04956861212849617,-0.4037047326564789,0.2880421578884125],[1.862645149230957e-09,-0.992546558380127,-0.12186919152736664,0.4464074373245239],[-0.4067366421222687,0.11133287101984024,-0.9067358374595642,1.0378087759017944]],"relative_focal_length":[1.0,1.0],"scale":0.12284590303897858,"screen_center":[0.49892282485961914,0.4927228093147278],"zoom":1.0},"frame":11,"views":[{"camera0":[[0.9968684911727905,-0.03126122057437897,0.07263308763504028,0.4379378855228424],[-0.053971756249666214,-0.940299391746521,0.33604294061660767,0.48597368597984314],[0.05779150128364563,-0.33891066908836365,-0.9390417337417603,1.2490118741989136]],"camera1":[[0.9968684911727905,-0.03126122057437897,0.07263308763504028,0.4379378855228424],[-0.053971756249666214,-0.940299391746521,0.33604294061660767,0.48597368597984314],[0.05779150128364563,-0.33891066908836365,-0.9390417337417603,1.2490118741989136]],"full_resolution":[2064,2272],"relative_focal_length":[0.4356694221496582,0.4339345097541809],"screen_center":[0.3787437081336975,0.5965937376022339],"visualized_dimension":-1},{"camera0":[[0.9968684911727905,-0.03126122057437897,0.07263308763504028,0.44537389278411865],[-0.053971756249666214,-0.940299391746521,0.33604294061660767,0.48557108640670776],[0.05779150128364563,-0.33891066908836365,-0.9390417337417603,1.2494429349899292]],"camera1":[[0.9968684911727905,-0.03126122057437897,0.07263308763504028,0.44537389278411865],[-0.053971756249666214,-0.940299391746521,0.33604294061660767,0.48557108640670776],[0.05779150128364563,-0.33891066908836365,-0.9390417337417603,1.2494429349899292]],"full_resolution":[2064,2272],"relative_focal_length":[0.4356694221496582,0.4339345097541809],"screen_center":[0.6212562918663025,0.5965937376022339],"visualized_dimension":-1}]}
{"camera":{"aperture_size":0.0,"autofocus":false,"autofocus_depth":0.0,"autofocus_target":[0.5,0.5,0.5],"fov_axis":1,"matrix":[[0.9135453104972839,0.04956861212849617,-0.4037047326564789,0.28516724705696106],[1.862645149230957e-09,-0.992546558380127,-0.12186919152736664,0.448346346616745],[-0.4067366421222687,0.11133287101984024,-0.9067358374595642,1.0371145009994507]],"relative_focal_length":[1.0,1.0],"scale":0.12284590303897858,"screen_center":[0.49892282485961914,0.4927228093147278],"zoom":1.0},"frame":12,"views":[{"camera0":[[0.9943258762359619,-0.010879173874855042,0.10581785440444946,0.4349357485771179],[-0.0457504466176033,-0.941791296005249,0.333071768283844,0.4865770936012268],[0.09603458642959595,-0.3360230326652527,-0.9369447231292725,1.2473660707473755]],"camera1":[[0.9943258762359619,-0.010879173874855042,0.10581785440444946,0.4349357485771179],[-0.0457504466176033,-0.941791296005249,0.333071768283844,0.4865770936012268],[0.09603458642959595,-0.3360230326652527,-0.9369447231292725,1.2473660707473755]],"full_resolution":[2064,2272],"relative_focal_length":[0.4356694221496582,0.4339345097541809],"screen_center":[0.3787437081336975,0.5965937376022339],"visualized_dimension":-1},{"camera0":[[0.9943258762359619,-0.010879173874855042,0.10581785440444946,0.4423527717590332],[-0.0457504466176033,-0.941791296005249,0.333071768283844,0.4862358272075653],[0.09603458642959595,-0.3360230326652527,-0.9369447231292725,1.2480823993682861]],"camera1":[[0.9943258762359619,-0.010879173874855042,0.10581785440444946,0.4423527717590332],[-0.0457504466176033,-0.941791296005249,0.333071768283844,0.4862358272075653],[0.09603458642959595,-0.3360230326652527,-0.9369447231292725,1.2480823993682861]],"full_resolution":[2064,2272],"relative_focal_length":[0.4356694221496582,0.4339345097541809],"screen_center":[0.6212562918663025,0.5965937376022339],"visualized_dimension":-1}]}
{"camera":{"aperture_size":0.0,"autofocus":false,"autofocus_depth":0.0,"autofocus_target":[0.5,0.5,0.5],"fov_axis":1,"matrix":[[0.9135453104972839,0.04956861212849617,-0.4037047326564789,0.28303262591362],[1.862645149230957e-09,-0.992546558380127,-0.12186919152736664,0.45015841722488403],[-0.4067366421222687,0.11133287101984024,-0.9067358374595642,1.0362467765808105]],"relative_focal_length":[1.0,1.0],"scale":0.12284590303897858,"screen_center":[0.49892282485961914,0.4927228093147278],"zoom":1.0},"frame":13,"views":[{"camera0":[[0.9893674850463867,0.0028142333030700684,0.14540889859199524,0.4310082495212555],[-0.04683391749858856,-0.9403895735740662,0.33686012029647827,0.4883551001548767],[0.1376887857913971,-0.34008848667144775,-0.9302587509155273,1.2458324432373047]],"camera1":[[0.9893674850463867,0.0028142333030700684,0.14540889859199524,0.4310082495212555],[-0.04683391749858856,-0.9403895735740662,0.33686012029647827,0.4883551001548767],[0.1376887857913971,-0.34008848667144775,-0.9302587509155273,1.2458324432373047]],"full_resolution":[2064,2272],"relative_focal_length":[0.4356694221496582,0.4339345097541809],"screen_center":[0.3787437081336975,0.5965937376022339],"visualized_dimension":-1},{"camera0":[[0.9893674850463867,0.0028142333030700684,0.14540889859199524,0.43838828802108765],[-0.04683391749858856,-0.9403895735740662,0.33686012029647827,0.48800575733184814],[0.1376887857913971,-0.34008848667144775,-0.9302587509155273,1.2468595504760742]],"camera1":[[0.9893674850463867,0.0028142333030700684,0.14540889859199524,0.43838828802108765],[-0.04683391749858856,-0.9403895735740662,0.33686012029647827,0.48800575733184814],[0.1376887857913971,-0.34008848667144775,-0.9302587509155273,1.2468595504760742]],"full_resolution":[2064,2272],"relative_focal_length":[0.4356694221496582,0.4339345097541809],"screen_center":[0.6212562918663025,0.5965937376022339],"visualized_dimension":-1}]}
{"camera":{"aperture_size":0.0,"autofocus":false,"autofocus_depth":0.0,"autofocus_target":[0.5,0.5,0.5],"fov_axis":1,"matrix":[[0.9135453104972839,0.04956861212849617,-0.4037047326564789,0.2817251682281494],[1.862645149230957e-09,-0.992546558380127,-0.12186919152736664,0.45167437195777893],[-0.4067366421222687,0.11133287101984024,-0.9067358374595642,1.0351049900054932]],"relative_focal_length":[1.0,1.0],"scale":0.12284590303897858,"screen_center":[0.49892282485961914,0.4927228093147278],"zoom":1.0},"frame":14,"views":[{"camera0":[[0.9814796447753906,0.02123139798641205,0.19038572907447815,0.4276721775531769],[-0.04571793973445892,-0.9391621351242065,0.3404191732406616,0.49004581570625305],[0.18603035807609558,-0.3428184986114502,-0.9207974076271057,1.244199275970459]],"camera1":[[0.9814796447753906,0.02123139798641205,0.19038572907447815,0.4276721775531769],[-0.04571793973445892,-0.9391621351242065,0.3404191732406616,0.49004581570625305],[0.18603035807609558,-0.3428184986114502,-0.9207974076271057,1.244199275970459]],"full_resolution":[2064,2272],"relative_focal_length":[0.4356694221496582,0.4339345097541809],"screen_center":[0.3787437081336975,0.5965937376022339],"visualized_dimension":-1},{"camera0":[[0.9814796447753906,0.02123139798641205,0.19038572907447815,0.4349933862686157],[-0.04571793973445892,-0.9391621351242065,0.3404191732406616,0.48970478773117065],[0.18603035807609558,-0.3428184986114502,-0.9207974076271057,1.24558687210083]],"camera1":[[0.9814796447753906,0.02123139798641205,0.19038572907447815,0.4349933862686157],[-0.04571793973445892,-0.9391621351242065,0.3404191732406616,0.48970478773117065],[0.18603035807609558,-0.3428184986114502,-0.9207974076271057,1.24558687210083]],"full_resolution":[2064,2272],"relative_focal_length":[0.4356694221496582,0.4339345097541809],"screen_center":[0.6212562918663025,0.5965937376022339],"visualized_dimension":-1}]}
{"camera":{"aperture_size":0.0,"autofocus":false,"autofocus_depth":0.0,"autofocus_target":[0.5,0.5,0.5],"fov_axis":1,"matrix":[[0.9135453104972839,0.04956861212849617,-0.4037047326564789,0.2813745141029358],[1.862645149230957e-09,-0.992546558380127,-0.12186919152736664,0.45228320360183716],[-0.4067366421222687,0.11133287101984024,-0.9067358374595642,1.0343999862670898]],"relative_focal_length":[1.0,1.0],"scale":0.12284590303897858,"screen_center":[0.49892282485961914,0.4927228093147278],"zoom":1.0},"frame":14,"views":[{"camera0":[[0.9765133261680603,0.02807895839214325,0.21361833810806274,0.4256506860256195],[-0.04780638962984085,-0.9385197162628174,0.3419005274772644,0.49147549271583557],[0.21008500456809998,-0.3440827429294586,-0.9151344299316406,1.2427250146865845]],"camera1":[[0.9765133261680603,0.02807895839214325,0.21361833810806274,0.4256506860256195],[-0.04780638962984085,-0.9385197162628174,0.3419005274772644,0.49147549271583557],[0.21008500456809998,-0.3440827429294586,-0.9151344299316406,1.2427250146865845]],"full_resolution":[2064,2272],"relative_focal_length":[0.4356694221496582,0.4339345097541809],"screen_center":[0.3787437081336975,0.5965937376022339],"visualized_dimension":-1},{"camera0":[[0.9765133261680603,0.02807895839214325,0.21361833810806274,0.43293488025665283],[-0.04780638962984085,-0.9385197162628174,0.3419005274772644,0.4911189079284668],[0.21008500456809998,-0.3440827429294586,-0.9151344299316406,1.244292140007019]],"camera1":[[0.9765133261680603,0.02807895839214325,0.21361833810806274,0.43293488025665283],[-0.04780638962984085,-0.9385197162628174,0.3419005274772644,0.4911189079284668],[0.21008500456809998,-0.3440827429294586,-0.9151344299316406,1.244292140007019]],"full_resolution":[2064,2272],"relative_focal_length":[0.4356694221496582,0.4339345097541809],"screen_center":[0.6212562918663025,0.5965937376022339],"visualized_dimension":-1}]}
{"camera":{"aperture_size":0.0,"autofocus":false,"autofocus_depth":0.0,"autofocus_target":[0.5,0.5,0.5],"fov_axis":1,"matrix":[[0.9135453104972839,0.04956861212849617,-0.4037047326564789,0.28213974833488464],[1.862645149230957e-09,-0.992546558380127,-0.12186919152736664,0.4522341787815094],[-0.4067366421222687,0.11133287101984024,-0.9067358374595642,1.033082127571106]],"relative_focal_length":[1.0,1.0],"scale":0.12284590303897858,"screen_center":[0.49892282485961914,0.4927228093147278],"zoom":1.0},"frame":15,"views":[{"camera0":[[0.9670367240905762,0.04167574644088745,0.25120267271995544,0.4235959053039551],[-0.04553399980068207,-0.9423128366470337,0.33162325620651245,0.4919653534889221],[0.2505318224430084,-0.3321300745010376,-0.9093530774116516,1.2414318323135376]],"camera1":[[0.9670367240905762,0.04167574644088745,0.25120267271995544,0.4235959053039551],[-0.04553399980068207,-0.9423128366470337,0.33162325620651245,0.4919653534889221],[0.2505318224430084,-0.3321300745010376,-0.9093530774116516,1.2414318323135376]],"full_resolution":[2064,2272],"relative_focal_length":[0.4356694221496582,0.4339345097541809],"screen_center":[0.3787437081336975,0.5965937376022339],"visualized_dimension":-1},{"camera0":[[0.9670367240905762,0.04167574644088745,0.25120267271995544,0.4308093786239624],[-0.04553399980068207,-0.9423128366470337,0.33162325620651245,0.49162569642066956],[0.2505318224430084,-0.3321300745010376,-0.9093530774116516,1.2433005571365356]],"camera1":[[0.9670367240905762,0.04167574644088745,0.25120267271995544,0.4308093786239624],[-0.04553399980068207,-0.9423128366470337,0.33162325620651245,0.49162569642066956],[0.2505318224430084,-0.3321300745010376,-0.9093530774116516,1.2433005571365356]],"full_resolution":[2064,2272],"relative_focal_length":[0.4356694221496582,0.4339345097541809],"screen_center":[0.6212562918663025,0.5965937376022339],"visualized_dimension":-1}]}
