{"camera":{"aperture_size":0.0,"autofocus":false,"autofocus_depth":0.0,"autofocus_target":[0.5,0.5,0.5],"fov_axis":1,"matrix":[[0.9135453104972839,0.04956861212849617,-0.4037047326564789,0.14697034657001495],[1.862645149230957e-09,-0.992546558380127,-0.12186919152736664,0.46348148584365845],[-0.4067366421222687,0.11133287101984024,-0.9067358374595642,1.0027246475219727]],"relative_focal_length":[1.0,1.0],"scale":0.12284590303897858,"screen_center":[0.49892282485961914,0.4927228093147278],"zoom":1.0},"frame":1,"views":[{"camera0":[[0.6972219944000244,0.2376732975244522,0.6763081550598145,0.2474592924118042],[0.09517107158899307,-0.9657764434814453,0.2412864714860916,0.48846420645713806],[0.7105093002319336,-0.10386542230844498,-0.6959800720214844,1.1208951473236084]],"camera1":[[0.6972219944000244,0.2376732975244522,0.6763081550598145,0.2474592924118042],[0.09517107158899307,-0.9657764434814453,0.2412864714860916,0.48846420645713806],[0.7105093002319336,-0.10386542230844498,-0.6959800720214844,1.1208951473236084]],"full_resolution":[2064,2272],"relative_focal_length":[0.4356694221496582,0.4339345097541809],"screen_center":[0.3787437081336975,0.5965937376022339],"visualized_dimension":-1},{"camera0":[[0.6972219944000244,0.2376732975244522,0.6763081550598145,0.2526601254940033],[0.09517107158899307,-0.9657764434814453,0.2412864714860916,0.48917412757873535],[0.7105093002319336,-0.10386542230844498,-0.6959800720214844,1.1261950731277466]],"camera1":[[0.6972219944000244,0.2376732975244522,0.6763081550598145,0.2526601254940033],[0.09517107158899307,-0.9657764434814453,0.2412864714860916,0.48917412757873535],[0.7105093002319336,-0.10386542230844498,-0.6959800720214844,1.1261950731277466]],"full_resolution":[2064,2272],"relative_focal_length":[0.4356694221496582,0.4339345097541809],"screen_center":[0.6212562918663025,0.5965937376022339],"visualized_dimension":-1}]}
{"camera":{"aperture_size":0.0,"autofocus":false,"autofocus_depth":0.0,"autofocus_target":[0.5,0.5,0.5],"fov_axis":1,"matrix":[[0.9135453104972839,0.04956861212849617,-0.4037047326564789,0.14771690964698792],[1.862645149230957e-09,-0.992546558380127,-0.12186919152736664,0.463371604681015],[-0.4067366421222687,0.11133287101984024,-0.9067358374595642,1.0037195682525635]],"relative_focal_length":[1.0,1.0],"scale":0.12284590303897858,"screen_center":[0.49892282485961914,0.4927228093147278],"zoom":1.0},"frame":1,"views":[{"camera0":[[0.6950544714927673,0.23898223042488098,0.6780754923820496,0.24794848263263702],[0.09982623159885406,-0.966081976890564,0.23816195130348206,0.48911407589912415],[0.711992621421814,-0.09784591943025589,-0.695336103439331,1.1207959651947021]],"camera1":[[0.6950544714927673,0.23898223042488098,0.6780754923820496,0.24794848263263702],[0.09982623159885406,-0.966081976890564,0.23816195130348206,0.48911407589912415],[0.711992621421814,-0.09784591943025589,-0.695336103439331,1.1207959651947021]],"full_resolution":[2064,2272],"relative_focal_length":[0.4356694221496582,0.4339345097541809],"screen_center":[0.3787437081336975,0.5965937376022339],"visualized_dimension":-1},{"camera0":[[0.6950544714927673,0.23898223042488098,0.6780754923820496,0.2531331479549408],[0.09982623159885406,-0.966081976890564,0.23816195130348206,0.4898587167263031],[0.711992621421814,-0.09784591943025589,-0.695336103439331,1.1261069774627686]],"camera1":[[0.6950544714927673,0.23898223042488098,0.6780754923820496,0.2531331479549408],[0.09982623159885406,-0.966081976890564,0.23816195130348206,0.4898587167263031],[0.711992621421814,-0.09784591943025589,-0.695336103439331,1.1261069774627686]],"full_resolution":[2064,2272],"relative_focal_length":[0.4356694221496582,0.4339345097541809],"screen_center":[0.6212562918663025,0.5965937376022339],"visualized_dimension":-1}]}
{"camera":{"aperture_size":0.0,"autofocus":false,"autofocus_depth":0.0,"autofocus_target":[0.5,0.5,0.5],"fov_axis":1,"matrix":[[0.9135453104972839,0.04956861212849617,-0.4037047326564789,0.14771690964698792],[1.862645149230957e-09,-0.992546558380127,-0.12186919152736664,0.463371604681015],[-0.4067366421222687,0.11133287101984024,-0.9067358374595642,1.0037195682525635]],"relative_focal_length":[1.0,1.0],"scale":0.12284590303897858,"screen_center":[0.49892282485961914,0.4927228093147278],"zoom":1.0},"frame":2,"views":[{"camera0":[[0.6964349746704102,0.2429361492395401,0.6752481460571289,0.24868564307689667],[0.10388309508562088,-0.9651739001274109,0.24010106921195984,0.48909449577331543],[0.7100606560707092,-0.09706798940896988,-0.6974176168441772,1.1201330423355103]],"camera1":[[0.6964349746704102,0.2429361492395401,0.6752481460571289,0.24868564307689667],[0.10388309508562088,-0.9651739001274109,0.24010106921195984,0.48909449577331543],[0.7100606560707092,-0.09706798940896988,-0.6974176168441772,1.1201330423355103]],"full_resolution":[2064,2272],"relative_focal_length":[0.4356694221496582,0.4339345097541809],"screen_center":[0.3787437081336975,0.5965937376022339],"visualized_dimension":-1},{"camera0":[[0.6964349746704102,0.2429361492395401,0.6752481460571289,0.2538806200027466],[0.10388309508562088,-0.9651739001274109,0.24010106921195984,0.4898694157600403],[0.7100606560707092,-0.09706798940896988,-0.6974176168441772,1.125429630279541]],"camera1":[[0.6964349746704102,0.2429361492395401,0.6752481460571289,0.2538806200027466],[0.10388309508562088,-0.9651739001274109,0.24010106921195984,0.4898694157600403],[0.7100606560707092,-0.09706798940896988,-0.6974176168441772,1.125429630279541]],"full_resolution":[2064,2272],"relative_focal_length":[0.4356694221496582,0.4339345097541809],"screen_center":[0.6212562918663025,0.5965937376022339],"visualized_dimension":-1}]}
{"camera":{"aperture_size":0.0,"autofocus":false,"autofocus_depth":0.0,"autofocus_target":[0.5,0.5,0.5],"fov_axis":1,"matrix":[[0.9135453104972839,0.04956861212849617,-0.4037047326564789,0.14771690964698792],[1.862645149230957e-09,-0.992546558380127,-0.12186919152736664,0.463371604681015],[-0.4067366421222687,0.11133287101984024,-0.9067358374595642,1.0037195682525635]],"relative_focal_length":[1.0,1.0],"scale":0.12284590303897858,"screen_center":[0.49892282485961914,0.4927228093147278],"zoom":1.0},"frame":3,"views":[{"camera0":[[0.700127363204956,0.24017177522182465,0.672412633895874,0.24888597428798676],[0.10102829337120056,-0.9655784368515015,0.23969218134880066,0.4889070391654968],[0.706834077835083,-0.09988243132829666,-0.7002918720245361,1.1186062097549438]],"camera1":[[0.700127363204956,0.24017177522182465,0.672412633895874,0.24888597428798676],[0.10102829337120056,-0.9655784368515015,0.23969218134880066,0.4889070391654968],[0.706834077835083,-0.09988243132829666,-0.7002918720245361,1.1186062097549438]],"full_resolution":[2064,2272],"relative_focal_length":[0.4356694221496582,0.4339345097541809],"screen_center":[0.3787437081336975,0.5965937376022339],"visualized_dimension":-1},{"camera0":[[0.700127363204956,0.24017177522182465,0.672412633895874,0.2541084587574005],[0.10102829337120056,-0.9655784368515015,0.23969218134880066,0.4896606504917145],[0.706834077835083,-0.09988243132829666,-0.7002918720245361,1.1238787174224854]],"camera1":[[0.700127363204956,0.24017177522182465,0.672412633895874,0.2541084587574005],[0.10102829337120056,-0.9655784368515015,0.23969218134880066,0.4896606504917145],[0.706834077835083,-0.09988243132829666,-0.7002918720245361,1.1238787174224854]],"full_resolution":[2064,2272],"relative_focal_length":[0.4356694221496582,0.4339345097541809],"screen_center":[0.6212562918663025,0.5965937376022339],"visualized_dimension":-1}]}
{"camera":{"aperture_size":0.0,"autofocus":false,"autofocus_depth":0.0,"autofocus_target":[0.5,0.5,0.5],"fov_axis":1,"matrix":[[0.9135453104972839,0.04956861212849617,-0.4037047326564789,0.14771690964698792],[1.862645149230957e-09,-0.992546558380127,-0.12186919152736664,0.463371604681015],[-0.4067366421222687,0.11133287101984024,-0.9067358374595642,1.0037195682525635]],"relative_focal_length":[1.0,1.0],"scale":0.12284590303897858,"screen_center":[0.49892282485961914,0.4927228093147278],"zoom":1.0},"frame":4,"views":[{"camera0":[[0.7054177522659302,0.2341894805431366,0.6689850091934204,0.24938496947288513],[0.0981830582022667,-0.9670257568359375,0.23499372601509094,0.4888085126876831],[0.7019583582878113,-0.10008592158555984,-0.7051503658294678,1.1164346933364868]],"camera1":[[0.7054177522659302,0.2341894805431366,0.6689850091934204,0.24938496947288513],[0.0981830582022667,-0.9670257568359375,0.23499372601509094,0.4888085126876831],[0.7019583582878113,-0.10008592158555984,-0.7051503658294678,1.1164346933364868]],"full_resolution":[2064,2272],"relative_focal_length":[0.4356694221496582,0.4339345097541809],"screen_center":[0.3787437081336975,0.5965937376022339],"visualized_dimension":-1},{"camera0":[[0.7054177522659302,0.2341894805431366,0.6689850091934204,0.2546469569206238],[0.0981830582022667,-0.9670257568359375,0.23499372601509094,0.48954087495803833],[0.7019583582878113,-0.10008592158555984,-0.7051503658294678,1.1216708421707153]],"camera1":[[0.7054177522659302,0.2341894805431366,0.6689850091934204,0.2546469569206238],[0.0981830582022667,-0.9670257568359375,0.23499372601509094,0.48954087495803833],[0.7019583582878113,-0.10008592158555984,-0.7051503658294678,1.1216708421707153]],"full_resolution":[2064,2272],"relative_focal_length":[0.4356694221496582,0.4339345097541809],"screen_center":[0.6212562918663025,0.5965937376022339],"visualized_dimension":-1}]}
{"camera":{"aperture_size":0.0,"autofocus":false,"autofocus_depth":0.0,"autofocus_target":[0.5,0.5,0.5],"fov_axis":1,"matrix":[[0.9135453104972839,0.04956861212849617,-0.4037047326564789,0.14771690964698792],[1.862645149230957e-09,-0.992546558380127,-0.12186919152736664,0.463371604681015],[-0.4067366421222687,0.11133287101984024,-0.9067358374595642,1.0037195682525635]],"relative_focal_length":[1.0,1.0],"scale":0.12284590303897858,"screen_center":[0.49892282485961914,0.4927228093147278],"zoom":1.0},"frame":5,"views":[{"camera0":[[0.7080991268157959,0.23573830723762512,0.6655994057655334,0.24970458447933197],[0.10084080696105957,-0.9667240977287292,0.23510929942131042,0.48876604437828064],[0.698874831199646,-0.09936121106147766,-0.7083084583282471,1.1157970428466797]],"camera1":[[0.7080991268157959,0.23573830723762512,0.6655994057655334,0.24970458447933197],[0.10084080696105957,-0.9667240977287292,0.23510929942131042,0.48876604437828064],[0.698874831199646,-0.09936121106147766,-0.7083084583282471,1.1157970428466797]],"full_resolution":[2064,2272],"relative_focal_length":[0.4356694221496582,0.4339345097541809],"screen_center":[0.3787437081336975,0.5965937376022339],"visualized_dimension":-1},{"camera0":[[0.7080991268157959,0.23573830723762512,0.6655994057655334,0.25498655438423157],[0.10084080696105957,-0.9667240977287292,0.23510929942131042,0.48951825499534607],[0.698874831199646,-0.09936121106147766,-0.7083084583282471,1.121010184288025]],"camera1":[[0.7080991268157959,0.23573830723762512,0.6655994057655334,0.25498655438423157],[0.10084080696105957,-0.9667240977287292,0.23510929942131042,0.48951825499534607],[0.698874831199646,-0.09936121106147766,-0.7083084583282471,1.121010184288025]],"full_resolution":[2064,2272],"relative_focal_length":[0.4356694221496582,0.4339345097541809],"screen_center":[0.6212562918663025,0.5965937376022339],"visualized_dimension":-1}]}
{"camera":{"aperture_size":0.0,"autofocus":false,"autofocus_depth":0.0,"autofocus_target":[0.5,0.5,0.5],"fov_axis":1,"matrix":[[0.9135453104972839,0.04956861212849617,-0.4037047326564789,0.14771690964698792],[1.862645149230957e-09,-0.992546558380127,-0.12186919152736664,0.463371604681015],[-0.4067366421222687,0.11133287101984024,-0.9067358374595642,1.0037195682525635]],"relative_focal_length":[1.0,1.0],"scale":0.12284590303897858,"screen_center":[0.49892282485961914,0.4927228093147278],"zoom":1.0},"frame":6,"views":[{"camera0":[[0.7149043679237366,0.23926040530204773,0.6570128202438354,0.25040146708488464],[0.11268655955791473,-0.9667758345603943,0.22944924235343933,0.4885699152946472],[0.6900818347930908,-0.08999788761138916,-0.7181135416030884,1.1146889925003052]],"camera1":[[0.7149043679237366,0.23926040530204773,0.6570128202438354,0.25040146708488464],[0.11268655955791473,-0.9667758345603943,0.22944924235343933,0.4885699152946472],[0.6900818347930908,-0.08999788761138916,-0.7181135416030884,1.1146889925003052]],"full_resolution":[2064,2272],"relative_focal_length":[0.4356694221496582,0.4339345097541809],"screen_center":[0.3787437081336975,0.5965937376022339],"visualized_dimension":-1},{"camera0":[[0.7149043679237366,0.23926040530204773,0.6570128202438354,0.2557342052459717],[0.11268655955791473,-0.9667758345603943,0.22944924235343933,0.48941048979759216],[0.6900818347930908,-0.08999788761138916,-0.7181135416030884,1.1198365688323975]],"camera1":[[0.7149043679237366,0.23926040530204773,0.6570128202438354,0.2557342052459717],[0.11268655955791473,-0.9667758345603943,0.22944924235343933,0.48941048979759216],[0.6900818347930908,-0.08999788761138916,-0.7181135416030884,1.1198365688323975]],"full_resolution":[2064,2272],"relative_focal_length":[0.4356694221496582,0.4339345097541809],"screen_center":[0.6212562918663025,0.5965937376022339],"visualized_dimension":-1}]}
{"camera":{"aperture_size":0.0,"autofocus":false,"autofocus_depth":0.0,"autofocus_target":[0.5,0.5,0.5],"fov_axis":1,"matrix":[[0.9135453104972839,0.04956861212849617,-0.4037047326564789,0.14771690964698792],[1.862645149230957e-09,-0.992546558380127,-0.12186919152736664,0.463371604681015],[-0.4067366421222687,0.11133287101984024,-0.9067358374595642,1.0037195682525635]],"relative_focal_length":[1.0,1.0],"scale":0.12284590303897858,"screen_center":[0.49892282485961914,0.4927228093147278],"zoom":1.0},"frame":7,"views":[{"camera0":[[0.7214077711105347,0.23732182383537292,0.6505758762359619,0.25101327896118164],[0.11590456962585449,-0.9675722718238831,0.2244344800710678,0.4884004294872284],[0.6827419996261597,-0.08650420606136322,-0.725520670413971,1.1145989894866943]],"camera1":[[0.7214077711105347,0.23732182383537292,0.6505758762359619,0.25101327896118164],[0.11590456962585449,-0.9675722718238831,0.2244344800710678,0.4884004294872284],[0.6827419996261597,-0.08650420606136322,-0.725520670413971,1.1145989894866943]],"full_resolution":[2064,2272],"relative_focal_length":[0.4356694221496582,0.4339345097541809],"screen_center":[0.3787437081336975,0.5965937376022339],"visualized_dimension":-1},{"camera0":[[0.7214077711105347,0.23732182383537292,0.6505758762359619,0.25639453530311584],[0.11590456962585449,-0.9675722718238831,0.2244344800710678,0.48926499485969543],[0.6827419996261597,-0.08650420606136322,-0.725520670413971,1.1196918487548828]],"camera1":[[0.7214077711105347,0.23732182383537292,0.6505758762359619,0.25639453530311584],[0.11590456962585449,-0.9675722718238831,0.2244344800710678,0.48926499485969543],[0.6827419996261597,-0.08650420606136322,-0.725520670413971,1.1196918487548828]],"full_resolution":[2064,2272],"relative_focal_length":[0.4356694221496582,0.4339345097541809],"screen_center":[0.6212562918663025,0.5965937376022339],"visualized_dimension":-1}]}
{"camera":{"aperture_size":0.0,"autofocus":false,"autofocus_depth":0.0,"autofocus_target":[0.5,0.5,0.5],"fov_axis":1,"matrix":[[0.9135453104972839,0.04956861212849617,-0.4037047326564789,0.14771690964698792],[1.862645149230957e-09,-0.992546558380127,-0.12186919152736664,0.463371604681015],[-0.4067366421222687,0.11133287101984024,-0.9067358374595642,1.0037195682525635]],"relative_focal_length":[1.0,1.0],"scale":0.12284590303897858,"screen_center":[0.49892282485961914,0.4927228093147278],"zoom":1.0},"frame":7,"views":[{"camera0":[[0.733196496963501,0.24107742309570313,0.6358490586280823,0.2520717680454254],[0.1216912493109703,-0.9664713740348816,0.22610844671726227,0.4885565936565399],[0.6690391302108765,-0.08840478956699371,-0.737950325012207,1.1141698360443115]],"camera1":[[0.733196496963501,0.24107742309570313,0.6358490586280823,0.2520717680454254],[0.1216912493109703,-0.9664713740348816,0.22610844671726227,0.4885565936565399],[0.6690391302108765,-0.08840478956699371,-0.737950325012207,1.1141698360443115]],"full_resolution":[2064,2272],"relative_focal_length":[0.4356694221496582,0.4339345097541809],"screen_center":[0.3787437081336975,0.5965937376022339],"visualized_dimension":-1},{"camera0":[[0.733196496963501,0.24107742309570313,0.6358490586280823,0.2575409412384033],[0.1216912493109703,-0.9664713740348816,0.22610844671726227,0.48946434259414673],[0.6690391302108765,-0.08840478956699371,-0.737950325012207,1.119160532951355]],"camera1":[[0.733196496963501,0.24107742309570313,0.6358490586280823,0.2575409412384033],[0.1216912493109703,-0.9664713740348816,0.22610844671726227,0.48946434259414673],[0.6690391302108765,-0.08840478956699371,-0.737950325012207,1.119160532951355]],"full_resolution":[2064,2272],"relative_focal_length":[0.4356694221496582,0.4339345097541809],"screen_center":[0.6212562918663025,0.5965937376022339],"visualized_dimension":-1}]}
{"camera":{"aperture_size":0.0,"autofocus":false,"autofocus_depth":0.0,"autofocus_target":[0.5,0.5,0.5],"fov_axis":1,"matrix":[[0.9135453104972839,0.04956861212849617,-0.4037047326564789,0.14771690964698792],[1.862645149230957e-09,-0.992546558380127,-0.12186919152736664,0.463371604681015],[-0.4067366421222687,0.11133287101984024,-0.9067358374595642,1.0037195682525635]],"relative_focal_length":[1.0,1.0],"scale":0.12284590303897858,"screen_center":[0.49892282485961914,0.4927228093147278],"zoom":1.0},"frame":7,"views":[{"camera0":[[0.7400445938110352,0.23361511528491974,0.63068026304245,0.2526760995388031],[0.11574267596006393,-0.9679820537567139,0.22274447977542877,0.48890742659568787],[0.6625233888626099,-0.09184432774782181,-0.743388831615448,1.1140530109405518]],"camera1":[[0.7400445938110352,0.23361511528491974,0.63068026304245,0.2526760995388031],[0.11574267596006393,-0.9679820537567139,0.22274447977542877,0.48890742659568787],[0.6625233888626099,-0.09184432774782181,-0.743388831615448,1.1140530109405518]],"full_resolution":[2064,2272],"relative_focal_length":[0.4356694221496582,0.4339345097541809],"screen_center":[0.3787437081336975,0.5965937376022339],"visualized_dimension":-1},{"camera0":[[0.7400445938110352,0.23361511528491974,0.63068026304245,0.2581963539123535],[0.11574267596006393,-0.9679820537567139,0.22274447977542877,0.4897707998752594],[0.6625233888626099,-0.09184432774782181,-0.743388831615448,1.118994951248169]],"camera1":[[0.7400445938110352,0.23361511528491974,0.63068026304245,0.2581963539123535],[0.11574267596006393,-0.9679820537567139,0.22274447977542877,0.4897707998752594],[0.6625233888626099,-0.09184432774782181,-0.743388831615448,1.118994951248169]],"full_resolution":[2064,2272],"relative_focal_length":[0.4356694221496582,0.4339345097541809],"screen_center":[0.6212562918663025,0.5965937376022339],"visualized_dimension":-1}]}
{"camera":{"aperture_size":0.0,"autofocus":false,"autofocus_depth":0.0,"autofocus_target":[0.5,0.5,0.5],"fov_axis":1,"matrix":[[0.9135453104972839,0.04956861212849617,-0.4037047326564789,0.14771690964698792],[1.862645149230957e-09,-0.992546558380127,-0.12186919152736664,0.463371604681015],[-0.4067366421222687,0.11133287101984024,-0.9067358374595642,1.0037195682525635]],"relative_focal_length":[1.0,1.0],"scale":0.12284590303897858,"screen_center":[0.49892282485961914,0.4927228093147278],"zoom":1.0},"frame":8,"views":[{"camera0":[[0.7455462217330933,0.22871309518814087,0.6259800791740417,0.25325682759284973],[0.10300784558057785,-0.9675287008285522,0.23082122206687927,0.48918384313583374],[0.6584450602531433,-0.1076071634888649,-0.744896411895752,1.113938570022583]],"camera1":[[0.7455462217330933,0.22871309518814087,0.6259800791740417,0.25325682759284973],[0.10300784558057785,-0.9675287008285522,0.23082122206687927,0.48918384313583374],[0.6584450602531433,-0.1076071634888649,-0.744896411895752,1.113938570022583]],"full_resolution":[2064,2272],"relative_focal_length":[0.4356694221496582,0.4339345097541809],"screen_center":[0.3787437081336975,0.5965937376022339],"visualized_dimension":-1},{"camera0":[[0.7455462217330933,0.22871309518814087,0.6259800791740417,0.258818119764328],[0.10300784558057785,-0.9675287008285522,0.23082122206687927,0.4899522066116333],[0.6584450602531433,-0.1076071634888649,-0.744896411895752,1.1188501119613647]],"camera1":[[0.7455462217330933,0.22871309518814087,0.6259800791740417,0.258818119764328],[0.10300784558057785,-0.9675287008285522,0.23082122206687927,0.4899522066116333],[0.6584450602531433,-0.1076071634888649,-0.744896411895752,1.1188501119613647]],"full_resolution":[2064,2272],"relative_focal_length":[0.4356694221496582,0.4339345097541809],"screen_center":[0.6212562918663025,0.5965937376022339],"visualized_dimension":-1}]}
{"camera":{"aperture_size":0.0,"autofocus":false,"autofocus_depth":0.0,"autofocus_target":[0.5,0.5,0.5],"fov_axis":1,"matrix":[[0.9135453104972839,0.04956861212849617,-0.4037047326564789,0.14771690964698792],[1.862645149230957e-09,-0.992546558380127,-0.12186919152736664,0.463371604681015],[-0.4067366421222687,0.11133287101984024,-0.9067358374595642,1.0037195682525635]],"relative_focal_length":[1.0,1.0],"scale":0.12284590303897858,"screen_center":[0.49892282485961914,0.4927228093147278],"zoom":1.0},"frame":8,"views":[{"camera0":[[0.7442401647567749,0.2205565869808197,0.6304449439048767,0.2538684904575348],[0.08992956578731537,-0.9684000611305237,0.23262585699558258,0.48911282420158386],[0.6618298292160034,-0.11643394827842712,-0.740556538105011,1.1139960289001465]],"camera1":[[0.7442401647567749,0.2205565869808197,0.6304449439048767,0.2538684904575348],[0.08992956578731537,-0.9684000611305237,0.23262585699558258,0.48911282420158386],[0.6618298292160034,-0.11643394827842712,-0.740556538105011,1.1139960289001465]],"full_resolution":[2064,2272],"relative_focal_length":[0.4356694221496582,0.4339345097541809],"screen_center":[0.3787437081336975,0.5965937376022339],"visualized_dimension":-1},{"camera0":[[0.7442401647567749,0.2205565869808197,0.6304449439048767,0.2594200372695923],[0.08992956578731537,-0.9684000611305237,0.23262585699558258,0.4897836446762085],[0.6618298292160034,-0.11643394827842712,-0.740556538105011,1.118932843208313]],"camera1":[[0.7442401647567749,0.2205565869808197,0.6304449439048767,0.2594200372695923],[0.08992956578731537,-0.9684000611305237,0.23262585699558258,0.4897836446762085],[0.6618298292160034,-0.11643394827842712,-0.740556538105011,1.118932843208313]],"full_resolution":[2064,2272],"relative_focal_length":[0.4356694221496582,0.4339345097541809],"screen_center":[0.6212562918663025,0.5965937376022339],"visualized_dimension":-1}]}
{"camera":{"aperture_size":0.0,"autofocus":false,"autofocus_depth":0.0,"autofocus_target":[0.5,0.5,0.5],"fov_axis":1,"matrix":[[0.9135453104972839,0.04956861212849617,-0.4037047326564789,0.14771690964698792],[1.862645149230957e-09,-0.992546558380127,-0.12186919152736664,0.463371604681015],[-0.4067366421222687,0.11133287101984024,-0.9067358374595642,1.0037195682525635]],"relative_focal_length":[1.0,1.0],"scale":0.12284590303897858,"screen_center":[0.49892282485961914,0.4927228093147278],"zoom":1.0},"frame":9,"views":[{"camera0":[[0.7386095523834229,0.2117292732000351,0.6400205492973328,0.2551504969596863],[0.07519194483757019,-0.9693486094474792,0.23390193283557892,0.48928317427635193],[0.6699265241622925,-0.1246379166841507,-0.7318903207778931,1.113957405090332]],"camera1":[[0.7386095523834229,0.2117292732000351,0.6400205492973328,0.2551504969596863],[0.07519194483757019,-0.9693486094474792,0.23390193283557892,0.48928317427635193],[0.6699265241622925,-0.1246379166841507,-0.7318903207778931,1.113957405090332]],"full_resolution":[2064,2272],"relative_focal_length":[0.4356694221496582,0.4339345097541809],"screen_center":[0.3787437081336975,0.5965937376022339],"visualized_dimension":-1},{"camera0":[[0.7386095523834229,0.2117292732000351,0.6400205492973328,0.2606600522994995],[0.07519194483757019,-0.9693486094474792,0.23390193283557892,0.48984405398368835],[0.6699265241622925,-0.1246379166841507,-0.7318903207778931,1.1189546585083008]],"camera1":[[0.7386095523834229,0.2117292732000351,0.6400205492973328,0.2606600522994995],[0.07519194483757019,-0.9693486094474792,0.23390193283557892,0.48984405398368835],[0.6699265241622925,-0.1246379166841507,-0.7318903207778931,1.1189546585083008]],"full_resolution":[2064,2272],"relative_focal_length":[0.4356694221496582,0.4339345097541809],"screen_center":[0.6212562918663025,0.5965937376022339],"visualized_dimension":-1}]}
{"camera":{"aperture_size":0.0,"autofocus":false,"autofocus_depth":0.0,"autofocus_target":[0.5,0.5,0.5],"fov_axis":1,"matrix":[[0.9135453104972839,0.04956861212849617,-0.4037047326564789,0.14771690964698792],[1.862645149230957e-09,-0.992546558380127,-0.12186919152736664,0.463371604681015],[-0.4067366421222687,0.11133287101984024,-0.9067358374595642,1.0037195682525635]],"relative_focal_length":[1.0,1.0],"scale":0.12284590303897858,"screen_center":[0.49892282485961914,0.4927228093147278],"zoom":1.0},"frame":9,"views":[{"camera0":[[0.7294448614120483,0.20836280286312103,0.6515326499938965,0.2557857036590576],[0.06769010424613953,-0.9697911739349365,0.23435848951339722,0.48945683240890503],[0.6806817650794983,-0.12684941291809082,-0.7215131521224976,1.113890528678894]],"camera1":[[0.7294448614120483,0.20836280286312103,0.6515326499938965,0.2557857036590576],[0.06769010424613953,-0.9697911739349365,0.23435848951339722,0.48945683240890503],[0.6806817650794983,-0.12684941291809082,-0.7215131521224976,1.113890528678894]],"full_resolution":[2064,2272],"relative_focal_length":[0.4356694221496582,0.4339345097541809],"screen_center":[0.3787437081336975,0.5965937376022339],"visualized_dimension":-1},{"camera0":[[0.7294448614120483,0.20836280286312103,0.6515326499938965,0.2612268924713135],[0.06769010424613953,-0.9697911739349365,0.23435848951339722,0.48996174335479736],[0.6806817650794983,-0.12684941291809082,-0.7215131521224976,1.1189680099487305]],"camera1":[[0.7294448614120483,0.20836280286312103,0.6515326499938965,0.2612268924713135],[0.06769010424613953,-0.9697911739349365,0.23435848951339722,0.48996174335479736],[0.6806817650794983,-0.12684941291809082,-0.7215131521224976,1.1189680099487305]],"full_resolution":[2064,2272],"relative_focal_length":[0.4356694221496582,0.4339345097541809],"screen_center":[0.6212562918663025,0.5965937376022339],"visualized_dimension":-1}]}
{"camera":{"aperture_size":0.0,"autofocus":false,"autofocus_depth":0.0,"autofocus_target":[0.5,0.5,0.5],"fov_axis":1,"matrix":[[0.9135453104972839,0.04956861212849617,-0.4037047326564789,0.14771690964698792],[1.862645149230957e-09,-0.992546558380127,-0.12186919152736664,0.463371604681015],[-0.4067366421222687,0.11133287101984024,-0.9067358374595642,1.0037195682525635]],"relative_focal_length":[1.0,1.0],"scale":0.12284590303897858,"screen_center":[0.49892282485961914,0.4927228093147278],"zoom":1.0},"frame":9,"views":[{"camera0":[[0.7165185213088989,0.20509755611419678,0.6667351722717285,0.2563539743423462],[0.054550543427467346,-0.9693477749824524,0.23956197500228882,0.4895201027393341],[0.6954314708709717,-0.13527989387512207,-0.7057435512542725,1.1138089895248413]],"camera1":[[0.7165185213088989,0.20509755611419678,0.6667351722717285,0.2563539743423462],[0.054550543427467346,-0.9693477749824524,0.23956197500228882,0.4895201027393341],[0.6954314708709717,-0.13527989387512207,-0.7057435512542725,1.1138089895248413]],"full_resolution":[2064,2272],"relative_focal_length":[0.4356694221496582,0.4339345097541809],"screen_center":[0.3787437081336975,0.5965937376022339],"visualized_dimension":-1},{"camera0":[[0.7165185213088989,0.20509755611419678,0.6667351722717285,0.26169875264167786],[0.054550543427467346,-0.9693477749824524,0.23956197500228882,0.4899270236492157],[0.6954314708709717,-0.13527989387512207,-0.7057435512542725,1.118996500968933]],"camera1":[[0.7165185213088989,0.20509755611419678,0.6667351722717285,0.26169875264167786],[0.054550543427467346,-0.9693477749824524,0.23956197500228882,0.4899270236492157],[0.6954314708709717,-0.13527989387512207,-0.7057435512542725,1.118996500968933]],"full_resolution":[2064,2272],"relative_focal_length":[0.4356694221496582,0.4339345097541809],"screen_center":[0.6212562918663025,0.5965937376022339],"visualized_dimension":-1}]}
{"camera":{"aperture_size":0.0,"autofocus":false,"autofocus_depth":0.0,"autofocus_target":[0.5,0.5,0.5],"fov_axis":1,"matrix":[[0.9135453104972839,0.04956861212849617,-0.4037047326564789,0.14747054874897003],[1.862645149230957e-09,-0.992546558380127,-0.12186919152736664,0.4663521349430084],[-0.4067366421222687,0.11133287101984024,-0.9067358374595642,1.003578543663025]],"relative_focal_length":[1.0,1.0],"scale":0.12284590303897858,"screen_center":[0.49892282485961914,0.4927228093147278],"zoom":1.0},"frame":10,"views":[{"camera0":[[0.7073785066604614,0.20345953106880188,0.6769192218780518,0.25691264867782593],[0.0479939803481102,-0.9692923426628113,0.2411838173866272,0.4895395338535309],[0.7052034139633179,-0.13812032341957092,-0.6954212784767151,1.1137336492538452]],"camera1":[[0.7073785066604614,0.20345953106880188,0.6769192218780518,0.25691264867782593],[0.0479939803481102,-0.9692923426628113,0.2411838173866272,0.4895395338535309],[0.7052034139633179,-0.13812032341957092,-0.6954212784767151,1.1137336492538452]],"full_resolution":[2064,2272],"relative_focal_length":[0.4356694221496582,0.4339345097541809],"screen_center":[0.3787437081336975,0.5965937376022339],"visualized_dimension":-1},{"camera0":[[0.7073785066604614,0.20345953106880188,0.6769192218780518,0.26218920946121216],[0.0479939803481102,-0.9692923426628113,0.2411838173866272,0.48989754915237427],[0.7052034139633179,-0.13812032341957092,-0.6954212784767151,1.1189939975738525]],"camera1":[[0.7073785066604614,0.20345953106880188,0.6769192218780518,0.26218920946121216],[0.0479939803481102,-0.9692923426628113,0.2411838173866272,0.48989754915237427],[0.7052034139633179,-0.13812032341957092,-0.6954212784767151,1.1189939975738525]],"full_resolution":[2064,2272],"relative_focal_length":[0.4356694221496582,0.4339345097541809],"screen_center":[0.6212562918663025,0.5965937376022339],"visualized_dimension":-1}]}
{"camera":{"aperture_size":0.0,"autofocus":false,"autofocus_depth":0.0,"autofocus_target":[0.5,0.5,0.5],"fov_axis":1,"matrix":[[0.9135453104972839,0.04956861212849617,-0.4037047326564789,0.14737224578857422],[1.862645149230957e-09,-0.992546558380127,-0.12186919152736664,0.46912604570388794],[-0.4067366421222687,0.11133287101984024,-0.9067358374595642,1.0032472610473633]],"relative_focal_length":[1.0,1.0],"scale":0.12284590303897858,"screen_center":[0.49892282485961914,0.4927228093147278],"zoom":1.0},"frame":11,"views":[{"camera0":[[0.697663426399231,0.20475123822689056,0.686543881893158,0.25724107027053833],[0.04446239769458771,-0.9688180685043335,0.24375277757644653,0.4926043152809143],[0.7150444388389587,-0.13953213393688202,-0.6850124597549438,1.1135220527648926]],"camera1":[[0.697663426399231,0.20475123822689056,0.686543881893158,0.25724107027053833],[0.04446239769458771,-0.9688180685043335,0.24375277757644653,0.4926043152809143],[0.7150444388389587,-0.13953213393688202,-0.6850124597549438,1.1135220527648926]],"full_resolution":[2064,2272],"relative_focal_length":[0.4356694221496582,0.4339345097541809],"screen_center":[0.3787437081336975,0.5965937376022339],"visualized_dimension":-1},{"camera0":[[0.697663426399231,0.20475123822689056,0.686543881893158,0.26244521141052246],[0.04446239769458771,-0.9688180685043335,0.24375277757644653,0.49293598532676697],[0.7150444388389587,-0.13953213393688202,-0.6850124597549438,1.1188557147979736]],"camera1":[[0.697663426399231,0.20475123822689056,0.686543881893158,0.26244521141052246],[0.04446239769458771,-0.9688180685043335,0.24375277757644653,0.49293598532676697],[0.7150444388389587,-0.13953213393688202,-0.6850124597549438,1.1188557147979736]],"full_resolution":[2064,2272],"relative_focal_length":[0.4356694221496582,0.4339345097541809],"screen_center":[0.6212562918663025,0.5965937376022339],"visualized_dimension":-1}]}
{"camera":{"aperture_size":0.0,"autofocus":false,"autofocus_depth":0.0,"autofocus_target":[0.5,0.5,0.5],"fov_axis":1,"matrix":[[0.9135453104972839,0.04956861212849617,-0.4037047326564789,0.14734533429145813],[1.862645149230957e-09,-0.992546558380127,-0.12186919152736664,0.4717051088809967],[-0.4067366421222687,0.11133287101984024,-0.9067358374595642,1.0023263692855835]],"relative_focal_length":[1.0,1.0],"scale":0.12284590303897858,"screen_center":[0.49892282485961914,0.4927228093147278],"zoom":1.0},"frame":11,"views":[{"camera0":[[0.6872740983963013,0.20593799650669098,0.6965943574905396,0.2576853632926941],[0.04425230622291565,-0.9690598249435425,0.2428283393383026,0.4953865110874176],[0.7250487804412842,-0.1360638290643692,-0.6751227378845215,1.1131236553192139]],"camera1":[[0.6872740983963013,0.20593799650669098,0.6965943574905396,0.2576853632926941],[0.04425230622291565,-0.9690598249435425,0.2428283393383026,0.4953865110874176],[0.7250487804412842,-0.1360638290643692,-0.6751227378845215,1.1131236553192139]],"full_resolution":[2064,2272],"relative_focal_length":[0.4356694221496582,0.4339345097541809],"screen_center":[0.3787437081336975,0.5965937376022339],"visualized_dimension":-1},{"camera0":[[0.6872740983963013,0.20593799650669098,0.6965943574905396,0.2628119885921478],[0.04425230622291565,-0.9690598249435425,0.2428283393383026,0.4957166016101837],[0.7250487804412842,-0.1360638290643692,-0.6751227378845215,1.1185320615768433]],"camera1":[[0.6872740983963013,0.20593799650669098,0.6965943574905396,0.2628119885921478],[0.04425230622291565,-0.9690598249435425,0.2428283393383026,0.4957166016101837],[0.7250487804412842,-0.1360638290643692,-0.6751227378845215,1.1185320615768433]],"full_resolution":[2064,2272],"relative_focal_length":[0.4356694221496582,0.4339345097541809],"screen_center":[0.6212562918663025,0.5965937376022339],"visualized_dimension":-1}]}
{"camera":{"aperture_size":0.0,"autofocus":false,"autofocus_depth":0.0,"autofocus_target":[0.5,0.5,0.5],"fov_axis":1,"matrix":[[0.9135453104972839,0.04956861212849617,-0.4037047326564789,0.14718252420425415],[1.862645149230957e-09,-0.992546558380127,-0.12186919152736664,0.473846435546875],[-0.4067366421222687,0.11133287101984024,-0.9067358374595642,1.001295566558838]],"relative_focal_length":[1.0,1.0],"scale":0.12284590303897858,"screen_center":[0.49892282485961914,0.4927228093147278],"zoom":1.0},"frame":11,"views":[{"camera0":[[0.6794675588607788,0.2065821886062622,0.7040221691131592,0.2581292986869812],[0.043034300208091736,-0.9691131114959717,0.24283482134342194,0.49797117710113525],[0.7324420213699341,-0.13470137119293213,-0.6673707962036133,1.1121512651443481]],"camera1":[[0.6794675588607788,0.2065821886062622,0.7040221691131592,0.2581292986869812],[0.043034300208091736,-0.9691131114959717,0.24283482134342194,0.49797117710113525],[0.7324420213699341,-0.13470137119293213,-0.6673707962036133,1.1121512651443481]],"full_resolution":[2064,2272],"relative_focal_length":[0.4356694221496582,0.4339345097541809],"screen_center":[0.3787437081336975,0.5965937376022339],"visualized_dimension":-1},{"camera0":[[0.6794675588607788,0.2065821886062622,0.7040221691131592,0.2631976902484894],[0.043034300208091736,-0.9691131114959717,0.24283482134342194,0.4982922077178955],[0.7324420213699341,-0.13470137119293213,-0.6673707962036133,1.11761474609375]],"camera1":[[0.6794675588607788,0.2065821886062622,0.7040221691131592,0.2631976902484894],[0.043034300208091736,-0.9691131114959717,0.24283482134342194,0.4982922077178955],[0.7324420213699341,-0.13470137119293213,-0.6673707962036133,1.11761474609375]],"full_resolution":[2064,2272],"relative_focal_length":[0.4356694221496582,0.4339345097541809],"screen_center":[0.6212562918663025,0.5965937376022339],"visualized_dimension":-1}]}
{"camera":{"aperture_size":0.0,"autofocus":false,"autofocus_depth":0.0,"autofocus_target":[0.5,0.5,0.5],"fov_axis":1,"matrix":[[0.9135453104972839,0.04956861212849617,-0.4037047326564789,0.1470322459936142],[1.862645149230957e-09,-0.992546558380127,-0.12186919152736664,0.4759221374988556],[-0.4067366421222687,0.11133287101984024,-0.9067358374595642,1.0006777048110962]],"relative_focal_length":[1.0,1.0],"scale":0.12284590303897858,"screen_center":[0.49892282485961914,0.4927228093147278],"zoom":1.0},"frame":12,"views":[{"camera0":[[0.6719735264778137,0.2087240070104599,0.7105529308319092,0.25838953256607056],[0.04105806350708008,-0.9684858918190002,0.24566271901130676,0.5000981688499451],[0.7394357323646545,-0.13590501248836517,-0.6593664884567261,1.1110491752624512]],"camera1":[[0.6719735264778137,0.2087240070104599,0.7105529308319092,0.25838953256607056],[0.04105806350708008,-0.9684858918190002,0.24566271901130676,0.5000981688499451],[0.7394357323646545,-0.13590501248836517,-0.6593664884567261,1.1110491752624512]],"full_resolution":[2064,2272],"relative_focal_length":[0.4356694221496582,0.4339345097541809],"screen_center":[0.3787437081336975,0.5965937376022339],"visualized_dimension":-1},{"camera0":[[0.6719735264778137,0.2087240070104599,0.7105529308319092,0.2634020149707794],[0.04105806350708008,-0.9684858918190002,0.24566271901130676,0.500404417514801],[0.7394357323646545,-0.13590501248836517,-0.6593664884567261,1.1165648698806763]],"camera1":[[0.6719735264778137,0.2087240070104599,0.7105529308319092,0.2634020149707794],[0.04105806350708008,-0.9684858918190002,0.24566271901130676,0.500404417514801],[0.7394357323646545,-0.13590501248836517,-0.6593664884567261,1.1165648698806763]],"full_resolution":[2064,2272],"relative_focal_length":[0.4356694221496582,0.4339345097541809],"screen_center":[0.6212562918663025,0.5965937376022339],"visualized_dimension":-1}]}
{"camera":{"aperture_size":0.0,"autofocus":false,"autofocus_depth":0.0,"autofocus_target":[0.5,0.5,0.5],"fov_axis":1,"matrix":[[0.9135453104972839,0.04956861212849617,-0.4037047326564789,0.14654462039470673],[1.862645149230957e-09,-0.992546558380127,-0.12186919152736664,0.47786229848861694],[-0.4067366421222687,0.11133287101984024,-0.9067358374595642,0.9990066289901733]],"relative_focal_length":[1.0,1.0],"scale":0.12284590303897858,"screen_center":[0.49892282485961914,0.4927228093147278],"zoom":1.0},"frame":12,"views":[{"camera0":[[0.6696896553039551,0.21167296171188354,0.7118356227874756,0.25852614641189575],[0.04176591336727142,-0.9677376747131348,0.2484755516052246,0.5020753741264343],[0.7414653301239014,-0.13667115569114685,-0.6569244265556335,1.1104062795639038]],"camera1":[[0.6696896553039551,0.21167296171188354,0.7118356227874756,0.25852614641189575],[0.04176591336727142,-0.9677376747131348,0.2484755516052246,0.5020753741264343],[0.7414653301239014,-0.13667115569114685,-0.6569244265556335,1.1104062795639038]],"full_resolution":[2064,2272],"relative_focal_length":[0.4356694221496582,0.4339345097541809],"screen_center":[0.3787437081336975,0.5965937376022339],"visualized_dimension":-1},{"camera0":[[0.6696896553039551,0.21167296171188354,0.7118356227874756,0.26352161169052124],[0.04176591336727142,-0.9677376747131348,0.2484755516052246,0.5023869276046753],[0.7414653301239014,-0.13667115569114685,-0.6569244265556335,1.1159371137619019]],"camera1":[[0.6696896553039551,0.21167296171188354,0.7118356227874756,0.26352161169052124],[0.04176591336727142,-0.9677376747131348,0.2484755516052246,0.5023869276046753],[0.7414653301239014,-0.13667115569114685,-0.6569244265556335,1.1159371137619019]],"full_resolution":[2064,2272],"relative_focal_length":[0.4356694221496582,0.4339345097541809],"screen_center":[0.6212562918663025,0.5965937376022339],"visualized_dimension":-1}]}
