{"camera":{"aperture_size":0.0,"autofocus":false,"autofocus_depth":0.0,"autofocus_target":[0.5,0.5,0.5],"fov_axis":1,"matrix":[[0.8829475045204163,0.108267642557621,-0.45681679248809814,0.20595650374889374],[-3.725290298461914e-09,-0.9730448126792908,-0.23061595857143402,0.1687777042388916],[-0.4694715738296509,0.20362187922000885,-0.859147310256958,0.9050289392471313]],"relative_focal_length":[1.0,1.0],"scale":0.14864353835582733,"screen_center":[0.4996795654296875,0.49303287267684937],"zoom":1.0},"frame":1,"views":[{"camera0":[[0.99935382604599,0.029523640871047974,-0.020493119955062866,0.4076961278915405],[0.03492741286754608,-0.9321910738945007,0.3602774739265442,0.3051544725894928],[-0.008467018604278564,-0.36076027154922485,-0.9326198697090149,1.3813445568084717]],"camera1":[[0.99935382604599,0.029523640871047974,-0.020493119955062866,0.4076961278915405],[0.03492741286754608,-0.9321910738945007,0.3602774739265442,0.3051544725894928],[-0.008467018604278564,-0.36076027154922485,-0.9326198697090149,1.3813445568084717]],"full_resolution":[2064,2272],"relative_focal_length":[0.4356694221496582,0.4339345097541809],"screen_center":[0.3787437081336975,0.5965937376022339],"visualized_dimension":-1},{"camera0":[[0.99935382604599,0.029523640871047974,-0.020493119955062866,0.4167161285877228],[0.03492741286754608,-0.9321910738945007,0.3602774739265442,0.30546972155570984],[-0.008467018604278564,-0.36076027154922485,-0.9326198697090149,1.3812681436538696]],"camera1":[[0.99935382604599,0.029523640871047974,-0.020493119955062866,0.4167161285877228],[0.03492741286754608,-0.9321910738945007,0.3602774739265442,0.30546972155570984],[-0.008467018604278564,-0.36076027154922485,-0.9326198697090149,1.3812681436538696]],"full_resolution":[2064,2272],"relative_focal_length":[0.4356694221496582,0.4339345097541809],"screen_center":[0.6212562918663025,0.5965937376022339],"visualized_dimension":-1}]}
{"camera":{"aperture_size":0.0,"autofocus":false,"autofocus_depth":0.0,"autofocus_target":[0.5,0.5,0.5],"fov_axis":1,"matrix":[[0.8829475045204163,0.108267642557621,-0.45681679248809814,0.20742584764957428],[-3.725290298461914e-09,-0.9730448126792908,-0.23061595857143402,0.16607287526130676],[-0.4694715738296509,0.20362187922000885,-0.859147310256958,0.9062033295631409]],"relative_focal_length":[1.0,1.0],"scale":0.14864353835582733,"screen_center":[0.4996795654296875,0.49303287267684937],"zoom":1.0},"frame":1,"views":[{"camera0":[[0.9994361996650696,0.031486496329307556,-0.011652588844299316,0.40556100010871887],[0.03356520086526871,-0.9293150901794434,0.36775919795036316,0.30493685603141785],[0.0007503330707550049,-0.36794283986091614,-0.9298479557037354,1.3804535865783691]],"camera1":[[0.9994361996650696,0.031486496329307556,-0.011652588844299316,0.40556100010871887],[0.03356520086526871,-0.9293150901794434,0.36775919795036316,0.30493685603141785],[0.0007503330707550049,-0.36794283986091614,-0.9298479557037354,1.3804535865783691]],"full_resolution":[2064,2272],"relative_focal_length":[0.4356694221496582,0.4339345097541809],"screen_center":[0.3787437081336975,0.5965937376022339],"visualized_dimension":-1},{"camera0":[[0.9994361996650696,0.031486496329307556,-0.011652588844299316,0.4145817756652832],[0.03356520086526871,-0.9293150901794434,0.36775919795036316,0.30523979663848877],[0.0007503330707550049,-0.36794283986091614,-0.9298479557037354,1.380460262298584]],"camera1":[[0.9994361996650696,0.031486496329307556,-0.011652588844299316,0.4145817756652832],[0.03356520086526871,-0.9293150901794434,0.36775919795036316,0.30523979663848877],[0.0007503330707550049,-0.36794283986091614,-0.9298479557037354,1.380460262298584]],"full_resolution":[2064,2272],"relative_focal_length":[0.4356694221496582,0.4339345097541809],"screen_center":[0.6212562918663025,0.5965937376022339],"visualized_dimension":-1}]}
{"camera":{"aperture_size":0.0,"autofocus":false,"autofocus_depth":0.0,"autofocus_target":[0.5,0.5,0.5],"fov_axis":1,"matrix":[[0.8829475045204163,0.108267642557621,-0.45681679248809814,0.21042393147945404],[-3.725290298461914e-09,-0.9730448126792908,-0.23061595857143402,0.16252990067005157],[-0.4694715738296509,0.20362187922000885,-0.859147310256958,0.9086810350418091]],"relative_focal_length":[1.0,1.0],"scale":0.14864353835582733,"screen_center":[0.4996795654296875,0.49303287267684937],"zoom":1.0},"frame":1,"views":[{"camera0":[[0.9994416236877441,0.03316642343997955,0.0040260255336761475,0.4082125425338745],[0.02919553965330124,-0.9255923628807068,0.3773942291736603,0.3022289276123047],[0.01624312996864319,-0.3770658075809479,-0.9260438084602356,1.3806291818618774]],"camera1":[[0.9994416236877441,0.03316642343997955,0.0040260255336761475,0.4082125425338745],[0.02919553965330124,-0.9255923628807068,0.3773942291736603,0.3022289276123047],[0.01624312996864319,-0.3770658075809479,-0.9260438084602356,1.3806291818618774]],"full_resolution":[2064,2272],"relative_focal_length":[0.4356694221496582,0.4339345097541809],"screen_center":[0.3787437081336975,0.5965937376022339],"visualized_dimension":-1},{"camera0":[[0.9994416236877441,0.03316642343997955,0.0040260255336761475,0.41723334789276123],[0.02919553965330124,-0.9255923628807068,0.3773942291736603,0.3024924397468567],[0.01624312996864319,-0.3770658075809479,-0.9260438084602356,1.380775809288025]],"camera1":[[0.9994416236877441,0.03316642343997955,0.0040260255336761475,0.41723334789276123],[0.02919553965330124,-0.9255923628807068,0.3773942291736603,0.3024924397468567],[0.01624312996864319,-0.3770658075809479,-0.9260438084602356,1.380775809288025]],"full_resolution":[2064,2272],"relative_focal_length":[0.4356694221496582,0.4339345097541809],"screen_center":[0.6212562918663025,0.5965937376022339],"visualized_dimension":-1}]}
{"camera":{"aperture_size":0.0,"autofocus":false,"autofocus_depth":0.0,"autofocus_target":[0.5,0.5,0.5],"fov_axis":1,"matrix":[[0.8829475045204163,0.108267642557621,-0.45681679248809814,0.21042393147945404],[-3.725290298461914e-09,-0.9730448126792908,-0.23061595857143402,0.16252990067005157],[-0.4694715738296509,0.20362187922000885,-0.859147310256958,0.9086810350418091]],"relative_focal_length":[1.0,1.0],"scale":0.14864353835582733,"screen_center":[0.4996795654296875,0.49303287267684937],"zoom":1.0},"frame":2,"views":[{"camera0":[[0.999277651309967,0.0367656946182251,0.009603291749954224,0.4117645025253296],[0.03043367713689804,-0.9256747364997864,0.3770943284034729,0.2985652983188629],[0.02275344729423523,-0.37652942538261414,-0.9261249303817749,1.3827136754989624]],"camera1":[[0.999277651309967,0.0367656946182251,0.009603291749954224,0.4117645025253296],[0.03043367713689804,-0.9256747364997864,0.3770943284034729,0.2985652983188629],[0.02275344729423523,-0.37652942538261414,-0.9261249303817749,1.3827136754989624]],"full_resolution":[2064,2272],"relative_focal_length":[0.4356694221496582,0.4339345097541809],"screen_center":[0.3787437081336975,0.5965937376022339],"visualized_dimension":-1},{"camera0":[[0.999277651309967,0.0367656946182251,0.009603291749954224,0.4207838177680969],[0.03043367713689804,-0.9256747364997864,0.3770943284034729,0.2988399863243103],[0.02275344729423523,-0.37652942538261414,-0.9261249303817749,1.3829190731048584]],"camera1":[[0.999277651309967,0.0367656946182251,0.009603291749954224,0.4207838177680969],[0.03043367713689804,-0.9256747364997864,0.3770943284034729,0.2988399863243103],[0.02275344729423523,-0.37652942538261414,-0.9261249303817749,1.3829190731048584]],"full_resolution":[2064,2272],"relative_focal_length":[0.4356694221496582,0.4339345097541809],"screen_center":[0.6212562918663025,0.5965937376022339],"visualized_dimension":-1}]}
{"camera":{"aperture_size":0.0,"autofocus":false,"autofocus_depth":0.0,"autofocus_target":[0.5,0.5,0.5],"fov_axis":1,"matrix":[[0.8829475045204163,0.108267642557621,-0.45681679248809814,0.21042393147945404],[-3.725290298461914e-09,-0.9730448126792908,-0.23061595857143402,0.16252990067005157],[-0.4694715738296509,0.20362187922000885,-0.859147310256958,0.9086810350418091]],"relative_focal_length":[1.0,1.0],"scale":0.14864353835582733,"screen_center":[0.4996795654296875,0.49303287267684937],"zoom":1.0},"frame":2,"views":[{"camera0":[[0.9992786049842834,0.03626662492752075,0.011259198188781738,0.41274788975715637],[0.02946590632200241,-0.927549421787262,0.3725370168685913,0.29860252141952515],[0.023953944444656372,-0.3719364106655121,-0.9279489517211914,1.3819996118545532]],"camera1":[[0.9992786049842834,0.03626662492752075,0.011259198188781738,0.41274788975715637],[0.02946590632200241,-0.927549421787262,0.3725370168685913,0.29860252141952515],[0.023953944444656372,-0.3719364106655121,-0.9279489517211914,1.3819996118545532]],"full_resolution":[2064,2272],"relative_focal_length":[0.4356694221496582,0.4339345097541809],"screen_center":[0.3787437081336975,0.5965937376022339],"visualized_dimension":-1},{"camera0":[[0.9992786049842834,0.03626662492752075,0.011259198188781738,0.4217672348022461],[0.02946590632200241,-0.927549421787262,0.3725370168685913,0.29886847734451294],[0.023953944444656372,-0.3719364106655121,-0.9279489517211914,1.3822157382965088]],"camera1":[[0.9992786049842834,0.03626662492752075,0.011259198188781738,0.4217672348022461],[0.02946590632200241,-0.927549421787262,0.3725370168685913,0.29886847734451294],[0.023953944444656372,-0.3719364106655121,-0.9279489517211914,1.3822157382965088]],"full_resolution":[2064,2272],"relative_focal_length":[0.4356694221496582,0.4339345097541809],"screen_center":[0.6212562918663025,0.5965937376022339],"visualized_dimension":-1}]}
{"camera":{"aperture_size":0.0,"autofocus":false,"autofocus_depth":0.0,"autofocus_target":[0.5,0.5,0.5],"fov_axis":1,"matrix":[[0.8829475045204163,0.108267642557621,-0.45681679248809814,0.21042393147945404],[-3.725290298461914e-09,-0.9730448126792908,-0.23061595857143402,0.16252990067005157],[-0.4694715738296509,0.20362187922000885,-0.859147310256958,0.9086810350418091]],"relative_focal_length":[1.0,1.0],"scale":0.14864353835582733,"screen_center":[0.4996795654296875,0.49303287267684937],"zoom":1.0},"frame":3,"views":[{"camera0":[[0.9994645118713379,0.032715633511543274,0.00010389089584350586,0.41376256942749023],[0.030347004532814026,-0.9282796382904053,0.3706425130367279,0.29858317971229553],[0.012222081422805786,-0.3704407513141632,-0.928775429725647,1.3814116716384888]],"camera1":[[0.9994645118713379,0.032715633511543274,0.00010389089584350586,0.41376256942749023],[0.030347004532814026,-0.9282796382904053,0.3706425130367279,0.29858317971229553],[0.012222081422805786,-0.3704407513141632,-0.928775429725647,1.3814116716384888]],"full_resolution":[2064,2272],"relative_focal_length":[0.4356694221496582,0.4339345097541809],"screen_center":[0.3787437081336975,0.5965937376022339],"visualized_dimension":-1},{"camera0":[[0.9994645118713379,0.032715633511543274,0.00010389089584350586,0.42278358340263367],[0.030347004532814026,-0.9282796382904053,0.3706425130367279,0.29885709285736084],[0.012222081422805786,-0.3704407513141632,-0.928775429725647,1.3815219402313232]],"camera1":[[0.9994645118713379,0.032715633511543274,0.00010389089584350586,0.42278358340263367],[0.030347004532814026,-0.9282796382904053,0.3706425130367279,0.29885709285736084],[0.012222081422805786,-0.3704407513141632,-0.928775429725647,1.3815219402313232]],"full_resolution":[2064,2272],"relative_focal_length":[0.4356694221496582,0.4339345097541809],"screen_center":[0.6212562918663025,0.5965937376022339],"visualized_dimension":-1}]}
{"camera":{"aperture_size":0.0,"autofocus":false,"autofocus_depth":0.0,"autofocus_target":[0.5,0.5,0.5],"fov_axis":1,"matrix":[[0.8829475045204163,0.108267642557621,-0.45681679248809814,0.21042393147945404],[-3.725290298461914e-09,-0.9730448126792908,-0.23061595857143402,0.16252990067005157],[-0.4694715738296509,0.20362187922000885,-0.859147310256958,0.9086810350418091]],"relative_focal_length":[1.0,1.0],"scale":0.14864353835582733,"screen_center":[0.4996795654296875,0.49303287267684937],"zoom":1.0},"frame":4,"views":[{"camera0":[[0.999671995639801,0.02533063292503357,-0.0037423372268676758,0.4147692322731018],[0.024984702467918396,-0.9329697489738464,0.35908663272857666,0.2985602617263794],[0.005604267120361328,-0.35906219482421875,-0.9332965612411499,1.3808636665344238]],"camera1":[[0.999671995639801,0.02533063292503357,-0.0037423372268676758,0.4147692322731018],[0.024984702467918396,-0.9329697489738464,0.35908663272857666,0.2985602617263794],[0.005604267120361328,-0.35906219482421875,-0.9332965612411499,1.3808636665344238]],"full_resolution":[2064,2272],"relative_focal_length":[0.4356694221496582,0.4339345097541809],"screen_center":[0.3787437081336975,0.5965937376022339],"visualized_dimension":-1},{"camera0":[[0.999671995639801,0.02533063292503357,-0.0037423372268676758,0.4237920939922333],[0.024984702467918396,-0.9329697489738464,0.35908663272857666,0.2987857758998871],[0.005604267120361328,-0.35906219482421875,-0.9332965612411499,1.3809142112731934]],"camera1":[[0.999671995639801,0.02533063292503357,-0.0037423372268676758,0.4237920939922333],[0.024984702467918396,-0.9329697489738464,0.35908663272857666,0.2987857758998871],[0.005604267120361328,-0.35906219482421875,-0.9332965612411499,1.3809142112731934]],"full_resolution":[2064,2272],"relative_focal_length":[0.4356694221496582,0.4339345097541809],"screen_center":[0.6212562918663025,0.5965937376022339],"visualized_dimension":-1}]}
{"camera":{"aperture_size":0.0,"autofocus":false,"autofocus_depth":0.0,"autofocus_target":[0.5,0.5,0.5],"fov_axis":1,"matrix":[[0.8829475045204163,0.108267642557621,-0.45681679248809814,0.21042393147945404],[-3.725290298461914e-09,-0.9730448126792908,-0.23061595857143402,0.16252990067005157],[-0.4694715738296509,0.20362187922000885,-0.859147310256958,0.9086810350418091]],"relative_focal_length":[1.0,1.0],"scale":0.14864353835582733,"screen_center":[0.4996795654296875,0.49303287267684937],"zoom":1.0},"frame":5,"views":[{"camera0":[[0.9994990825653076,0.028669878840446472,-0.013392359018325806,0.41566020250320435],[0.03153654932975769,-0.9372848272323608,0.34713488817214966,0.2985922694206238],[-0.0026002824306488037,-0.34738314151763916,-0.937719464302063,1.380385398864746]],"camera1":[[0.9994990825653076,0.028669878840446472,-0.013392359018325806,0.41566020250320435],[0.03153654932975769,-0.9372848272323608,0.34713488817214966,0.2985922694206238],[-0.0026002824306488037,-0.34738314151763916,-0.937719464302063,1.380385398864746]],"full_resolution":[2064,2272],"relative_focal_length":[0.4356694221496582,0.4339345097541809],"screen_center":[0.3787437081336975,0.5965937376022339],"visualized_dimension":-1},{"camera0":[[0.9994990825653076,0.028669878840446472,-0.013392359018325806,0.42468154430389404],[0.03153654932975769,-0.9372848272323608,0.34713488817214966,0.29887694120407104],[-0.0026002824306488037,-0.34738314151763916,-0.937719464302063,1.3803620338439941]],"camera1":[[0.9994990825653076,0.028669878840446472,-0.013392359018325806,0.42468154430389404],[0.03153654932975769,-0.9372848272323608,0.34713488817214966,0.29887694120407104],[-0.0026002824306488037,-0.34738314151763916,-0.937719464302063,1.3803620338439941]],"full_resolution":[2064,2272],"relative_focal_length":[0.4356694221496582,0.4339345097541809],"screen_center":[0.6212562918663025,0.5965937376022339],"visualized_dimension":-1}]}
{"camera":{"aperture_size":0.0,"autofocus":false,"autofocus_depth":0.0,"autofocus_target":[0.5,0.5,0.5],"fov_axis":1,"matrix":[[0.8829475045204163,0.108267642557621,-0.45681679248809814,0.21042393147945404],[-3.725290298461914e-09,-0.9730448126792908,-0.23061595857143402,0.16252990067005157],[-0.4694715738296509,0.20362187922000885,-0.859147310256958,0.9086810350418091]],"relative_focal_length":[1.0,1.0],"scale":0.14864353835582733,"screen_center":[0.4996795654296875,0.49303287267684937],"zoom":1.0},"frame":6,"views":[{"camera0":[[0.9993029832839966,0.028832241892814636,-0.02370762825012207,0.4164966344833374],[0.035202108323574066,-0.9391791820526123,0.3416184186935425,0.2985524535179138],[-0.012416243553161621,-0.3422147333621979,-0.9395394325256348,1.379964828491211]],"camera1":[[0.9993029832839966,0.028832241892814636,-0.02370762825012207,0.4164966344833374],[0.035202108323574066,-0.9391791820526123,0.3416184186935425,0.2985524535179138],[-0.012416243553161621,-0.3422147333621979,-0.9395394325256348,1.379964828491211]],"full_resolution":[2064,2272],"relative_focal_length":[0.4356694221496582,0.4339345097541809],"screen_center":[0.3787437081336975,0.5965937376022339],"visualized_dimension":-1},{"camera0":[[0.9993029832839966,0.028832241892814636,-0.02370762825012207,0.42551618814468384],[0.035202108323574066,-0.9391791820526123,0.3416184186935425,0.2988702058792114],[-0.012416243553161621,-0.3422147333621979,-0.9395394325256348,1.3798527717590332]],"camera1":[[0.9993029832839966,0.028832241892814636,-0.02370762825012207,0.42551618814468384],[0.035202108323574066,-0.9391791820526123,0.3416184186935425,0.2988702058792114],[-0.012416243553161621,-0.3422147333621979,-0.9395394325256348,1.3798527717590332]],"full_resolution":[2064,2272],"relative_focal_length":[0.4356694221496582,0.4339345097541809],"screen_center":[0.6212562918663025,0.5965937376022339],"visualized_dimension":-1}]}
{"camera":{"aperture_size":0.0,"autofocus":false,"autofocus_depth":0.0,"autofocus_target":[0.5,0.5,0.5],"fov_axis":1,"matrix":[[0.8829475045204163,0.108267642557621,-0.45681679248809814,0.21042393147945404],[-3.725290298461914e-09,-0.9730448126792908,-0.23061595857143402,0.16252990067005157],[-0.4694715738296509,0.20362187922000885,-0.859147310256958,0.9086810350418091]],"relative_focal_length":[1.0,1.0],"scale":0.14864353835582733,"screen_center":[0.4996795654296875,0.49303287267684937],"zoom":1.0},"frame":7,"views":[{"camera0":[[0.998955249786377,0.027053654193878174,-0.03682738542556763,0.41726067662239075],[0.03791182488203049,-0.9405969977378845,0.337401807308197,0.2981754541397095],[-0.025511950254440308,-0.3384453058242798,-0.9406399726867676,1.3795877695083618]],"camera1":[[0.998955249786377,0.027053654193878174,-0.03682738542556763,0.41726067662239075],[0.03791182488203049,-0.9405969977378845,0.337401807308197,0.2981754541397095],[-0.025511950254440308,-0.3384453058242798,-0.9406399726867676,1.3795877695083618]],"full_resolution":[2064,2272],"relative_focal_length":[0.4356694221496582,0.4339345097541809],"screen_center":[0.3787437081336975,0.5965937376022339],"visualized_dimension":-1},{"camera0":[[0.998955249786377,0.027053654193878174,-0.03682738542556763,0.4262770414352417],[0.03791182488203049,-0.9405969977378845,0.337401807308197,0.2985176146030426],[-0.025511950254440308,-0.3384453058242798,-0.9406399726867676,1.3793573379516602]],"camera1":[[0.998955249786377,0.027053654193878174,-0.03682738542556763,0.4262770414352417],[0.03791182488203049,-0.9405969977378845,0.337401807308197,0.2985176146030426],[-0.025511950254440308,-0.3384453058242798,-0.9406399726867676,1.3793573379516602]],"full_resolution":[2064,2272],"relative_focal_length":[0.4356694221496582,0.4339345097541809],"screen_center":[0.6212562918663025,0.5965937376022339],"visualized_dimension":-1}]}
{"camera":{"aperture_size":0.0,"autofocus":false,"autofocus_depth":0.0,"autofocus_target":[0.5,0.5,0.5],"fov_axis":1,"matrix":[[0.8829475045204163,0.108267642557621,-0.45681679248809814,0.21042393147945404],[-3.725290298461914e-09,-0.9730448126792908,-0.23061595857143402,0.16252990067005157],[-0.4694715738296509,0.20362187922000885,-0.859147310256958,0.9086810350418091]],"relative_focal_length":[1.0,1.0],"scale":0.14864353835582733,"screen_center":[0.4996795654296875,0.49303287267684937],"zoom":1.0},"frame":8,"views":[{"camera0":[[0.9987858533859253,0.019726723432540894,-0.045138388872146606,0.4178089201450348],[0.03369956463575363,-0.94196617603302,0.33401191234588623,0.29793819785118103],[-0.03593000769615173,-0.3351273834705353,-0.941487193107605,1.379217505455017]],"camera1":[[0.9987858533859253,0.019726723432540894,-0.045138388872146606,0.4178089201450348],[0.03369956463575363,-0.94196617603302,0.33401191234588623,0.29793819785118103],[-0.03593000769615173,-0.3351273834705353,-0.941487193107605,1.379217505455017]],"full_resolution":[2064,2272],"relative_focal_length":[0.4356694221496582,0.4339345097541809],"screen_center":[0.3787437081336975,0.5965937376022339],"visualized_dimension":-1},{"camera0":[[0.9987858533859253,0.019726723432540894,-0.045138388872146606,0.42682379484176636],[0.03369956463575363,-0.94196617603302,0.33401191234588623,0.29824236035346985],[-0.03593000769615173,-0.3351273834705353,-0.941487193107605,1.378893256187439]],"camera1":[[0.9987858533859253,0.019726723432540894,-0.045138388872146606,0.42682379484176636],[0.03369956463575363,-0.94196617603302,0.33401191234588623,0.29824236035346985],[-0.03593000769615173,-0.3351273834705353,-0.941487193107605,1.378893256187439]],"full_resolution":[2064,2272],"relative_focal_length":[0.4356694221496582,0.4339345097541809],"screen_center":[0.6212562918663025,0.5965937376022339],"visualized_dimension":-1}]}
{"camera":{"aperture_size":0.0,"autofocus":false,"autofocus_depth":0.0,"autofocus_target":[0.5,0.5,0.5],"fov_axis":1,"matrix":[[0.8829475045204163,0.108267642557621,-0.45681679248809814,0.20779737830162048],[-3.725290298461914e-09,-0.9730448126792908,-0.23061595857143402,0.16859382390975952],[-0.4694715738296509,0.20362187922000885,-0.859147310256958,0.9101217985153198]],"relative_focal_length":[1.0,1.0],"scale":0.14864353835582733,"screen_center":[0.4996795654296875,0.49303287267684937],"zoom":1.0},"frame":9,"views":[{"camera0":[[0.9990819692611694,0.0019313544034957886,-0.04279288649559021,0.41812002658843994],[0.016289107501506805,-0.9410667419433594,0.3378283977508545,0.29799145460128784],[-0.03961870074272156,-0.3382151126861572,-0.9402342438697815,1.3786832094192505]],"camera1":[[0.9990819692611694,0.0019313544034957886,-0.04279288649559021,0.41812002658843994],[0.016289107501506805,-0.9410667419433594,0.3378283977508545,0.29799145460128784],[-0.03961870074272156,-0.3382151126861572,-0.9402342438697815,1.3786832094192505]],"full_resolution":[2064,2272],"relative_focal_length":[0.4356694221496582,0.4339345097541809],"screen_center":[0.3787437081336975,0.5965937376022339],"visualized_dimension":-1},{"camera0":[[0.9990819692611694,0.0019313544034957886,-0.04279288649559021,0.427137553691864],[0.016289107501506805,-0.9410667419433594,0.3378283977508545,0.29813843965530396],[-0.03961870074272156,-0.3382151126861572,-0.9402342438697815,1.3783255815505981]],"camera1":[[0.9990819692611694,0.0019313544034957886,-0.04279288649559021,0.427137553691864],[0.016289107501506805,-0.9410667419433594,0.3378283977508545,0.29813843965530396],[-0.03961870074272156,-0.3382151126861572,-0.9402342438697815,1.3783255815505981]],"full_resolution":[2064,2272],"relative_focal_length":[0.4356694221496582,0.4339345097541809],"screen_center":[0.6212562918663025,0.5965937376022339],"visualized_dimension":-1}]}
{"camera":{"aperture_size":0.0,"autofocus":false,"autofocus_depth":0.0,"autofocus_target":[0.5,0.5,0.5],"fov_axis":1,"matrix":[[0.8829475045204163,0.108267642557621,-0.45681679248809814,0.20331761240959167],[-3.725290298461914e-09,-0.9730448126792908,-0.23061595857143402,0.1758549064397812],[-0.4694715738296509,0.20362187922000885,-0.859147310256958,0.909980833530426]],"relative_focal_length":[1.0,1.0],"scale":0.14864353835582733,"screen_center":[0.4996795654296875,0.49303287267684937],"zoom":1.0},"frame":10,"views":[{"camera0":[[0.9994281530380249,-0.007946386933326721,-0.03286248445510864,0.4153205454349518],[0.004121184349060059,-0.9361060857772827,0.3516935706138611,0.30428269505500793],[-0.03355765342712402,-0.35162776708602905,-0.9355379939079285,1.3792955875396729]],"camera1":[[0.9994281530380249,-0.007946386933326721,-0.03286248445510864,0.4153205454349518],[0.004121184349060059,-0.9361060857772827,0.3516935706138611,0.30428269505500793],[-0.03355765342712402,-0.35162776708602905,-0.9355379939079285,1.3792955875396729]],"full_resolution":[2064,2272],"relative_focal_length":[0.4356694221496582,0.4339345097541809],"screen_center":[0.3787437081336975,0.5965937376022339],"visualized_dimension":-1},{"camera0":[[0.9994281530380249,-0.007946386933326721,-0.03286248445510864,0.42434120178222656],[0.004121184349060059,-0.9361060857772827,0.3516935706138611,0.3043198883533478],[-0.03355765342712402,-0.35162776708602905,-0.9355379939079285,1.3789925575256348]],"camera1":[[0.9994281530380249,-0.007946386933326721,-0.03286248445510864,0.42434120178222656],[0.004121184349060059,-0.9361060857772827,0.3516935706138611,0.3043198883533478],[-0.03355765342712402,-0.35162776708602905,-0.9355379939079285,1.3789925575256348]],"full_resolution":[2064,2272],"relative_focal_length":[0.4356694221496582,0.4339345097541809],"screen_center":[0.6212562918663025,0.5965937376022339],"visualized_dimension":-1}]}
{"camera":{"aperture_size":0.0,"autofocus":false,"autofocus_depth":0.0,"autofocus_target":[0.5,0.5,0.5],"fov_axis":1,"matrix":[[0.8829475045204163,0.108267642557621,-0.45681679248809814,0.19972972571849823],[-3.725290298461914e-09,-0.9730448126792908,-0.23061595857143402,0.18187019228935242],[-0.4694715738296509,0.20362187922000885,-0.859147310256958,0.9091061949729919]],"relative_focal_length":[1.0,1.0],"scale":0.14864353835582733,"screen_center":[0.4996795654296875,0.49303287267684937],"zoom":1.0},"frame":10,"views":[{"camera0":[[0.9997051954269409,-0.0035886913537979126,-0.024006694555282593,0.41046494245529175],[0.005330607295036316,-0.9324091076850891,0.3613651692867279,0.31133079528808594],[-0.02368101477622986,-0.3613864481449127,-0.9321150779724121,1.3782422542572021]],"camera1":[[0.9997051954269409,-0.0035886913537979126,-0.024006694555282593,0.41046494245529175],[0.005330607295036316,-0.9324091076850891,0.3613651692867279,0.31133079528808594],[-0.02368101477622986,-0.3613864481449127,-0.9321150779724121,1.3782422542572021]],"full_resolution":[2064,2272],"relative_focal_length":[0.4356694221496582,0.4339345097541809],"screen_center":[0.3787437081336975,0.5965937376022339],"visualized_dimension":-1},{"camera0":[[0.9997051954269409,-0.0035886913537979126,-0.024006694555282593,0.4194881319999695],[0.005330607295036316,-0.9324091076850891,0.3613651692867279,0.3113788962364197],[-0.02368101477622986,-0.3613864481449127,-0.9321150779724121,1.3780286312103271]],"camera1":[[0.9997051954269409,-0.0035886913537979126,-0.024006694555282593,0.4194881319999695],[0.005330607295036316,-0.9324091076850891,0.3613651692867279,0.3113788962364197],[-0.02368101477622986,-0.3613864481449127,-0.9321150779724121,1.3780286312103271]],"full_resolution":[2064,2272],"relative_focal_length":[0.4356694221496582,0.4339345097541809],"screen_center":[0.6212562918663025,0.5965937376022339],"visualized_dimension":-1}]}
{"camera":{"aperture_size":0.0,"autofocus":false,"autofocus_depth":0.0,"autofocus_target":[0.5,0.5,0.5],"fov_axis":1,"matrix":[[0.8829475045204163,0.108267642557621,-0.45681679248809814,0.19619092345237732],[-3.725290298461914e-09,-0.9730448126792908,-0.23061595857143402,0.18747244775295258],[-0.4694715738296509,0.20362187922000885,-0.859147310256958,0.9081544280052185]],"relative_focal_length":[1.0,1.0],"scale":0.14864353835582733,"screen_center":[0.4996795654296875,0.49303287267684937],"zoom":1.0},"frame":10,"views":[{"camera0":[[0.9998900890350342,0.001107916235923767,-0.014779418706893921,0.40629035234451294],[0.006320133805274963,-0.9338607788085938,0.35758084058761597,0.31676337122917175],[-0.013405948877334595,-0.3576348125934601,-0.9337650537490845,1.376370906829834]],"camera1":[[0.9998900890350342,0.001107916235923767,-0.014779418706893921,0.40629035234451294],[0.006320133805274963,-0.9338607788085938,0.35758084058761597,0.31676337122917175],[-0.013405948877334595,-0.3576348125934601,-0.9337650537490845,1.376370906829834]],"full_resolution":[2064,2272],"relative_focal_length":[0.4356694221496582,0.4339345097541809],"screen_center":[0.3787437081336975,0.5965937376022339],"visualized_dimension":-1},{"camera0":[[0.9998900890350342,0.001107916235923767,-0.014779418706893921,0.4153152406215668],[0.006320133805274963,-0.9338607788085938,0.35758084058761597,0.3168204426765442],[-0.013405948877334595,-0.3576348125934601,-0.9337650537490845,1.3762500286102295]],"camera1":[[0.9998900890350342,0.001107916235923767,-0.014779418706893921,0.4153152406215668],[0.006320133805274963,-0.9338607788085938,0.35758084058761597,0.3168204426765442],[-0.013405948877334595,-0.3576348125934601,-0.9337650537490845,1.3762500286102295]],"full_resolution":[2064,2272],"relative_focal_length":[0.4356694221496582,0.4339345097541809],"screen_center":[0.6212562918663025,0.5965937376022339],"visualized_dimension":-1}]}
{"camera":{"aperture_size":0.0,"autofocus":false,"autofocus_depth":0.0,"autofocus_target":[0.5,0.5,0.5],"fov_axis":1,"matrix":[[0.8829475045204163,0.108267642557621,-0.45681679248809814,0.19405339658260345],[-3.725290298461914e-09,-0.9730448126792908,-0.23061595857143402,0.19021175801753998],[-0.4694715738296509,0.20362187922000885,-0.859147310256958,0.907202422618866]],"relative_focal_length":[1.0,1.0],"scale":0.14864353835582733,"screen_center":[0.4996795654296875,0.49303287267684937],"zoom":1.0},"frame":11,"views":[{"camera0":[[0.9999675154685974,0.0028057247400283813,-0.007542520761489868,0.40219569206237793],[0.00532221794128418,-0.9335806369781494,0.3583276867866516,0.32213592529296875],[-0.00603640079498291,-0.3583560883998871,-0.9335651993751526,1.3747735023498535]],"camera1":[[0.9999675154685974,0.0028057247400283813,-0.007542520761489868,0.40219569206237793],[0.00532221794128418,-0.9335806369781494,0.3583276867866516,0.32213592529296875],[-0.00603640079498291,-0.3583560883998871,-0.9335651993751526,1.3747735023498535]],"full_resolution":[2064,2272],"relative_focal_length":[0.4356694221496582,0.4339345097541809],"screen_center":[0.3787437081336975,0.5965937376022339],"visualized_dimension":-1},{"camera0":[[0.9999675154685974,0.0028057247400283813,-0.007542520761489868,0.4112212657928467],[0.00532221794128418,-0.9335806369781494,0.3583276867866516,0.3221839666366577],[-0.00603640079498291,-0.3583560883998871,-0.9335651993751526,1.3747190237045288]],"camera1":[[0.9999675154685974,0.0028057247400283813,-0.007542520761489868,0.4112212657928467],[0.00532221794128418,-0.9335806369781494,0.3583276867866516,0.3221839666366577],[-0.00603640079498291,-0.3583560883998871,-0.9335651993751526,1.3747190237045288]],"full_resolution":[2064,2272],"relative_focal_length":[0.4356694221496582,0.4339345097541809],"screen_center":[0.6212562918663025,0.5965937376022339],"visualized_dimension":-1}]}
{"camera":{"aperture_size":0.0,"autofocus":false,"autofocus_depth":0.0,"autofocus_target":[0.5,0.5,0.5],"fov_axis":1,"matrix":[[0.8829475045204163,0.108267642557621,-0.45681679248809814,0.18956297636032104],[-3.725290298461914e-09,-0.9730448126792908,-0.23061595857143402,0.19564904272556305],[-0.4694715738296509,0.20362187922000885,-0.859147310256958,0.9051700234413147]],"relative_focal_length":[1.0,1.0],"scale":0.14864353835582733,"screen_center":[0.4996795654296875,0.49303287267684937],"zoom":1.0},"frame":12,"views":[{"camera0":[[0.9999381303787231,0.009016856551170349,0.006503701210021973,0.3987573981285095],[0.0061098262667655945,-0.9344218373298645,0.35611581802368164,0.3242717981338501],[0.00928807258605957,-0.35605388879776,-0.9344190359115601,1.3724708557128906]],"camera1":[[0.9999381303787231,0.009016856551170349,0.006503701210021973,0.3987573981285095],[0.0061098262667655945,-0.9344218373298645,0.35611581802368164,0.3242717981338501],[0.00928807258605957,-0.35605388879776,-0.9344190359115601,1.3724708557128906]],"full_resolution":[2064,2272],"relative_focal_length":[0.4356694221496582,0.4339345097541809],"screen_center":[0.3787437081336975,0.5965937376022339],"visualized_dimension":-1},{"camera0":[[0.9999381303787231,0.009016856551170349,0.006503701210021973,0.4077826738357544],[0.0061098262667655945,-0.9344218373298645,0.35611581802368164,0.32432693243026733],[0.00928807258605957,-0.35605388879776,-0.9344190359115601,1.3725547790527344]],"camera1":[[0.9999381303787231,0.009016856551170349,0.006503701210021973,0.4077826738357544],[0.0061098262667655945,-0.9344218373298645,0.35611581802368164,0.32432693243026733],[0.00928807258605957,-0.35605388879776,-0.9344190359115601,1.3725547790527344]],"full_resolution":[2064,2272],"relative_focal_length":[0.4356694221496582,0.4339345097541809],"screen_center":[0.6212562918663025,0.5965937376022339],"visualized_dimension":-1}]}
{"camera":{"aperture_size":0.0,"autofocus":false,"autofocus_depth":0.0,"autofocus_target":[0.5,0.5,0.5],"fov_axis":1,"matrix":[[0.8829475045204163,0.108267642557621,-0.45681679248809814,0.18520410358905792],[-3.725290298461914e-09,-0.9730448126792908,-0.23061595857143402,0.20032379031181335],[-0.4694715738296509,0.20362187922000885,-0.859147310256958,0.902800440788269]],"relative_focal_length":[1.0,1.0],"scale":0.14864353835582733,"screen_center":[0.4996795654296875,0.49303287267684937],"zoom":1.0},"frame":13,"views":[{"camera0":[[0.9995599985122681,0.014251559972763062,0.026010483503341675,0.3925600051879883],[0.004011951386928558,-0.9338966608047485,0.35752034187316895,0.32905322313308716],[0.029386162757873535,-0.3572585880756378,-0.9335429072380066,1.3689863681793213]],"camera1":[[0.9995599985122681,0.014251559972763062,0.026010483503341675,0.3925600051879883],[0.004011951386928558,-0.9338966608047485,0.35752034187316895,0.32905322313308716],[0.029386162757873535,-0.3572585880756378,-0.9335429072380066,1.3689863681793213]],"full_resolution":[2064,2272],"relative_focal_length":[0.4356694221496582,0.4339345097541809],"screen_center":[0.3787437081336975,0.5965937376022339],"visualized_dimension":-1},{"camera0":[[0.9995599985122681,0.014251559972763062,0.026010483503341675,0.40158188343048096],[0.004011951386928558,-0.9338966608047485,0.35752034187316895,0.3290894329547882],[0.029386162757873535,-0.3572585880756378,-0.9335429072380066,1.3692516088485718]],"camera1":[[0.9995599985122681,0.014251559972763062,0.026010483503341675,0.40158188343048096],[0.004011951386928558,-0.9338966608047485,0.35752034187316895,0.3290894329547882],[0.029386162757873535,-0.3572585880756378,-0.9335429072380066,1.3692516088485718]],"full_resolution":[2064,2272],"relative_focal_length":[0.4356694221496582,0.4339345097541809],"screen_center":[0.6212562918663025,0.5965937376022339],"visualized_dimension":-1}]}
{"camera":{"aperture_size":0.0,"autofocus":false,"autofocus_depth":0.0,"autofocus_target":[0.5,0.5,0.5],"fov_axis":1,"matrix":[[0.8829475045204163,0.108267642557621,-0.45681679248809814,0.18132975697517395],[-3.725290298461914e-09,-0.9730448126792908,-0.23061595857143402,0.2025744467973709],[-0.4694715738296509,0.20362187922000885,-0.859147310256958,0.9002413153648376]],"relative_focal_length":[1.0,1.0],"scale":0.14864353835582733,"screen_center":[0.4996795654296875,0.49303287267684937],"zoom":1.0},"frame":14,"views":[{"camera0":[[0.998816192150116,0.02500753104686737,0.04171997308731079,0.38589614629745483],[0.00875389575958252,-0.9361278414726257,0.3515510559082031,0.33281391859054565],[0.047846466302871704,-0.35076946020126343,-0.9352384805679321,1.3650238513946533]],"camera1":[[0.998816192150116,0.02500753104686737,0.04171997308731079,0.38589614629745483],[0.00875389575958252,-0.9361278414726257,0.3515510559082031,0.33281391859054565],[0.047846466302871704,-0.35076946020126343,-0.9352384805679321,1.3650238513946533]],"full_resolution":[2064,2272],"relative_focal_length":[0.4356694221496582,0.4339345097541809],"screen_center":[0.3787437081336975,0.5965937376022339],"visualized_dimension":-1},{"camera0":[[0.998816192150116,0.02500753104686737,0.04171997308731079,0.3949113190174103],[0.00875389575958252,-0.9361278414726257,0.3515510559082031,0.33289292454719543],[0.047846466302871704,-0.35076946020126343,-0.9352384805679321,1.3654556274414063]],"camera1":[[0.998816192150116,0.02500753104686737,0.04171997308731079,0.3949113190174103],[0.00875389575958252,-0.9361278414726257,0.3515510559082031,0.33289292454719543],[0.047846466302871704,-0.35076946020126343,-0.9352384805679321,1.3654556274414063]],"full_resolution":[2064,2272],"relative_focal_length":[0.4356694221496582,0.4339345097541809],"screen_center":[0.6212562918663025,0.5965937376022339],"visualized_dimension":-1}]}
{"camera":{"aperture_size":0.0,"autofocus":false,"autofocus_depth":0.0,"autofocus_target":[0.5,0.5,0.5],"fov_axis":1,"matrix":[[0.8829475045204163,0.108267642557621,-0.45681679248809814,0.17844153940677643],[-3.725290298461914e-09,-0.9730448126792908,-0.23061595857143402,0.20304641127586365],[-0.4694715738296509,0.20362187922000885,-0.859147310256958,0.8994472026824951]],"relative_focal_length":[1.0,1.0],"scale":0.14864353835582733,"screen_center":[0.4996795654296875,0.49303287267684937],"zoom":1.0},"frame":15,"views":[{"camera0":[[0.9981182813644409,0.03700174391269684,0.0488932728767395,0.3793196678161621],[0.018026411533355713,-0.9392340779304504,0.34280359745025635,0.33424603939056396],[0.05860638618469238,-0.3412770628929138,-0.938133716583252,1.360846996307373]],"camera1":[[0.9981182813644409,0.03700174391269684,0.0488932728767395,0.3793196678161621],[0.018026411533355713,-0.9392340779304504,0.34280359745025635,0.33424603939056396],[0.05860638618469238,-0.3412770628929138,-0.938133716583252,1.360846996307373]],"full_resolution":[2064,2272],"relative_focal_length":[0.4356694221496582,0.4339345097541809],"screen_center":[0.3787437081336975,0.5965937376022339],"visualized_dimension":-1},{"camera0":[[0.9981182813644409,0.03700174391269684,0.0488932728767395,0.38832852244377136],[0.018026411533355713,-0.9392340779304504,0.34280359745025635,0.3344087302684784],[0.05860638618469238,-0.3412770628929138,-0.938133716583252,1.3613760471343994]],"camera1":[[0.9981182813644409,0.03700174391269684,0.0488932728767395,0.38832852244377136],[0.018026411533355713,-0.9392340779304504,0.34280359745025635,0.3344087302684784],[0.05860638618469238,-0.3412770628929138,-0.938133716583252,1.3613760471343994]],"full_resolution":[2064,2272],"relative_focal_length":[0.4356694221496582,0.4339345097541809],"screen_center":[0.6212562918663025,0.5965937376022339],"visualized_dimension":-1}]}
