{"camera":{"aperture_size":0.0,"autofocus":false,"autofocus_depth":0.0,"autofocus_target":[0.5,0.5,0.5],"fov_axis":1,"matrix":[[0.8829475045204163,0.108267642557621,-0.45681679248809814,-0.017788337543606758],[-3.725290298461914e-09,-0.9730448126792908,-0.23061595857143402,0.29842889308929443],[-0.4694715738296509,0.20362187922000885,-0.859147310256958,0.968357264995575]],"relative_focal_length":[1.0,1.0],"scale":0.14864353835582733,"screen_center":[0.4996795654296875,0.49303287267684937],"zoom":1.0},"frame":1,"views":[{"camera0":[[0.9429113864898682,0.08922255039215088,-0.3208695948123932,0.1581231653690338],[0.05586348474025726,-0.9921676516532898,-0.11172571778297424,0.37620216608047485],[-0.32832497358322144,0.0874226912856102,-0.9405102729797363,1.211246132850647]],"camera1":[[0.9429113864898682,0.08922255039215088,-0.3208695948123932,0.1581231653690338],[0.05586348474025726,-0.9921676516532898,-0.11172571778297424,0.37620216608047485],[-0.32832497358322144,0.0874226912856102,-0.9405102729797363,1.211246132850647]],"full_resolution":[2064,2272],"relative_focal_length":[0.4356694221496582,0.4339345097541809],"screen_center":[0.3787437081336975,0.5965937376022339],"visualized_dimension":-1},{"camera0":[[0.9429113864898682,0.08922255039215088,-0.3208695948123932,0.1666337251663208],[0.05586348474025726,-0.9921676516532898,-0.11172571778297424,0.37670639157295227],[-0.32832497358322144,0.0874226912856102,-0.9405102729797363,1.208282709121704]],"camera1":[[0.9429113864898682,0.08922255039215088,-0.3208695948123932,0.1666337251663208],[0.05586348474025726,-0.9921676516532898,-0.11172571778297424,0.37670639157295227],[-0.32832497358322144,0.0874226912856102,-0.9405102729797363,1.208282709121704]],"full_resolution":[2064,2272],"relative_focal_length":[0.4356694221496582,0.4339345097541809],"screen_center":[0.6212562918663025,0.5965937376022339],"visualized_dimension":-1}]}
{"camera":{"aperture_size":0.0,"autofocus":false,"autofocus_depth":0.0,"autofocus_target":[0.5,0.5,0.5],"fov_axis":1,"matrix":[[0.8829475045204163,0.108267642557621,-0.45681679248809814,-0.017788337543606758],[-3.725290298461914e-09,-0.9730448126792908,-0.23061595857143402,0.29842889308929443],[-0.4694715738296509,0.20362187922000885,-0.859147310256958,0.968357264995575]],"relative_focal_length":[1.0,1.0],"scale":0.14864353835582733,"screen_center":[0.4996795654296875,0.49303287267684937],"zoom":1.0},"frame":1,"views":[{"camera0":[[0.9508101344108582,0.07734544575214386,-0.29996246099472046,0.15874351561069489],[0.04806031286716461,-0.993434488773346,-0.10381758213043213,0.3761131167411804],[-0.3060230016708374,0.0842946469783783,-0.9482846260070801,1.210449457168579]],"camera1":[[0.9508101344108582,0.07734544575214386,-0.29996246099472046,0.15874351561069489],[0.04806031286716461,-0.993434488773346,-0.10381758213043213,0.3761131167411804],[-0.3060230016708374,0.0842946469783783,-0.9482846260070801,1.210449457168579]],"full_resolution":[2064,2272],"relative_focal_length":[0.4356694221496582,0.4339345097541809],"screen_center":[0.3787437081336975,0.5965937376022339],"visualized_dimension":-1},{"camera0":[[0.9508101344108582,0.07734544575214386,-0.29996246099472046,0.16732537746429443],[0.04806031286716461,-0.993434488773346,-0.10381758213043213,0.3765469193458557],[-0.3060230016708374,0.0842946469783783,-0.9482846260070801,1.207687258720398]],"camera1":[[0.9508101344108582,0.07734544575214386,-0.29996246099472046,0.16732537746429443],[0.04806031286716461,-0.993434488773346,-0.10381758213043213,0.3765469193458557],[-0.3060230016708374,0.0842946469783783,-0.9482846260070801,1.207687258720398]],"full_resolution":[2064,2272],"relative_focal_length":[0.4356694221496582,0.4339345097541809],"screen_center":[0.6212562918663025,0.5965937376022339],"visualized_dimension":-1}]}
{"camera":{"aperture_size":0.0,"autofocus":false,"autofocus_depth":0.0,"autofocus_target":[0.5,0.5,0.5],"fov_axis":1,"matrix":[[0.8829475045204163,0.108267642557621,-0.45681679248809814,-0.017788337543606758],[-3.725290298461914e-09,-0.9730448126792908,-0.23061595857143402,0.29842889308929443],[-0.4694715738296509,0.20362187922000885,-0.859147310256958,0.968357264995575]],"relative_focal_length":[1.0,1.0],"scale":0.14864353835582733,"screen_center":[0.4996795654296875,0.49303287267684937],"zoom":1.0},"frame":2,"views":[{"camera0":[[0.9623879194259644,0.0692247599363327,-0.2627111077308655,0.1599220186471939],[0.044314853847026825,-0.9940409660339355,-0.09959277510643005,0.37582463026046753],[-0.2680400311946869,0.08420499414205551,-0.9597206115722656,1.2087407112121582]],"camera1":[[0.9623879194259644,0.0692247599363327,-0.2627111077308655,0.1599220186471939],[0.044314853847026825,-0.9940409660339355,-0.09959277510643005,0.37582463026046753],[-0.2680400311946869,0.08420499414205551,-0.9597206115722656,1.2087407112121582]],"full_resolution":[2064,2272],"relative_focal_length":[0.4356694221496582,0.4339345097541809],"screen_center":[0.3787437081336975,0.5965937376022339],"visualized_dimension":-1},{"camera0":[[0.9623879194259644,0.0692247599363327,-0.2627111077308655,0.16860836744308472],[0.044314853847026825,-0.9940409660339355,-0.09959277510643005,0.3762246072292328],[-0.2680400311946869,0.08420499414205551,-0.9597206115722656,1.206321358680725]],"camera1":[[0.9623879194259644,0.0692247599363327,-0.2627111077308655,0.16860836744308472],[0.044314853847026825,-0.9940409660339355,-0.09959277510643005,0.3762246072292328],[-0.2680400311946869,0.08420499414205551,-0.9597206115722656,1.206321358680725]],"full_resolution":[2064,2272],"relative_focal_length":[0.4356694221496582,0.4339345097541809],"screen_center":[0.6212562918663025,0.5965937376022339],"visualized_dimension":-1}]}
{"camera":{"aperture_size":0.0,"autofocus":false,"autofocus_depth":0.0,"autofocus_target":[0.5,0.5,0.5],"fov_axis":1,"matrix":[[0.8829475045204163,0.108267642557621,-0.45681679248809814,-0.017788337543606758],[-3.725290298461914e-09,-0.9730448126792908,-0.23061595857143402,0.29842889308929443],[-0.4694715738296509,0.20362187922000885,-0.859147310256958,0.968357264995575]],"relative_focal_length":[1.0,1.0],"scale":0.14864353835582733,"screen_center":[0.4996795654296875,0.49303287267684937],"zoom":1.0},"frame":3,"views":[{"camera0":[[0.9662315845489502,0.07064030319452286,-0.24780289828777313,0.16014403104782104],[0.04949044808745384,-0.9946594834327698,-0.09057112038135529,0.3757997155189514],[-0.2528776228427887,0.07524890452623367,-0.9645673036575317,1.2079304456710815]],"camera1":[[0.9662315845489502,0.07064030319452286,-0.24780289828777313,0.16014403104782104],[0.04949044808745384,-0.9946594834327698,-0.09057112038135529,0.3757997155189514],[-0.2528776228427887,0.07524890452623367,-0.9645673036575317,1.2079304456710815]],"full_resolution":[2064,2272],"relative_focal_length":[0.4356694221496582,0.4339345097541809],"screen_center":[0.3787437081336975,0.5965937376022339],"visualized_dimension":-1},{"camera0":[[0.9662315845489502,0.07064030319452286,-0.24780289828777313,0.16886506974697113],[0.04949044808745384,-0.9946594834327698,-0.09057112038135529,0.3762463927268982],[-0.2528776228427887,0.07524890452623367,-0.9645673036575317,1.2056479454040527]],"camera1":[[0.9662315845489502,0.07064030319452286,-0.24780289828777313,0.16886506974697113],[0.04949044808745384,-0.9946594834327698,-0.09057112038135529,0.3762463927268982],[-0.2528776228427887,0.07524890452623367,-0.9645673036575317,1.2056479454040527]],"full_resolution":[2064,2272],"relative_focal_length":[0.4356694221496582,0.4339345097541809],"screen_center":[0.6212562918663025,0.5965937376022339],"visualized_dimension":-1}]}
{"camera":{"aperture_size":0.0,"autofocus":false,"autofocus_depth":0.0,"autofocus_target":[0.5,0.5,0.5],"fov_axis":1,"matrix":[[0.8829475045204163,0.108267642557621,-0.45681679248809814,-0.017788337543606758],[-3.725290298461914e-09,-0.9730448126792908,-0.23061595857143402,0.29842889308929443],[-0.4694715738296509,0.20362187922000885,-0.859147310256958,0.968357264995575]],"relative_focal_length":[1.0,1.0],"scale":0.14864353835582733,"screen_center":[0.4996795654296875,0.49303287267684937],"zoom":1.0},"frame":4,"views":[{"camera0":[[0.9768497943878174,0.058901868760585785,-0.20565709471702576,0.16088204085826874],[0.04168163612484932,-0.9953282475471497,-0.08708663284778595,0.3755089342594147],[-0.2098260521888733,0.07649853825569153,-0.9747412204742432,1.2055771350860596]],"camera1":[[0.9768497943878174,0.058901868760585785,-0.20565709471702576,0.16088204085826874],[0.04168163612484932,-0.9953282475471497,-0.08708663284778595,0.3755089342594147],[-0.2098260521888733,0.07649853825569153,-0.9747412204742432,1.2055771350860596]],"full_resolution":[2064,2272],"relative_focal_length":[0.4356694221496582,0.4339345097541809],"screen_center":[0.3787437081336975,0.5965937376022339],"visualized_dimension":-1},{"camera0":[[0.9768497943878174,0.058901868760585785,-0.20565709471702576,0.16969890892505646],[0.04168163612484932,-0.9953282475471497,-0.08708663284778595,0.37588512897491455],[-0.2098260521888733,0.07649853825569153,-0.9747412204742432,1.2036832571029663]],"camera1":[[0.9768497943878174,0.058901868760585785,-0.20565709471702576,0.16969890892505646],[0.04168163612484932,-0.9953282475471497,-0.08708663284778595,0.37588512897491455],[-0.2098260521888733,0.07649853825569153,-0.9747412204742432,1.2036832571029663]],"full_resolution":[2064,2272],"relative_focal_length":[0.4356694221496582,0.4339345097541809],"screen_center":[0.6212562918663025,0.5965937376022339],"visualized_dimension":-1}]}
{"camera":{"aperture_size":0.0,"autofocus":false,"autofocus_depth":0.0,"autofocus_target":[0.5,0.5,0.5],"fov_axis":1,"matrix":[[0.8829475045204163,0.108267642557621,-0.45681679248809814,-0.017788337543606758],[-3.725290298461914e-09,-0.9730448126792908,-0.23061595857143402,0.29842889308929443],[-0.4694715738296509,0.20362187922000885,-0.859147310256958,0.968357264995575]],"relative_focal_length":[1.0,1.0],"scale":0.14864353835582733,"screen_center":[0.4996795654296875,0.49303287267684937],"zoom":1.0},"frame":5,"views":[{"camera0":[[0.9784033298492432,0.05584467947483063,-0.19901779294013977,0.1605161428451538],[0.04011521488428116,-0.9958071708679199,-0.08221200108528137,0.3754430413246155],[-0.20277459919452667,0.07245297729969025,-0.9765411019325256,1.2048097848892212]],"camera1":[[0.9784033298492432,0.05584467947483063,-0.19901779294013977,0.1605161428451538],[0.04011521488428116,-0.9958071708679199,-0.08221200108528137,0.3754430413246155],[-0.20277459919452667,0.07245297729969025,-0.9765411019325256,1.2048097848892212]],"full_resolution":[2064,2272],"relative_focal_length":[0.4356694221496582,0.4339345097541809],"screen_center":[0.3787437081336975,0.5965937376022339],"visualized_dimension":-1},{"camera0":[[0.9784033298492432,0.05584467947483063,-0.19901779294013977,0.16934704780578613],[0.04011521488428116,-0.9958071708679199,-0.08221200108528137,0.3758051097393036],[-0.20277459919452667,0.07245297729969025,-0.9765411019325256,1.202979564666748]],"camera1":[[0.9784033298492432,0.05584467947483063,-0.19901779294013977,0.16934704780578613],[0.04011521488428116,-0.9958071708679199,-0.08221200108528137,0.3758051097393036],[-0.20277459919452667,0.07245297729969025,-0.9765411019325256,1.202979564666748]],"full_resolution":[2064,2272],"relative_focal_length":[0.4356694221496582,0.4339345097541809],"screen_center":[0.6212562918663025,0.5965937376022339],"visualized_dimension":-1}]}
{"camera":{"aperture_size":0.0,"autofocus":false,"autofocus_depth":0.0,"autofocus_target":[0.5,0.5,0.5],"fov_axis":1,"matrix":[[0.8829475045204163,0.108267642557621,-0.45681679248809814,-0.017788337543606758],[-3.725290298461914e-09,-0.9730448126792908,-0.23061595857143402,0.29842889308929443],[-0.4694715738296509,0.20362187922000885,-0.859147310256958,0.968357264995575]],"relative_focal_length":[1.0,1.0],"scale":0.14864353835582733,"screen_center":[0.4996795654296875,0.49303287267684937],"zoom":1.0},"frame":5,"views":[{"camera0":[[0.9825650453567505,0.049899592995643616,-0.17909714579582214,0.16021957993507385],[0.03579546511173248,-0.9960598349571228,-0.08113805949687958,0.37513047456741333],[-0.1824403703212738,0.0733126550912857,-0.9804796576499939,1.2032939195632935]],"camera1":[[0.9825650453567505,0.049899592995643616,-0.17909714579582214,0.16021957993507385],[0.03579546511173248,-0.9960598349571228,-0.08113805949687958,0.37513047456741333],[-0.1824403703212738,0.0733126550912857,-0.9804796576499939,1.2032939195632935]],"full_resolution":[2064,2272],"relative_focal_length":[0.4356694221496582,0.4339345097541809],"screen_center":[0.3787437081336975,0.5965937376022339],"visualized_dimension":-1},{"camera0":[[0.9825650453567505,0.049899592995643616,-0.17909714579582214,0.16908808052539825],[0.03579546511173248,-0.9960598349571228,-0.08113805949687958,0.37545356154441833],[-0.1824403703212738,0.0733126550912857,-0.9804796576499939,1.2016472816467285]],"camera1":[[0.9825650453567505,0.049899592995643616,-0.17909714579582214,0.16908808052539825],[0.03579546511173248,-0.9960598349571228,-0.08113805949687958,0.37545356154441833],[-0.1824403703212738,0.0733126550912857,-0.9804796576499939,1.2016472816467285]],"full_resolution":[2064,2272],"relative_focal_length":[0.4356694221496582,0.4339345097541809],"screen_center":[0.6212562918663025,0.5965937376022339],"visualized_dimension":-1}]}
{"camera":{"aperture_size":0.0,"autofocus":false,"autofocus_depth":0.0,"autofocus_target":[0.5,0.5,0.5],"fov_axis":1,"matrix":[[0.8829475045204163,0.108267642557621,-0.45681679248809814,-0.017788337543606758],[-3.725290298461914e-09,-0.9730448126792908,-0.23061595857143402,0.29842889308929443],[-0.4694715738296509,0.20362187922000885,-0.859147310256958,0.968357264995575]],"relative_focal_length":[1.0,1.0],"scale":0.14864353835582733,"screen_center":[0.4996795654296875,0.49303287267684937],"zoom":1.0},"frame":6,"views":[{"camera0":[[0.9830474853515625,0.04963906854391098,-0.1765027940273285,0.15969617664813995],[0.03582332655787468,-0.9961010813713074,-0.08061885833740234,0.3748413324356079],[-0.17981663346290588,0.07292938232421875,-0.9809927940368652,1.2025444507598877]],"camera1":[[0.9830474853515625,0.04963906854391098,-0.1765027940273285,0.15969617664813995],[0.03582332655787468,-0.9961010813713074,-0.08061885833740234,0.3748413324356079],[-0.17981663346290588,0.07292938232421875,-0.9809927940368652,1.2025444507598877]],"full_resolution":[2064,2272],"relative_focal_length":[0.4356694221496582,0.4339345097541809],"screen_center":[0.3787437081336975,0.5965937376022339],"visualized_dimension":-1},{"camera0":[[0.9830474853515625,0.04963906854391098,-0.1765027940273285,0.16856901347637177],[0.03582332655787468,-0.9961010813713074,-0.08061885833740234,0.3751646876335144],[-0.17981663346290588,0.07292938232421875,-0.9809927940368652,1.2009214162826538]],"camera1":[[0.9830474853515625,0.04963906854391098,-0.1765027940273285,0.16856901347637177],[0.03582332655787468,-0.9961010813713074,-0.08061885833740234,0.3751646876335144],[-0.17981663346290588,0.07292938232421875,-0.9809927940368652,1.2009214162826538]],"full_resolution":[2064,2272],"relative_focal_length":[0.4356694221496582,0.4339345097541809],"screen_center":[0.6212562918663025,0.5965937376022339],"visualized_dimension":-1}]}
{"camera":{"aperture_size":0.0,"autofocus":false,"autofocus_depth":0.0,"autofocus_target":[0.5,0.5,0.5],"fov_axis":1,"matrix":[[0.8829475045204163,0.108267642557621,-0.45681679248809814,-0.02000124566257],[-3.725290298461914e-09,-0.9730448126792908,-0.23061595857143402,0.30143752694129944],[-0.4694715738296509,0.20362187922000885,-0.859147310256958,0.9684815406799316]],"relative_focal_length":[1.0,1.0],"scale":0.14864353835582733,"screen_center":[0.4996795654296875,0.49303287267684937],"zoom":1.0},"frame":7,"views":[{"camera0":[[0.985521674156189,0.044978462159633636,-0.16347387433052063,0.15873435139656067],[0.032387591898441315,-0.9963573217391968,-0.07888665795326233,0.37431055307388306],[-0.16642674803733826,0.07245013117790222,-0.983388364315033,1.2010968923568726]],"camera1":[[0.985521674156189,0.044978462159633636,-0.16347387433052063,0.15873435139656067],[0.032387591898441315,-0.9963573217391968,-0.07888665795326233,0.37431055307388306],[-0.16642674803733826,0.07245013117790222,-0.983388364315033,1.2010968923568726]],"full_resolution":[2064,2272],"relative_focal_length":[0.4356694221496582,0.4339345097541809],"screen_center":[0.3787437081336975,0.5965937376022339],"visualized_dimension":-1},{"camera0":[[0.985521674156189,0.044978462159633636,-0.16347387433052063,0.16762951016426086],[0.032387591898441315,-0.9963573217391968,-0.07888665795326233,0.37460288405418396],[-0.16642674803733826,0.07245013117790222,-0.983388364315033,1.1995947360992432]],"camera1":[[0.985521674156189,0.044978462159633636,-0.16347387433052063,0.16762951016426086],[0.032387591898441315,-0.9963573217391968,-0.07888665795326233,0.37460288405418396],[-0.16642674803733826,0.07245013117790222,-0.983388364315033,1.1995947360992432]],"full_resolution":[2064,2272],"relative_focal_length":[0.4356694221496582,0.4339345097541809],"screen_center":[0.6212562918663025,0.5965937376022339],"visualized_dimension":-1}]}
{"camera":{"aperture_size":0.0,"autofocus":false,"autofocus_depth":0.0,"autofocus_target":[0.5,0.5,0.5],"fov_axis":1,"matrix":[[0.8829475045204163,0.108267642557621,-0.45681679248809814,-0.023098036646842957],[-3.725290298461914e-09,-0.9730448126792908,-0.23061595857143402,0.3042885959148407],[-0.4694715738296509,0.20362187922000885,-0.859147310256958,0.9686343669891357]],"relative_focal_length":[1.0,1.0],"scale":0.14864353835582733,"screen_center":[0.4996795654296875,0.49303287267684937],"zoom":1.0},"frame":8,"views":[{"camera0":[[0.9877659678459167,0.045658111572265625,-0.14910918474197388,0.1553560346364975],[0.03404662385582924,-0.9962518215179443,-0.0795179009437561,0.3768080174922943],[-0.15218111872673035,0.07346852123737335,-0.985617995262146,1.1997451782226563]],"camera1":[[0.9877659678459167,0.045658111572265625,-0.14910918474197388,0.1553560346364975],[0.03404662385582924,-0.9962518215179443,-0.0795179009437561,0.3768080174922943],[-0.15218111872673035,0.07346852123737335,-0.985617995262146,1.1997451782226563]],"full_resolution":[2064,2272],"relative_focal_length":[0.4356694221496582,0.4339345097541809],"screen_center":[0.3787437081336975,0.5965937376022339],"visualized_dimension":-1},{"camera0":[[0.9877659678459167,0.045658111572265625,-0.14910918474197388,0.16427144408226013],[0.03404662385582924,-0.9962518215179443,-0.0795179009437561,0.3771153390407562],[-0.15218111872673035,0.07346852123737335,-0.985617995262146,1.1983715295791626]],"camera1":[[0.9877659678459167,0.045658111572265625,-0.14910918474197388,0.16427144408226013],[0.03404662385582924,-0.9962518215179443,-0.0795179009437561,0.3771153390407562],[-0.15218111872673035,0.07346852123737335,-0.985617995262146,1.1983715295791626]],"full_resolution":[2064,2272],"relative_focal_length":[0.4356694221496582,0.4339345097541809],"screen_center":[0.6212562918663025,0.5965937376022339],"visualized_dimension":-1}]}
{"camera":{"aperture_size":0.0,"autofocus":false,"autofocus_depth":0.0,"autofocus_target":[0.5,0.5,0.5],"fov_axis":1,"matrix":[[0.8829475045204163,0.108267642557621,-0.45681679248809814,-0.025703061372041702],[-3.725290298461914e-09,-0.9730448126792908,-0.23061595857143402,0.3055640459060669],[-0.4694715738296509,0.20362187922000885,-0.859147310256958,0.9684962630271912]],"relative_focal_length":[1.0,1.0],"scale":0.14864353835582733,"screen_center":[0.4996795654296875,0.49303287267684937],"zoom":1.0},"frame":8,"views":[{"camera0":[[0.989039421081543,0.04771232604980469,-0.13972985744476318,0.151435986161232],[0.03673884645104408,-0.9961105585098267,-0.08008712530136108,0.37937650084495544],[-0.14300772547721863,0.07407592982053757,-0.986945390701294,1.1991480588912964]],"camera1":[[0.989039421081543,0.04771232604980469,-0.13972985744476318,0.151435986161232],[0.03673884645104408,-0.9961105585098267,-0.08008712530136108,0.37937650084495544],[-0.14300772547721863,0.07407592982053757,-0.986945390701294,1.1991480588912964]],"full_resolution":[2064,2272],"relative_focal_length":[0.4356694221496582,0.4339345097541809],"screen_center":[0.3787437081336975,0.5965937376022339],"visualized_dimension":-1},{"camera0":[[0.989039421081543,0.04771232604980469,-0.13972985744476318,0.16036289930343628],[0.03673884645104408,-0.9961105585098267,-0.08008712530136108,0.37970811128616333],[-0.14300772547721863,0.07407592982053757,-0.986945390701294,1.1978572607040405]],"camera1":[[0.989039421081543,0.04771232604980469,-0.13972985744476318,0.16036289930343628],[0.03673884645104408,-0.9961105585098267,-0.08008712530136108,0.37970811128616333],[-0.14300772547721863,0.07407592982053757,-0.986945390701294,1.1978572607040405]],"full_resolution":[2064,2272],"relative_focal_length":[0.4356694221496582,0.4339345097541809],"screen_center":[0.6212562918663025,0.5965937376022339],"visualized_dimension":-1}]}
{"camera":{"aperture_size":0.0,"autofocus":false,"autofocus_depth":0.0,"autofocus_target":[0.5,0.5,0.5],"fov_axis":1,"matrix":[[0.8829475045204163,0.108267642557621,-0.45681679248809814,-0.028918301686644554],[-3.725290298461914e-09,-0.9730448126792908,-0.23061595857143402,0.3066444396972656],[-0.4694715738296509,0.20362187922000885,-0.859147310256958,0.9678804278373718]],"relative_focal_length":[1.0,1.0],"scale":0.14864353835582733,"screen_center":[0.4996795654296875,0.49303287267684937],"zoom":1.0},"frame":8,"views":[{"camera0":[[0.9902030229568481,0.05622876435518265,-0.12781280279159546,0.14791350066661835],[0.04583444446325302,-0.9955064654350281,-0.08286085724830627,0.3802907466888428],[-0.13189777731895447,0.07619094848632813,-0.988330602645874,1.1982753276824951]],"camera1":[[0.9902030229568481,0.05622876435518265,-0.12781280279159546,0.14791350066661835],[0.04583444446325302,-0.9955064654350281,-0.08286085724830627,0.3802907466888428],[-0.13189777731895447,0.07619094848632813,-0.988330602645874,1.1982753276824951]],"full_resolution":[2064,2272],"relative_focal_length":[0.4356694221496582,0.4339345097541809],"screen_center":[0.3787437081336975,0.5965937376022339],"visualized_dimension":-1},{"camera0":[[0.9902030229568481,0.05622876435518265,-0.12781280279159546,0.1568509340286255],[0.04583444446325302,-0.9955064654350281,-0.08286085724830627,0.38070443272590637],[-0.13189777731895447,0.07619094848632813,-0.988330602645874,1.197084903717041]],"camera1":[[0.9902030229568481,0.05622876435518265,-0.12781280279159546,0.1568509340286255],[0.04583444446325302,-0.9955064654350281,-0.08286085724830627,0.38070443272590637],[-0.13189777731895447,0.07619094848632813,-0.988330602645874,1.197084903717041]],"full_resolution":[2064,2272],"relative_focal_length":[0.4356694221496582,0.4339345097541809],"screen_center":[0.6212562918663025,0.5965937376022339],"visualized_dimension":-1}]}
{"camera":{"aperture_size":0.0,"autofocus":false,"autofocus_depth":0.0,"autofocus_target":[0.5,0.5,0.5],"fov_axis":1,"matrix":[[0.8829475045204163,0.108267642557621,-0.45681679248809814,-0.03185015544295311],[-3.725290298461914e-09,-0.9730448126792908,-0.23061595857143402,0.30767035484313965],[-0.4694715738296509,0.20362187922000885,-0.859147310256958,0.967044472694397]],"relative_focal_length":[1.0,1.0],"scale":0.14864353835582733,"screen_center":[0.4996795654296875,0.49303287267684937],"zoom":1.0},"frame":9,"views":[{"camera0":[[0.9914107322692871,0.06316055357456207,-0.11452209949493408,0.14375899732112885],[0.053795382380485535,-0.9950879812240601,-0.08310166001319885,0.3810749351978302],[-0.119208425283432,0.07622722536325455,-0.989938497543335,1.1968941688537598]],"camera1":[[0.9914107322692871,0.06316055357456207,-0.11452209949493408,0.14375899732112885],[0.053795382380485535,-0.9950879812240601,-0.08310166001319885,0.3810749351978302],[-0.119208425283432,0.07622722536325455,-0.989938497543335,1.1968941688537598]],"full_resolution":[2064,2272],"relative_focal_length":[0.4356694221496582,0.4339345097541809],"screen_center":[0.3787437081336975,0.5965937376022339],"visualized_dimension":-1},{"camera0":[[0.9914107322692871,0.06316055357456207,-0.11452209949493408,0.1527073085308075],[0.053795382380485535,-0.9950879812240601,-0.08310166001319885,0.38156047463417053],[-0.119208425283432,0.07622722536325455,-0.989938497543335,1.1958181858062744]],"camera1":[[0.9914107322692871,0.06316055357456207,-0.11452209949493408,0.1527073085308075],[0.053795382380485535,-0.9950879812240601,-0.08310166001319885,0.38156047463417053],[-0.119208425283432,0.07622722536325455,-0.989938497543335,1.1958181858062744]],"full_resolution":[2064,2272],"relative_focal_length":[0.4356694221496582,0.4339345097541809],"screen_center":[0.6212562918663025,0.5965937376022339],"visualized_dimension":-1}]}
{"camera":{"aperture_size":0.0,"autofocus":false,"autofocus_depth":0.0,"autofocus_target":[0.5,0.5,0.5],"fov_axis":1,"matrix":[[0.8829475045204163,0.108267642557621,-0.45681679248809814,-0.034965384751558304],[-3.725290298461914e-09,-0.9730448126792908,-0.23061595857143402,0.30874451994895935],[-0.4694715738296509,0.20362187922000885,-0.859147310256958,0.9658766984939575]],"relative_focal_length":[1.0,1.0],"scale":0.14864353835582733,"screen_center":[0.4996795654296875,0.49303287267684937],"zoom":1.0},"frame":9,"views":[{"camera0":[[0.9925571084022522,0.07030661404132843,-0.099434494972229,0.13981537520885468],[0.0626700296998024,-0.9949858784675598,-0.07794572412967682,0.38182368874549866],[-0.10441622138023376,0.07113412022590637,-0.9919862747192383,1.1952147483825684]],"camera1":[[0.9925571084022522,0.07030661404132843,-0.099434494972229,0.13981537520885468],[0.0626700296998024,-0.9949858784675598,-0.07794572412967682,0.38182368874549866],[-0.10441622138023376,0.07113412022590637,-0.9919862747192383,1.1952147483825684]],"full_resolution":[2064,2272],"relative_focal_length":[0.4356694221496582,0.4339345097541809],"screen_center":[0.3787437081336975,0.5965937376022339],"visualized_dimension":-1},{"camera0":[[0.9925571084022522,0.07030661404132843,-0.099434494972229,0.14877405762672424],[0.0626700296998024,-0.9949858784675598,-0.07794572412967682,0.3823893368244171],[-0.10441622138023376,0.07113412022590637,-0.9919862747192383,1.1942723989486694]],"camera1":[[0.9925571084022522,0.07030661404132843,-0.099434494972229,0.14877405762672424],[0.0626700296998024,-0.9949858784675598,-0.07794572412967682,0.3823893368244171],[-0.10441622138023376,0.07113412022590637,-0.9919862747192383,1.1942723989486694]],"full_resolution":[2064,2272],"relative_focal_length":[0.4356694221496582,0.4339345097541809],"screen_center":[0.6212562918663025,0.5965937376022339],"visualized_dimension":-1}]}
{"camera":{"aperture_size":0.0,"autofocus":false,"autofocus_depth":0.0,"autofocus_target":[0.5,0.5,0.5],"fov_axis":1,"matrix":[[0.8829475045204163,0.108267642557621,-0.45681679248809814,-0.03794588893651962],[-3.725290298461914e-09,-0.9730448126792908,-0.23061595857143402,0.30990803241729736],[-0.4694715738296509,0.20362187922000885,-0.859147310256958,0.9645895957946777]],"relative_focal_length":[1.0,1.0],"scale":0.14864353835582733,"screen_center":[0.4996795654296875,0.49303287267684937],"zoom":1.0},"frame":9,"views":[{"camera0":[[0.9938868284225464,0.0751400738954544,-0.08088701963424683,0.13564381003379822],[0.0694904774427414,-0.9950860738754272,-0.07053215801715851,0.3825691044330597],[-0.0857895016670227,0.06448020786046982,-0.9942243695259094,1.193198323249817]],"camera1":[[0.9938868284225464,0.0751400738954544,-0.08088701963424683,0.13564381003379822],[0.0694904774427414,-0.9950860738754272,-0.07053215801715851,0.3825691044330597],[-0.0857895016670227,0.06448020786046982,-0.9942243695259094,1.193198323249817]],"full_resolution":[2064,2272],"relative_focal_length":[0.4356694221496582,0.4339345097541809],"screen_center":[0.3787437081336975,0.5965937376022339],"visualized_dimension":-1},{"camera0":[[0.9938868284225464,0.0751400738954544,-0.08088701963424683,0.14461448788642883],[0.0694904774427414,-0.9950860738754272,-0.07053215801715851,0.38319632411003113],[-0.0857895016670227,0.06448020786046982,-0.9942243695259094,1.1924240589141846]],"camera1":[[0.9938868284225464,0.0751400738954544,-0.08088701963424683,0.14461448788642883],[0.0694904774427414,-0.9950860738754272,-0.07053215801715851,0.38319632411003113],[-0.0857895016670227,0.06448020786046982,-0.9942243695259094,1.1924240589141846]],"full_resolution":[2064,2272],"relative_focal_length":[0.4356694221496582,0.4339345097541809],"screen_center":[0.6212562918663025,0.5965937376022339],"visualized_dimension":-1}]}
{"camera":{"aperture_size":0.0,"autofocus":false,"autofocus_depth":0.0,"autofocus_target":[0.5,0.5,0.5],"fov_axis":1,"matrix":[[0.8829475045204163,0.108267642557621,-0.45681679248809814,-0.040694352239370346],[-3.725290298461914e-09,-0.9730448126792908,-0.23061595857143402,0.31094324588775635],[-0.4694715738296509,0.20362187922000885,-0.859147310256958,0.9630109071731567]],"relative_focal_length":[1.0,1.0],"scale":0.14864353835582733,"screen_center":[0.4996795654296875,0.49303287267684937],"zoom":1.0},"frame":10,"views":[{"camera0":[[0.9952800273895264,0.07575889676809311,-0.06064653396606445,0.1316213309764862],[0.07204089313745499,-0.9955154657363892,-0.06131023168563843,0.3833540380001068],[-0.06501957774162292,0.056651920080184937,-0.9962743520736694,1.1910481452941895]],"camera1":[[0.9952800273895264,0.07575889676809311,-0.06064653396606445,0.1316213309764862],[0.07204089313745499,-0.9955154657363892,-0.06131023168563843,0.3833540380001068],[-0.06501957774162292,0.056651920080184937,-0.9962743520736694,1.1910481452941895]],"full_resolution":[2064,2272],"relative_focal_length":[0.4356694221496582,0.4339345097541809],"screen_center":[0.3787437081336975,0.5965937376022339],"visualized_dimension":-1},{"camera0":[[0.9952800273895264,0.07575889676809311,-0.06064653396606445,0.14060458540916443],[0.07204089313745499,-0.9955154657363892,-0.06131023168563843,0.38400426506996155],[-0.06501957774162292,0.056651920080184937,-0.9962743520736694,1.1904613971710205]],"camera1":[[0.9952800273895264,0.07575889676809311,-0.06064653396606445,0.14060458540916443],[0.07204089313745499,-0.9955154657363892,-0.06131023168563843,0.38400426506996155],[-0.06501957774162292,0.056651920080184937,-0.9962743520736694,1.1904613971710205]],"full_resolution":[2064,2272],"relative_focal_length":[0.4356694221496582,0.4339345097541809],"screen_center":[0.6212562918663025,0.5965937376022339],"visualized_dimension":-1}]}
{"camera":{"aperture_size":0.0,"autofocus":false,"autofocus_depth":0.0,"autofocus_target":[0.5,0.5,0.5],"fov_axis":1,"matrix":[[0.8829475045204163,0.108267642557621,-0.45681679248809814,-0.04281923547387123],[-3.725290298461914e-09,-0.9730448126792908,-0.23061595857143402,0.31140178442001343],[-0.4694715738296509,0.20362187922000885,-0.859147310256958,0.9609881043434143]],"relative_focal_length":[1.0,1.0],"scale":0.14864353835582733,"screen_center":[0.4996795654296875,0.49303287267684937],"zoom":1.0},"frame":10,"views":[{"camera0":[[0.9966576099395752,0.07616503536701202,-0.029533028602600098,0.12769566476345062],[0.07437954843044281,-0.9955733418464661,-0.05745771527290344,0.384052038192749],[-0.033778756856918335,0.05506913363933563,-0.9979107975959778,1.188483715057373]],"camera1":[[0.9966576099395752,0.07616503536701202,-0.029533028602600098,0.12769566476345062],[0.07437954843044281,-0.9955733418464661,-0.05745771527290344,0.384052038192749],[-0.033778756856918335,0.05506913363933563,-0.9979107975959778,1.188483715057373]],"full_resolution":[2064,2272],"relative_focal_length":[0.4356694221496582,0.4339345097541809],"screen_center":[0.3787437081336975,0.5965937376022339],"visualized_dimension":-1},{"camera0":[[0.9966576099395752,0.07616503536701202,-0.029533028602600098,0.13669133186340332],[0.07437954843044281,-0.9955733418464661,-0.05745771527290344,0.38472339510917664],[-0.033778756856918335,0.05506913363933563,-0.9979107975959778,1.1881787776947021]],"camera1":[[0.9966576099395752,0.07616503536701202,-0.029533028602600098,0.13669133186340332],[0.07437954843044281,-0.9955733418464661,-0.05745771527290344,0.38472339510917664],[-0.033778756856918335,0.05506913363933563,-0.9979107975959778,1.1881787776947021]],"full_resolution":[2064,2272],"relative_focal_length":[0.4356694221496582,0.4339345097541809],"screen_center":[0.6212562918663025,0.5965937376022339],"visualized_dimension":-1}]}
{"camera":{"aperture_size":0.0,"autofocus":false,"autofocus_depth":0.0,"autofocus_target":[0.5,0.5,0.5],"fov_axis":1,"matrix":[[0.8829475045204163,0.108267642557621,-0.45681679248809814,-0.04705019295215607],[-3.725290298461914e-09,-0.9730448126792908,-0.23061595857143402,0.31227874755859375],[-0.4694715738296509,0.20362187922000885,-0.859147310256958,0.9586231112480164]],"relative_focal_length":[1.0,1.0],"scale":0.14864353835582733,"screen_center":[0.4996795654296875,0.49303287267684937],"zoom":1.0},"frame":11,"views":[{"camera0":[[0.9968379735946655,0.07513520866632462,0.02585703134536743,0.12340031564235687],[0.07644575834274292,-0.9956044554710388,-0.05410917103290558,0.38421326875686646],[0.02167770266532898,0.05591483414173126,-0.998199999332428,1.1844052076339722]],"camera1":[[0.9968379735946655,0.07513520866632462,0.02585703134536743,0.12340031564235687],[0.07644575834274292,-0.9956044554710388,-0.05410917103290558,0.38421326875686646],[0.02167770266532898,0.05591483414173126,-0.998199999332428,1.1844052076339722]],"full_resolution":[2064,2272],"relative_focal_length":[0.4356694221496582,0.4339345097541809],"screen_center":[0.3787437081336975,0.5965937376022339],"visualized_dimension":-1},{"camera0":[[0.9968379735946655,0.07513520866632462,0.02585703134536743,0.1323976069688797],[0.07644575834274292,-0.9956044554710388,-0.05410917103290558,0.3849032521247864],[0.02167770266532898,0.05591483414173126,-0.998199999332428,1.184600830078125]],"camera1":[[0.9968379735946655,0.07513520866632462,0.02585703134536743,0.1323976069688797],[0.07644575834274292,-0.9956044554710388,-0.05410917103290558,0.3849032521247864],[0.02167770266532898,0.05591483414173126,-0.998199999332428,1.184600830078125]],"full_resolution":[2064,2272],"relative_focal_length":[0.4356694221496582,0.4339345097541809],"screen_center":[0.6212562918663025,0.5965937376022339],"visualized_dimension":-1}]}
{"camera":{"aperture_size":0.0,"autofocus":false,"autofocus_depth":0.0,"autofocus_target":[0.5,0.5,0.5],"fov_axis":1,"matrix":[[0.8829475045204163,0.108267642557621,-0.45681679248809814,-0.04880010709166527],[-3.725290298461914e-09,-0.9730448126792908,-0.23061595857143402,0.31167978048324585],[-0.4694715738296509,0.20362187922000885,-0.859147310256958,0.9575474262237549]],"relative_focal_length":[1.0,1.0],"scale":0.14864353835582733,"screen_center":[0.4996795654296875,0.49303287267684937],"zoom":1.0},"frame":11,"views":[{"camera0":[[0.994876503944397,0.079136423766613,0.06291258335113525,0.11798754334449768],[0.08138653635978699,-0.9961010813713074,-0.03404277563095093,0.3846008777618408],[0.059973061084747314,0.038988709449768066,-0.9974380731582642,1.1811316013336182]],"camera1":[[0.994876503944397,0.079136423766613,0.06291258335113525,0.11798754334449768],[0.08138653635978699,-0.9961010813713074,-0.03404277563095093,0.3846008777618408],[0.059973061084747314,0.038988709449768066,-0.9974380731582642,1.1811316013336182]],"full_resolution":[2064,2272],"relative_focal_length":[0.4356694221496582,0.4339345097541809],"screen_center":[0.3787437081336975,0.5965937376022339],"visualized_dimension":-1},{"camera0":[[0.994876503944397,0.079136423766613,0.06291258335113525,0.1269671618938446],[0.08138653635978699,-0.9961010813713074,-0.03404277563095093,0.3853354752063751],[0.059973061084747314,0.038988709449768066,-0.9974380731582642,1.1816729307174683]],"camera1":[[0.994876503944397,0.079136423766613,0.06291258335113525,0.1269671618938446],[0.08138653635978699,-0.9961010813713074,-0.03404277563095093,0.3853354752063751],[0.059973061084747314,0.038988709449768066,-0.9974380731582642,1.1816729307174683]],"full_resolution":[2064,2272],"relative_focal_length":[0.4356694221496582,0.4339345097541809],"screen_center":[0.6212562918663025,0.5965937376022339],"visualized_dimension":-1}]}
{"camera":{"aperture_size":0.0,"autofocus":false,"autofocus_depth":0.0,"autofocus_target":[0.5,0.5,0.5],"fov_axis":1,"matrix":[[0.8829475045204163,0.108267642557621,-0.45681679248809814,-0.05024738982319832],[-3.725290298461914e-09,-0.9730448126792908,-0.23061595857143402,0.3094138503074646],[-0.4694715738296509,0.20362187922000885,-0.859147310256958,0.9573732018470764]],"relative_focal_length":[1.0,1.0],"scale":0.14864353835582733,"screen_center":[0.4996795654296875,0.49303287267684937],"zoom":1.0},"frame":12,"views":[{"camera0":[[0.9910104870796204,0.08368449658155441,0.1043786108493805,0.1149764209985733],[0.08818355202674866,-0.9953305125236511,-0.03925269842147827,0.38407573103904724],[0.10060614347457886,0.0481044203042984,-0.9937624931335449,1.179018259048462]],"camera1":[[0.9910104870796204,0.08368449658155441,0.1043786108493805,0.1149764209985733],[0.08818355202674866,-0.9953305125236511,-0.03925269842147827,0.38407573103904724],[0.10060614347457886,0.0481044203042984,-0.9937624931335449,1.179018259048462]],"full_resolution":[2064,2272],"relative_focal_length":[0.4356694221496582,0.4339345097541809],"screen_center":[0.3787437081336975,0.5965937376022339],"visualized_dimension":-1},{"camera0":[[0.9910104870796204,0.08368449658155441,0.1043786108493805,0.12392112612724304],[0.08818355202674866,-0.9953305125236511,-0.03925269842147827,0.3848716616630554],[0.10060614347457886,0.0481044203042984,-0.9937624931335449,1.1799263954162598]],"camera1":[[0.9910104870796204,0.08368449658155441,0.1043786108493805,0.12392112612724304],[0.08818355202674866,-0.9953305125236511,-0.03925269842147827,0.3848716616630554],[0.10060614347457886,0.0481044203042984,-0.9937624931335449,1.1799263954162598]],"full_resolution":[2064,2272],"relative_focal_length":[0.4356694221496582,0.4339345097541809],"screen_center":[0.6212562918663025,0.5965937376022339],"visualized_dimension":-1}]}
