{"camera":{"aperture_size":0.0,"autofocus":false,"autofocus_depth":0.0,"autofocus_target":[0.5,0.5,0.5],"fov_axis":1,"matrix":[[1.0,0.0,0.0,0.0],[0.0,1.0,0.0,0.0],[0.0,0.0,1.0,0.0]],"relative_focal_length":[1.0,1.0],"scale":1.0,"screen_center":[0.4996795654296875,0.49303287267684937],"zoom":1.0},"frame":1,"views":[{"camera0":[[1.0,0.0,0.0,0.0],[0.0,1.0,0.0,0.0],[0.0,0.0,1.0,0.0]],"camera1":[[1.0,0.0,0.0,0.0],[0.0,1.0,0.0,0.0],[0.0,0.0,1.0,0.0]],"full_resolution":[1920,1080],"relative_focal_length":[1.0,1.0],"screen_center":[0.4996795654296875,0.49303287267684937],"visualized_dimension":-1}]}
{"camera":{"aperture_size":0.0,"autofocus":false,"autofocus_depth":0.0,"autofocus_target":[0.5,0.5,0.5],"fov_axis":1,"matrix":[[1.0,0.0,0.0,0.0],[0.0,1.0,0.0,0.0],[0.0,0.0,1.0,0.0]],"relative_focal_length":[1.0,1.0],"scale":1.0,"screen_center":[0.4996795654296875,0.49303287267684937],"zoom":1.0},"frame":1,"views":[{"camera0":[[1.0,0.0,0.0,0.0],[0.0,1.0,0.0,0.0],[0.0,0.0,1.0,0.0]],"camera1":[[1.0,0.0,0.0,0.0],[0.0,1.0,0.0,0.0],[0.0,0.0,1.0,0.0]],"full_resolution":[1920,1080],"relative_focal_length":[1.0,1.0],"screen_center":[0.4996795654296875,0.49303287267684937],"visualized_dimension":-1}]}
{"camera":{"aperture_size":0.0,"autofocus":false,"autofocus_depth":0.0,"autofocus_target":[0.5,0.5,0.5],"fov_axis":1,"matrix":[[1.0,0.0,0.0,0.0],[0.0,1.0,0.0,0.0],[0.0,0.0,1.0,0.0]],"relative_focal_length":[1.0,1.0],"scale":1.0,"screen_center":[0.4996795654296875,0.49303287267684937],"zoom":1.0},"frame":1,"views":[{"camera0":[[1.0,0.0,0.0,0.0],[0.0,1.0,0.0,0.0],[0.0,0.0,1.0,0.0]],"camera1":[[1.0,0.0,0.0,0.0],[0.0,1.0,0.0,0.0],[0.0,0.0,1.0,0.0]],"full_resolution":[1920,1080],"relative_focal_length":[1.0,1.0],"screen_center":[0.4996795654296875,0.49303287267684937],"visualized_dimension":-1}]}
{"camera":{"aperture_size":0.0,"autofocus":false,"autofocus_depth":0.0,"autofocus_target":[0.5,0.5,0.5],"fov_axis":1,"matrix":[[1.0,0.0,0.0,0.0],[0.0,1.0,0.0,0.0],[0.0,0.0,1.0,0.0]],"relative_focal_length":[1.0,1.0],"scale":1.0,"screen_center":[0.4996795654296875,0.49303287267684937],"zoom":1.0},"frame":1,"views":[{"camera0":[[1.0,0.0,0.0,0.0],[0.0,1.0,0.0,0.0],[0.0,0.0,1.0,0.0]],"camera1":[[1.0,0.0,0.0,0.0],[0.0,1.0,0.0,0.0],[0.0,0.0,1.0,0.0]],"full_resolution":[1920,1080],"relative_focal_length":[1.0,1.0],"screen_center":[0.4996795654296875,0.49303287267684937],"visualized_dimension":-1}]}
{"camera":{"aperture_size":0.0,"autofocus":false,"autofocus_depth":0.0,"autofocus_target":[0.5,0.5,0.5],"fov_axis":1,"matrix":[[1.0,0.0,0.0,0.0],[0.0,1.0,0.0,0.0],[0.0,0.0,1.0,0.0]],"relative_focal_length":[1.0,1.0],"scale":1.0,"screen_center":[0.4996795654296875,0.49303287267684937],"zoom":1.0},"frame":1,"views":[{"camera0":[[1.0,0.0,0.0,0.0],[0.0,1.0,0.0,0.0],[0.0,0.0,1.0,0.0]],"camera1":[[1.0,0.0,0.0,0.0],[0.0,1.0,0.0,0.0],[0.0,0.0,1.0,0.0]],"full_resolution":[1920,1080],"relative_focal_length":[1.0,1.0],"screen_center":[0.4996795654296875,0.49303287267684937],"visualized_dimension":-1}]}
{"camera":{"aperture_size":0.0,"autofocus":false,"autofocus_depth":0.0,"autofocus_target":[0.5,0.5,0.5],"fov_axis":1,"matrix":[[1.0,0.0,0.0,0.0],[0.0,1.0,0.0,0.0],[0.0,0.0,1.0,0.0]],"relative_focal_length":[1.0,1.0],"scale":1.0,"screen_center":[0.4996795654296875,0.49303287267684937],"zoom":1.0},"frame":1,"views":[{"camera0":[[1.0,0.0,0.0,0.0],[0.0,1.0,0.0,0.0],[0.0,0.0,1.0,0.0]],"camera1":[[1.0,0.0,0.0,0.0],[0.0,1.0,0.0,0.0],[0.0,0.0,1.0,0.0]],"full_resolution":[1920,1080],"relative_focal_length":[1.0,1.0],"screen_center":[0.4996795654296875,0.49303287267684937],"visualized_dimension":-1}]}
{"camera":{"aperture_size":0.0,"autofocus":false,"autofocus_depth":0.0,"autofocus_target":[0.5,0.5,0.5],"fov_axis":1,"matrix":[[1.0,0.0,0.0,0.0],[0.0,1.0,0.0,0.0],[0.0,0.0,1.0,0.0]],"relative_focal_length":[1.0,1.0],"scale":1.0,"screen_center":[0.4996795654296875,0.49303287267684937],"zoom":1.0},"frame":1,"views":[{"camera0":[[1.0,0.0,0.0,0.0],[0.0,1.0,0.0,0.0],[0.0,0.0,1.0,0.0]],"camera1":[[1.0,0.0,0.0,0.0],[0.0,1.0,0.0,0.0],[0.0,0.0,1.0,0.0]],"full_resolution":[1920,1080],"relative_focal_length":[1.0,1.0],"screen_center":[0.4996795654296875,0.49303287267684937],"visualized_dimension":-1}]}
{"camera":{"aperture_size":0.0,"autofocus":false,"autofocus_depth":0.0,"autofocus_target":[0.5,0.5,0.5],"fov_axis":1,"matrix":[[1.0,0.0,0.0,0.0],[0.0,1.0,0.0,0.0],[0.0,0.0,1.0,0.0]],"relative_focal_length":[1.0,1.0],"scale":1.0,"screen_center":[0.4996795654296875,0.49303287267684937],"zoom":1.0},"frame":1,"views":[{"camera0":[[1.0,0.0,0.0,0.0],[0.0,1.0,0.0,0.0],[0.0,0.0,1.0,0.0]],"camera1":[[1.0,0.0,0.0,0.0],[0.0,1.0,0.0,0.0],[0.0,0.0,1.0,0.0]],"full_resolution":[1920,1080],"relative_focal_length":[1.0,1.0],"screen_center":[0.4996795654296875,0.49303287267684937],"visualized_dimension":-1}]}
{"camera":{"aperture_size":0.0,"autofocus":false,"autofocus_depth":0.0,"autofocus_target":[0.5,0.5,0.5],"fov_axis":1,"matrix":[[1.0,0.0,0.0,0.0],[0.0,1.0,0.0,0.0],[0.0,0.0,1.0,0.0]],"relative_focal_length":[1.0,1.0],"scale":1.0,"screen_center":[0.4996795654296875,0.49303287267684937],"zoom":1.0},"frame":1,"views":[{"camera0":[[1.0,0.0,0.0,0.0],[0.0,1.0,0.0,0.0],[0.0,0.0,1.0,0.0]],"camera1":[[1.0,0.0,0.0,0.0],[0.0,1.0,0.0,0.0],[0.0,0.0,1.0,0.0]],"full_resolution":[1920,1080],"relative_focal_length":[1.0,1.0],"screen_center":[0.4996795654296875,0.49303287267684937],"visualized_dimension":-1}]}
{"camera":{"aperture_size":0.0,"autofocus":false,"autofocus_depth":0.0,"autofocus_target":[0.5,0.5,0.5],"fov_axis":1,"matrix":[[1.0,0.0,0.0,0.0],[0.0,1.0,0.0,0.0],[0.0,0.0,1.0,0.0]],"relative_focal_length":[1.0,1.0],"scale":1.0,"screen_center":[0.4996795654296875,0.49303287267684937],"zoom":1.0},"frame":1,"views":[{"camera0":[[1.0,0.0,0.0,0.0],[0.0,1.0,0.0,0.0],[0.0,0.0,1.0,0.0]],"camera1":[[1.0,0.0,0.0,0.0],[0.0,1.0,0.0,0.0],[0.0,0.0,1.0,0.0]],"full_resolution":[1920,1080],"relative_focal_length":[1.0,1.0],"screen_center":[0.4996795654296875,0.49303287267684937],"visualized_dimension":-1}]}
{"camera":{"aperture_size":0.0,"autofocus":false,"autofocus_depth":0.0,"autofocus_target":[0.5,0.5,0.5],"fov_axis":1,"matrix":[[1.0,0.0,0.0,0.0],[0.0,1.0,0.0,0.0],[0.0,0.0,1.0,0.0]],"relative_focal_length":[1.0,1.0],"scale":1.0,"screen_center":[0.4996795654296875,0.49303287267684937],"zoom":1.0},"frame":1,"views":[{"camera0":[[1.0,0.0,0.0,0.0],[0.0,1.0,0.0,0.0],[0.0,0.0,1.0,0.0]],"camera1":[[1.0,0.0,0.0,0.0],[0.0,1.0,0.0,0.0],[0.0,0.0,1.0,0.0]],"full_resolution":[1920,1080],"relative_focal_length":[1.0,1.0],"screen_center":[0.4996795654296875,0.49303287267684937],"visualized_dimension":-1}]}
{"camera":{"aperture_size":0.0,"autofocus":false,"autofocus_depth":0.0,"autofocus_target":[0.5,0.5,0.5],"fov_axis":1,"matrix":[[1.0,0.0,0.0,0.0],[0.0,1.0,0.0,0.0],[0.0,0.0,1.0,0.0]],"relative_focal_length":[1.0,1.0],"scale":1.0,"screen_center":[0.4996795654296875,0.49303287267684937],"zoom":1.0},"frame":2,"views":[{"camera0":[[1.0,0.0,0.0,0.0],[0.0,1.0,0.0,0.0],[0.0,0.0,1.0,0.0]],"camera1":[[1.0,0.0,0.0,0.0],[0.0,1.0,0.0,0.0],[0.0,0.0,1.0,0.0]],"full_resolution":[1920,1080],"relative_focal_length":[1.0,1.0],"screen_center":[0.4996795654296875,0.49303287267684937],"visualized_dimension":-1}]}
{"camera":{"aperture_size":0.0,"autofocus":false,"autofocus_depth":0.0,"autofocus_target":[0.5,0.5,0.5],"fov_axis":1,"matrix":[[1.0,0.0,0.0,0.0],[0.0,1.0,0.0,0.0],[0.0,0.0,1.0,0.0]],"relative_focal_length":[1.0,1.0],"scale":1.0,"screen_center":[0.4996795654296875,0.49303287267684937],"zoom":1.0},"frame":3,"views":[{"camera0":[[1.0,0.0,0.0,0.0],[0.0,1.0,0.0,0.0],[0.0,0.0,1.0,0.0]],"camera1":[[1.0,0.0,0.0,0.0],[0.0,1.0,0.0,0.0],[0.0,0.0,1.0,0.0]],"full_resolution":[1920,1080],"relative_focal_length":[1.0,1.0],"screen_center":[0.4996795654296875,0.49303287267684937],"visualized_dimension":-1}]}
{"camera":{"aperture_size":0.0,"autofocus":false,"autofocus_depth":0.0,"autofocus_target":[0.5,0.5,0.5],"fov_axis":1,"matrix":[[1.0,0.0,0.0,0.0],[0.0,1.0,0.0,0.0],[0.0,0.0,1.0,0.0]],"relative_focal_length":[1.0,1.0],"scale":1.0,"screen_center":[0.4996795654296875,0.49303287267684937],"zoom":1.0},"frame":4,"views":[{"camera0":[[1.0,0.0,0.0,0.0],[0.0,1.0,0.0,0.0],[0.0,0.0,1.0,0.0]],"camera1":[[1.0,0.0,0.0,0.0],[0.0,1.0,0.0,0.0],[0.0,0.0,1.0,0.0]],"full_resolution":[1920,1080],"relative_focal_length":[1.0,1.0],"screen_center":[0.4996795654296875,0.49303287267684937],"visualized_dimension":-1}]}
{"camera":{"aperture_size":0.0,"autofocus":false,"autofocus_depth":0.0,"autofocus_target":[0.5,0.5,0.5],"fov_axis":1,"matrix":[[1.0,0.0,0.0,0.0],[0.0,1.0,0.0,0.0],[0.0,0.0,1.0,0.0]],"relative_focal_length":[1.0,1.0],"scale":1.0,"screen_center":[0.4996795654296875,0.49303287267684937],"zoom":1.0},"frame":5,"views":[{"camera0":[[1.0,0.0,0.0,0.0],[0.0,1.0,0.0,0.0],[0.0,0.0,1.0,0.0]],"camera1":[[1.0,0.0,0.0,0.0],[0.0,1.0,0.0,0.0],[0.0,0.0,1.0,0.0]],"full_resolution":[1920,1080],"relative_focal_length":[1.0,1.0],"screen_center":[0.4996795654296875,0.49303287267684937],"visualized_dimension":-1}]}
{"camera":{"aperture_size":0.0,"autofocus":false,"autofocus_depth":0.0,"autofocus_target":[0.5,0.5,0.5],"fov_axis":1,"matrix":[[1.0,0.0,0.0,0.0],[0.0,1.0,0.0,0.0],[0.0,0.0,1.0,0.0]],"relative_focal_length":[1.0,1.0],"scale":1.0,"screen_center":[0.4996795654296875,0.49303287267684937],"zoom":1.0},"frame":6,"views":[{"camera0":[[1.0,0.0,0.0,0.0],[0.0,1.0,0.0,0.0],[0.0,0.0,1.0,0.0]],"camera1":[[1.0,0.0,0.0,0.0],[0.0,1.0,0.0,0.0],[0.0,0.0,1.0,0.0]],"full_resolution":[1920,1080],"relative_focal_length":[1.0,1.0],"screen_center":[0.4996795654296875,0.49303287267684937],"visualized_dimension":-1}]}
{"camera":{"aperture_size":0.0,"autofocus":false,"autofocus_depth":0.0,"autofocus_target":[0.5,0.5,0.5],"fov_axis":1,"matrix":[[1.0,0.0,0.0,0.0],[0.0,1.0,0.0,0.0],[0.0,0.0,1.0,0.0]],"relative_focal_length":[1.0,1.0],"scale":1.0,"screen_center":[0.4996795654296875,0.49303287267684937],"zoom":1.0},"frame":6,"views":[{"camera0":[[1.0,0.0,0.0,0.0],[0.0,1.0,0.0,0.0],[0.0,0.0,1.0,0.0]],"camera1":[[1.0,0.0,0.0,0.0],[0.0,1.0,0.0,0.0],[0.0,0.0,1.0,0.0]],"full_resolution":[1920,1080],"relative_focal_length":[1.0,1.0],"screen_center":[0.4996795654296875,0.49303287267684937],"visualized_dimension":-1}]}
{"camera":{"aperture_size":0.0,"autofocus":false,"autofocus_depth":0.0,"autofocus_target":[0.5,0.5,0.5],"fov_axis":1,"matrix":[[1.0,0.0,0.0,0.0],[0.0,1.0,0.0,0.0],[0.0,0.0,1.0,0.0]],"relative_focal_length":[1.0,1.0],"scale":1.0,"screen_center":[0.4996795654296875,0.49303287267684937],"zoom":1.0},"frame":6,"views":[{"camera0":[[1.0,0.0,0.0,0.0],[0.0,1.0,0.0,0.0],[0.0,0.0,1.0,0.0]],"camera1":[[1.0,0.0,0.0,0.0],[0.0,1.0,0.0,0.0],[0.0,0.0,1.0,0.0]],"full_resolution":[1920,1080],"relative_focal_length":[1.0,1.0],"screen_center":[0.4996795654296875,0.49303287267684937],"visualized_dimension":-1}]}
{"camera":{"aperture_size":0.0,"autofocus":false,"autofocus_depth":0.0,"autofocus_target":[0.5,0.5,0.5],"fov_axis":1,"matrix":[[0.9997292160987854,-0.0016231604386121035,-0.02321227453649044,0.02321227453649044],[0.0,0.9975640773773193,-0.06975647807121277,0.06975647807121277],[0.023268956691026688,0.06973759084939957,0.9972939491271973,0.0027060508728027344]],"relative_focal_length":[1.0,1.0],"scale":1.0,"screen_center":[0.4996795654296875,0.49303287267684937],"zoom":1.0},"frame":7,"views":[{"camera0":[[0.9997292160987854,-0.0016231604386121035,-0.02321227453649044,0.02321227453649044],[0.0,0.9975640773773193,-0.06975647807121277,0.06975647807121277],[0.023268956691026688,0.06973759084939957,0.9972939491271973,0.0027060508728027344]],"camera1":[[0.9997292160987854,-0.0016231604386121035,-0.02321227453649044,0.02321227453649044],[0.0,0.9975640773773193,-0.06975647807121277,0.06975647807121277],[0.023268956691026688,0.06973759084939957,0.9972939491271973,0.0027060508728027344]],"full_resolution":[1920,1080],"relative_focal_length":[1.0,1.0],"screen_center":[0.4996795654296875,0.49303287267684937],"visualized_dimension":-1}]}
{"camera":{"aperture_size":0.0,"autofocus":false,"autofocus_depth":0.0,"autofocus_target":[0.5,0.5,0.5],"fov_axis":1,"matrix":[[0.9989170432090759,-0.014119444414973259,-0.04433109611272812,0.04433109611272812],[0.0,0.9528381824493408,-0.30347874760627747,0.30347874760627747],[0.04652531445026398,0.30315011739730835,0.951806366443634,0.04819363355636597]],"relative_focal_length":[1.0,1.0],"scale":1.0,"screen_center":[0.4996795654296875,0.49303287267684937],"zoom":1.0},"frame":7,"views":[{"camera0":[[0.9989170432090759,-0.014119444414973259,-0.04433109611272812,0.04433109611272812],[0.0,0.9528381824493408,-0.30347874760627747,0.30347874760627747],[0.04652531445026398,0.30315011739730835,0.951806366443634,0.04819363355636597]],"camera1":[[0.9989170432090759,-0.014119444414973259,-0.04433109611272812,0.04433109611272812],[0.0,0.9528381824493408,-0.30347874760627747,0.30347874760627747],[0.04652531445026398,0.30315011739730835,0.951806366443634,0.04819363355636597]],"full_resolution":[1920,1080],"relative_focal_length":[1.0,1.0],"screen_center":[0.4996795654296875,0.49303287267684937],"visualized_dimension":-1}]}
{"camera":{"aperture_size":0.0,"autofocus":false,"autofocus_depth":0.0,"autofocus_target":[0.5,0.5,0.5],"fov_axis":1,"matrix":[[0.9986294507980347,-0.029012978076934814,-0.04355800151824951,0.04355800151824951],[0.0,0.8322767019271851,-0.5543603301048279,0.5543603301048279],[0.0523359589278698,0.5536006093025208,0.831136167049408,0.16886383295059204]],"relative_focal_length":[1.0,1.0],"scale":1.0,"screen_center":[0.4996795654296875,0.49303287267684937],"zoom":1.0},"frame":8,"views":[{"camera0":[[0.9986294507980347,-0.029012978076934814,-0.04355800151824951,0.04355800151824951],[0.0,0.8322767019271851,-0.5543603301048279,0.5543603301048279],[0.0523359589278698,0.5536006093025208,0.831136167049408,0.16886383295059204]],"camera1":[[0.9986294507980347,-0.029012978076934814,-0.04355800151824951,0.04355800151824951],[0.0,0.8322767019271851,-0.5543603301048279,0.5543603301048279],[0.0523359589278698,0.5536006093025208,0.831136167049408,0.16886383295059204]],"full_resolution":[1920,1080],"relative_focal_length":[1.0,1.0],"screen_center":[0.4996795654296875,0.49303287267684937],"visualized_dimension":-1}]}
{"camera":{"aperture_size":0.0,"autofocus":false,"autofocus_depth":0.0,"autofocus_target":[0.5,0.5,0.5],"fov_axis":1,"matrix":[[0.9979528784751892,-0.047024283558130264,-0.04334213212132454,0.04334213212132454],[0.0,0.6777319312095642,-0.7353090047836304,0.7353090047836304],[0.06395173817873001,0.7338038086891174,0.676344633102417,0.323655366897583]],"relative_focal_length":[1.0,1.0],"scale":1.0,"screen_center":[0.4996795654296875,0.49303287267684937],"zoom":1.0},"frame":9,"views":[{"camera0":[[0.9979528784751892,-0.047024283558130264,-0.04334213212132454,0.04334213212132454],[0.0,0.6777319312095642,-0.7353090047836304,0.7353090047836304],[0.06395173817873001,0.7338038086891174,0.676344633102417,0.323655366897583]],"camera1":[[0.9979528784751892,-0.047024283558130264,-0.04334213212132454,0.04334213212132454],[0.0,0.6777319312095642,-0.7353090047836304,0.7353090047836304],[0.06395173817873001,0.7338038086891174,0.676344633102417,0.323655366897583]],"full_resolution":[1920,1080],"relative_focal_length":[1.0,1.0],"screen_center":[0.4996795654296875,0.49303287267684937],"visualized_dimension":-1}]}
{"camera":{"aperture_size":0.0,"autofocus":false,"autofocus_depth":0.0,"autofocus_target":[0.5,0.5,0.5],"fov_axis":1,"matrix":[[0.9971411824226379,-0.06671450287103653,-0.03547272831201553,0.03547272831201553],[0.0,0.4694714844226837,-0.882947564125061,0.882947564125061],[0.0755588561296463,0.8804234862327576,0.4681294560432434,0.5318705439567566]],"relative_focal_length":[1.0,1.0],"scale":1.0,"screen_center":[0.4996795654296875,0.49303287267684937],"zoom":1.0},"frame":9,"views":[{"camera0":[[0.9971411824226379,-0.06671450287103653,-0.03547272831201553,0.03547272831201553],[0.0,0.4694714844226837,-0.882947564125061,0.882947564125061],[0.0755588561296463,0.8804234862327576,0.4681294560432434,0.5318705439567566]],"camera1":[[0.9971411824226379,-0.06671450287103653,-0.03547272831201553,0.03547272831201553],[0.0,0.4694714844226837,-0.882947564125061,0.882947564125061],[0.0755588561296463,0.8804234862327576,0.4681294560432434,0.5318705439567566]],"full_resolution":[1920,1080],"relative_focal_length":[1.0,1.0],"screen_center":[0.4996795654296875,0.49303287267684937],"visualized_dimension":-1}]}
{"camera":{"aperture_size":0.0,"autofocus":false,"autofocus_depth":0.0,"autofocus_target":[0.5,0.5,0.5],"fov_axis":1,"matrix":[[0.9971411824226379,-0.07186073064804077,-0.023348962888121605,0.023348962888121605],[0.0,0.3090169429779053,-0.9510564804077148,0.9510564804077148],[0.0755588561296463,0.9483376741409302,0.3081335723400116,0.691866397857666]],"relative_focal_length":[1.0,1.0],"scale":1.0,"screen_center":[0.4996795654296875,0.49303287267684937],"zoom":1.0},"frame":10,"views":[{"camera0":[[0.9971411824226379,-0.07186073064804077,-0.023348962888121605,0.023348962888121605],[0.0,0.3090169429779053,-0.9510564804077148,0.9510564804077148],[0.0755588561296463,0.9483376741409302,0.3081335723400116,0.691866397857666]],"camera1":[[0.9971411824226379,-0.07186073064804077,-0.023348962888121605,0.023348962888121605],[0.0,0.3090169429779053,-0.9510564804077148,0.9510564804077148],[0.0755588561296463,0.9483376741409302,0.3081335723400116,0.691866397857666]],"full_resolution":[1920,1080],"relative_focal_length":[1.0,1.0],"screen_center":[0.4996795654296875,0.49303287267684937],"visualized_dimension":-1}]}
{"camera":{"aperture_size":0.0,"autofocus":false,"autofocus_depth":0.0,"autofocus_target":[0.5,0.5,0.5],"fov_axis":1,"matrix":[[0.9971411824226379,-0.07441093027591705,-0.013120650313794613,0.013120650313794613],[0.0,0.1736481636762619,-0.9848076701164246,0.9848076701164246],[0.0755588486790657,0.9819923639297485,0.17315171658992767,0.8268482685089111]],"relative_focal_length":[1.0,1.0],"scale":1.0,"screen_center":[0.4996795654296875,0.49303287267684937],"zoom":1.0},"frame":10,"views":[{"camera0":[[0.9971411824226379,-0.07441093027591705,-0.013120650313794613,0.013120650313794613],[0.0,0.1736481636762619,-0.9848076701164246,0.9848076701164246],[0.0755588486790657,0.9819923639297485,0.17315171658992767,0.8268482685089111]],"camera1":[[0.9971411824226379,-0.07441093027591705,-0.013120650313794613,0.013120650313794613],[0.0,0.1736481636762619,-0.9848076701164246,0.9848076701164246],[0.0755588486790657,0.9819923639297485,0.17315171658992767,0.8268482685089111]],"full_resolution":[1920,1080],"relative_focal_length":[1.0,1.0],"screen_center":[0.4996795654296875,0.49303287267684937],"visualized_dimension":-1}]}
{"camera":{"aperture_size":0.0,"autofocus":false,"autofocus_depth":0.0,"autofocus_target":[0.5,0.5,0.5],"fov_axis":1,"matrix":[[0.9986293911933899,-0.05190785229206085,0.006680249236524105,-0.006680249236524105],[-1.862645149230957e-09,-0.12764154374599457,-0.991820216178894,0.991820216178894],[0.0523359552025795,0.9904609322547913,-0.12746667861938477,1.1274666786193848]],"relative_focal_length":[1.0,1.0],"scale":1.0,"screen_center":[0.4996795654296875,0.49303287267684937],"zoom":1.0},"frame":11,"views":[{"camera0":[[0.9986293911933899,-0.05190785229206085,0.006680249236524105,-0.006680249236524105],[-1.862645149230957e-09,-0.12764154374599457,-0.991820216178894,0.991820216178894],[0.0523359552025795,0.9904609322547913,-0.12746667861938477,1.1274666786193848]],"camera1":[[0.9986293911933899,-0.05190785229206085,0.006680249236524105,-0.006680249236524105],[-1.862645149230957e-09,-0.12764154374599457,-0.991820216178894,0.991820216178894],[0.0523359552025795,0.9904609322547913,-0.12746667861938477,1.1274666786193848]],"full_resolution":[1920,1080],"relative_focal_length":[1.0,1.0],"screen_center":[0.4996795654296875,0.49303287267684937],"visualized_dimension":-1}]}
{"camera":{"aperture_size":0.0,"autofocus":false,"autofocus_depth":0.0,"autofocus_target":[0.5,0.5,0.5],"fov_axis":1,"matrix":[[0.9999829530715942,0.0052436962723731995,-0.0025198557414114475,0.0025198557414114475],[-1.862645149230957e-09,-0.4331345856189728,-0.9013291001319885,0.9013291001319885],[-0.005817726254463196,0.901313841342926,-0.43312734365463257,1.4331274032592773]],"relative_focal_length":[1.0,1.0],"scale":1.0,"screen_center":[0.4996795654296875,0.49303287267684937],"zoom":1.0},"frame":12,"views":[{"camera0":[[0.9999829530715942,0.0052436962723731995,-0.0025198557414114475,0.0025198557414114475],[-1.862645149230957e-09,-0.4331345856189728,-0.9013291001319885,0.9013291001319885],[-0.005817726254463196,0.901313841342926,-0.43312734365463257,1.4331274032592773]],"camera1":[[0.9999829530715942,0.0052436962723731995,-0.0025198557414114475,0.0025198557414114475],[-1.862645149230957e-09,-0.4331345856189728,-0.9013291001319885,0.9013291001319885],[-0.005817726254463196,0.901313841342926,-0.43312734365463257,1.4331274032592773]],"full_resolution":[1920,1080],"relative_focal_length":[1.0,1.0],"screen_center":[0.4996795654296875,0.49303287267684937],"visualized_dimension":-1}]}
{"camera":{"aperture_size":0.0,"autofocus":false,"autofocus_depth":0.0,"autofocus_target":[0.5,0.5,0.5],"fov_axis":1,"matrix":[[0.9991707801818848,0.03348551318049431,-0.023157643154263496,0.023157643154263496],[-1.862645149230957e-09,-0.5688009262084961,-0.8224750757217407,0.8224750757217407],[-0.04071308672428131,0.8217931389808655,-0.568329393863678,1.5683293342590332]],"relative_focal_length":[1.0,1.0],"scale":1.0,"screen_center":[0.4996795654296875,0.49303287267684937],"zoom":1.0},"frame":13,"views":[{"camera0":[[0.9991707801818848,0.03348551318049431,-0.023157643154263496,0.023157643154263496],[-1.862645149230957e-09,-0.5688009262084961,-0.8224750757217407,0.8224750757217407],[-0.04071308672428131,0.8217931389808655,-0.568329393863678,1.5683293342590332]],"camera1":[[0.9991707801818848,0.03348551318049431,-0.023157643154263496,0.023157643154263496],[-1.862645149230957e-09,-0.5688009262084961,-0.8224750757217407,0.8224750757217407],[-0.04071308672428131,0.8217931389808655,-0.568329393863678,1.5683293342590332]],"full_resolution":[1920,1080],"relative_focal_length":[1.0,1.0],"screen_center":[0.4996795654296875,0.49303287267684937],"visualized_dimension":-1}]}
{"camera":{"aperture_size":0.0,"autofocus":false,"autofocus_depth":0.0,"autofocus_target":[0.5,0.5,0.5],"fov_axis":1,"matrix":[[0.9966847896575928,0.05917816609144211,-0.05583169683814049,0.05583169683814049],[-1.862645149230957e-09,-0.6862415075302124,-0.7273736000061035,0.7273736000061035],[-0.08135867118835449,0.7249623537063599,-0.6839665770530701,1.6839665174484253]],"relative_focal_length":[1.0,1.0],"scale":1.0,"screen_center":[0.4996795654296875,0.49303287267684937],"zoom":1.0},"frame":14,"views":[{"camera0":[[0.9966847896575928,0.05917816609144211,-0.05583169683814049,0.05583169683814049],[-1.862645149230957e-09,-0.6862415075302124,-0.7273736000061035,0.7273736000061035],[-0.08135867118835449,0.7249623537063599,-0.6839665770530701,1.6839665174484253]],"camera1":[[0.9966847896575928,0.05917816609144211,-0.05583169683814049,0.05583169683814049],[-1.862645149230957e-09,-0.6862415075302124,-0.7273736000061035,0.7273736000061035],[-0.08135867118835449,0.7249623537063599,-0.6839665770530701,1.6839665174484253]],"full_resolution":[1920,1080],"relative_focal_length":[1.0,1.0],"screen_center":[0.4996795654296875,0.49303287267684937],"visualized_dimension":-1}]}
{"camera":{"aperture_size":0.0,"autofocus":false,"autofocus_depth":0.0,"autofocus_target":[0.5,0.5,0.5],"fov_axis":1,"matrix":[[0.991820216178894,0.07858406007289886,-0.10058297216892242,0.10058297216892242],[-2.7939677238464355e-09,-0.7880106568336487,-0.6156614422798157,0.6156614422798157],[-0.12764164805412292,0.610625684261322,-0.7815650105476379,1.7815649509429932]],"relative_focal_length":[1.0,1.0],"scale":1.0,"screen_center":[0.4996795654296875,0.49303287267684937],"zoom":1.0},"frame":15,"views":[{"camera0":[[0.991820216178894,0.07858406007289886,-0.10058297216892242,0.10058297216892242],[-2.7939677238464355e-09,-0.7880106568336487,-0.6156614422798157,0.6156614422798157],[-0.12764164805412292,0.610625684261322,-0.7815650105476379,1.7815649509429932]],"camera1":[[0.991820216178894,0.07858406007289886,-0.10058297216892242,0.10058297216892242],[-2.7939677238464355e-09,-0.7880106568336487,-0.6156614422798157,0.6156614422798157],[-0.12764164805412292,0.610625684261322,-0.7815650105476379,1.7815649509429932]],"full_resolution":[1920,1080],"relative_focal_length":[1.0,1.0],"screen_center":[0.4996795654296875,0.49303287267684937],"visualized_dimension":-1}]}
{"camera":{"aperture_size":0.0,"autofocus":false,"autofocus_depth":0.0,"autofocus_target":[0.5,0.5,0.5],"fov_axis":1,"matrix":[[0.9848076105117798,0.09029987454414368,-0.1483226865530014,0.1483226865530014],[-2.7939677238464355e-09,-0.8541563153266907,-0.520016074180603,0.520016074180603],[-0.1736481785774231,0.512116014957428,-0.8411797285079956,1.841179609298706]],"relative_focal_length":[1.0,1.0],"scale":1.0,"screen_center":[0.4996795654296875,0.49303287267684937],"zoom":1.0},"frame":16,"views":[{"camera0":[[0.9848076105117798,0.09029987454414368,-0.1483226865530014,0.1483226865530014],[-2.7939677238464355e-09,-0.8541563153266907,-0.520016074180603,0.520016074180603],[-0.1736481785774231,0.512116014957428,-0.8411797285079956,1.841179609298706]],"camera1":[[0.9848076105117798,0.09029987454414368,-0.1483226865530014,0.1483226865530014],[-2.7939677238464355e-09,-0.8541563153266907,-0.520016074180603,0.520016074180603],[-0.1736481785774231,0.512116014957428,-0.8411797285079956,1.841179609298706]],"full_resolution":[1920,1080],"relative_focal_length":[1.0,1.0],"screen_center":[0.4996795654296875,0.49303287267684937],"visualized_dimension":-1}]}
{"camera":{"aperture_size":0.0,"autofocus":false,"autofocus_depth":0.0,"autofocus_target":[0.5,0.5,0.5],"fov_axis":1,"matrix":[[0.9716865420341492,0.0998532623052597,-0.21413591504096985,0.21413591504096985],[-1.862645149230957e-09,-0.9063076376914978,-0.42261824011802673,0.42261824011802673],[-0.2362728714942932,0.41065266728401184,-0.8806470632553101,1.8806469440460205]],"relative_focal_length":[1.0,1.0],"scale":1.0,"screen_center":[0.4996795654296875,0.49303287267684937],"zoom":1.0},"frame":17,"views":[{"camera0":[[0.9716865420341492,0.0998532623052597,-0.21413591504096985,0.21413591504096985],[-1.862645149230957e-09,-0.9063076376914978,-0.42261824011802673,0.42261824011802673],[-0.2362728714942932,0.41065266728401184,-0.8806470632553101,1.8806469440460205]],"camera1":[[0.9716865420341492,0.0998532623052597,-0.21413591504096985,0.21413591504096985],[-1.862645149230957e-09,-0.9063076376914978,-0.42261824011802673,0.42261824011802673],[-0.2362728714942932,0.41065266728401184,-0.8806470632553101,1.8806469440460205]],"full_resolution":[1920,1080],"relative_focal_length":[1.0,1.0],"screen_center":[0.4996795654296875,0.49303287267684937],"visualized_dimension":-1}]}
{"camera":{"aperture_size":0.0,"autofocus":false,"autofocus_depth":0.0,"autofocus_target":[0.5,0.5,0.5],"fov_axis":1,"matrix":[[0.9563046097755432,0.10477668792009354,-0.27295246720314026,0.27295246720314026],[-1.862645149230957e-09,-0.9335803389549255,-0.3583679795265198,0.3583679795265198],[-0.2923716902732849,0.34270909428596497,-0.8927872180938721,1.8927870988845825]],"relative_focal_length":[1.0,1.0],"scale":1.0,"screen_center":[0.4996795654296875,0.49303287267684937],"zoom":1.0},"frame":18,"views":[{"camera0":[[0.9563046097755432,0.10477668792009354,-0.27295246720314026,0.27295246720314026],[-1.862645149230957e-09,-0.9335803389549255,-0.3583679795265198,0.3583679795265198],[-0.2923716902732849,0.34270909428596497,-0.8927872180938721,1.8927870988845825]],"camera1":[[0.9563046097755432,0.10477668792009354,-0.27295246720314026,0.27295246720314026],[-1.862645149230957e-09,-0.9335803389549255,-0.3583679795265198,0.3583679795265198],[-0.2923716902732849,0.34270909428596497,-0.8927872180938721,1.8927870988845825]],"full_resolution":[1920,1080],"relative_focal_length":[1.0,1.0],"screen_center":[0.4996795654296875,0.49303287267684937],"visualized_dimension":-1}]}
{"camera":{"aperture_size":0.0,"autofocus":false,"autofocus_depth":0.0,"autofocus_target":[0.5,0.5,0.5],"fov_axis":1,"matrix":[[0.9376868009567261,0.10737765580415726,-0.33047425746917725,0.33047425746917725],[-9.313225746154785e-10,-0.9510564208030701,-0.30901703238487244,0.30901703238487244],[-0.34748122096061707,0.28976133465766907,-0.8917931318283081,1.8917930126190186]],"relative_focal_length":[1.0,1.0],"scale":1.0,"screen_center":[0.4996795654296875,0.49303287267684937],"zoom":1.0},"frame":19,"views":[{"camera0":[[0.9376868009567261,0.10737765580415726,-0.33047425746917725,0.33047425746917725],[-9.313225746154785e-10,-0.9510564208030701,-0.30901703238487244,0.30901703238487244],[-0.34748122096061707,0.28976133465766907,-0.8917931318283081,1.8917930126190186]],"camera1":[[0.9376868009567261,0.10737765580415726,-0.33047425746917725,0.33047425746917725],[-9.313225746154785e-10,-0.9510564208030701,-0.30901703238487244,0.30901703238487244],[-0.34748122096061707,0.28976133465766907,-0.8917931318283081,1.8917930126190186]],"full_resolution":[1920,1080],"relative_focal_length":[1.0,1.0],"screen_center":[0.4996795654296875,0.49303287267684937],"visualized_dimension":-1}]}
{"camera":{"aperture_size":0.0,"autofocus":false,"autofocus_depth":0.0,"autofocus_target":[0.5,0.5,0.5],"fov_axis":1,"matrix":[[0.9249886870384216,0.11321188509464264,-0.36273786425590515,0.36273786425590515],[-9.313225746154785e-10,-0.9545875787734985,-0.2979303002357483,0.2979303002357483],[-0.37999436259269714,0.27558231353759766,-0.8829827308654785,1.882982611656189]],"relative_focal_length":[1.0,1.0],"scale":1.0,"screen_center":[0.4996795654296875,0.49303287267684937],"zoom":1.0},"frame":19,"views":[{"camera0":[[0.9249886870384216,0.11321188509464264,-0.36273786425590515,0.36273786425590515],[-9.313225746154785e-10,-0.9545875787734985,-0.2979303002357483,0.2979303002357483],[-0.37999436259269714,0.27558231353759766,-0.8829827308654785,1.882982611656189]],"camera1":[[0.9249886870384216,0.11321188509464264,-0.36273786425590515,0.36273786425590515],[-9.313225746154785e-10,-0.9545875787734985,-0.2979303002357483,0.2979303002357483],[-0.37999436259269714,0.27558231353759766,-0.8829827308654785,1.882982611656189]],"full_resolution":[1920,1080],"relative_focal_length":[1.0,1.0],"screen_center":[0.4996795654296875,0.49303287267684937],"visualized_dimension":-1}]}
{"camera":{"aperture_size":0.0,"autofocus":false,"autofocus_depth":0.0,"autofocus_target":[0.5,0.5,0.5],"fov_axis":1,"matrix":[[0.9087510704994202,0.11969408392906189,-0.39980578422546387,0.39980578422546387],[-1.3969838619232178e-09,-0.9579894542694092,-0.2868032455444336,0.2868032455444336],[-0.41733846068382263,0.2606329023838043,-0.870573878288269,1.8705737590789795]],"relative_focal_length":[1.0,1.0],"scale":1.0,"screen_center":[0.4996795654296875,0.49303287267684937],"zoom":1.0},"frame":20,"views":[{"camera0":[[0.9087510704994202,0.11969408392906189,-0.39980578422546387,0.39980578422546387],[-1.3969838619232178e-09,-0.9579894542694092,-0.2868032455444336,0.2868032455444336],[-0.41733846068382263,0.2606329023838043,-0.870573878288269,1.8705737590789795]],"camera1":[[0.9087510704994202,0.11969408392906189,-0.39980578422546387,0.39980578422546387],[-1.3969838619232178e-09,-0.9579894542694092,-0.2868032455444336,0.2868032455444336],[-0.41733846068382263,0.2606329023838043,-0.870573878288269,1.8705737590789795]],"full_resolution":[1920,1080],"relative_focal_length":[1.0,1.0],"screen_center":[0.4996795654296875,0.49303287267684937],"visualized_dimension":-1}]}
{"camera":{"aperture_size":0.0,"autofocus":false,"autofocus_depth":0.0,"autofocus_target":[0.5,0.5,0.5],"fov_axis":1,"matrix":[[0.882947564125061,0.13464604318141937,-0.4497487545013428,0.4497487545013428],[-1.3969838619232178e-09,-0.9579894542694092,-0.2868032455444336,0.2868032455444336],[-0.4694715738296509,0.25323235988616943,-0.8458544015884399,1.8458542823791504]],"relative_focal_length":[1.0,1.0],"scale":1.0,"screen_center":[0.4996795654296875,0.49303287267684937],"zoom":1.0},"frame":21,"views":[{"camera0":[[0.882947564125061,0.13464604318141937,-0.4497487545013428,0.4497487545013428],[-1.3969838619232178e-09,-0.9579894542694092,-0.2868032455444336,0.2868032455444336],[-0.4694715738296509,0.25323235988616943,-0.8458544015884399,1.8458542823791504]],"camera1":[[0.882947564125061,0.13464604318141937,-0.4497487545013428,0.4497487545013428],[-1.3969838619232178e-09,-0.9579894542694092,-0.2868032455444336,0.2868032455444336],[-0.4694715738296509,0.25323235988616943,-0.8458544015884399,1.8458542823791504]],"full_resolution":[1920,1080],"relative_focal_length":[1.0,1.0],"screen_center":[0.4996795654296875,0.49303287267684937],"visualized_dimension":-1}]}
{"camera":{"aperture_size":0.0,"autofocus":false,"autofocus_depth":0.0,"autofocus_target":[0.5,0.5,0.5],"fov_axis":1,"matrix":[[0.8541564345359802,0.14914239943027496,-0.4981699287891388,0.4981699287891388],[-1.3969838619232178e-09,-0.9579894542694092,-0.2868032455444336,0.2868032455444336],[-0.5200161337852478,0.2449749857187271,-0.8182727694511414,1.818272590637207]],"relative_focal_length":[1.0,1.0],"scale":1.0,"screen_center":[0.4996795654296875,0.49303287267684937],"zoom":1.0},"frame":22,"views":[{"camera0":[[0.8541564345359802,0.14914239943027496,-0.4981699287891388,0.4981699287891388],[-1.3969838619232178e-09,-0.9579894542694092,-0.2868032455444336,0.2868032455444336],[-0.5200161337852478,0.2449749857187271,-0.8182727694511414,1.818272590637207]],"camera1":[[0.8541564345359802,0.14914239943027496,-0.4981699287891388,0.4981699287891388],[-1.3969838619232178e-09,-0.9579894542694092,-0.2868032455444336,0.2868032455444336],[-0.5200161337852478,0.2449749857187271,-0.8182727694511414,1.818272590637207]],"full_resolution":[1920,1080],"relative_focal_length":[1.0,1.0],"screen_center":[0.4996795654296875,0.49303287267684937],"visualized_dimension":-1}]}
{"camera":{"aperture_size":0.0,"autofocus":false,"autofocus_depth":0.0,"autofocus_target":[0.5,0.5,0.5],"fov_axis":1,"matrix":[[0.8354877829551697,0.1637154519557953,-0.5245543718338013,0.5245543718338013],[-1.862645149230957e-09,-0.9545875191688538,-0.2979302704334259,0.2979302704334259],[-0.5495089888572693,0.24891728162765503,-0.7975462079048157,1.7975460290908813]],"relative_focal_length":[1.0,1.0],"scale":1.0,"screen_center":[0.4996795654296875,0.49303287267684937],"zoom":1.0},"frame":23,"views":[{"camera0":[[0.8354877829551697,0.1637154519557953,-0.5245543718338013,0.5245543718338013],[-1.862645149230957e-09,-0.9545875191688538,-0.2979302704334259,0.2979302704334259],[-0.5495089888572693,0.24891728162765503,-0.7975462079048157,1.7975460290908813]],"camera1":[[0.8354877829551697,0.1637154519557953,-0.5245543718338013,0.5245543718338013],[-1.862645149230957e-09,-0.9545875191688538,-0.2979302704334259,0.2979302704334259],[-0.5495089888572693,0.24891728162765503,-0.7975462079048157,1.7975460290908813]],"full_resolution":[1920,1080],"relative_focal_length":[1.0,1.0],"screen_center":[0.4996795654296875,0.49303287267684937],"visualized_dimension":-1}]}
{"camera":{"aperture_size":0.0,"autofocus":false,"autofocus_depth":0.0,"autofocus_target":[0.5,0.5,0.5],"fov_axis":1,"matrix":[[0.8191519975662231,0.1740683615207672,-0.5465254783630371,0.5465254783630371],[-1.862645149230957e-09,-0.9528380632400513,-0.30347877740859985,0.30347877740859985],[-0.5735764503479004,0.24859541654586792,-0.7805191874504089,1.7805190086364746]],"relative_focal_length":[1.0,1.0],"scale":1.0,"screen_center":[0.4996795654296875,0.49303287267684937],"zoom":1.0},"frame":24,"views":[{"camera0":[[0.8191519975662231,0.1740683615207672,-0.5465254783630371,0.5465254783630371],[-1.862645149230957e-09,-0.9528380632400513,-0.30347877740859985,0.30347877740859985],[-0.5735764503479004,0.24859541654586792,-0.7805191874504089,1.7805190086364746]],"camera1":[[0.8191519975662231,0.1740683615207672,-0.5465254783630371,0.5465254783630371],[-1.862645149230957e-09,-0.9528380632400513,-0.30347877740859985,0.30347877740859985],[-0.5735764503479004,0.24859541654586792,-0.7805191874504089,1.7805190086364746]],"full_resolution":[1920,1080],"relative_focal_length":[1.0,1.0],"screen_center":[0.4996795654296875,0.49303287267684937],"visualized_dimension":-1}]}
{"camera":{"aperture_size":0.0,"autofocus":false,"autofocus_depth":0.0,"autofocus_target":[0.5,0.5,0.5],"fov_axis":1,"matrix":[[0.8055837154388428,0.1830870807170868,-0.5634837746620178,0.5634837746620178],[-1.862645149230957e-09,-0.9510563611984253,-0.30901703238487244,0.30901703238487244],[-0.5924819111824036,0.24893920123577118,-0.7661554217338562,1.7661552429199219]],"relative_focal_length":[1.0,1.0],"scale":1.0,"screen_center":[0.4996795654296875,0.49303287267684937],"zoom":1.0},"frame":25,"views":[{"camera0":[[0.8055837154388428,0.1830870807170868,-0.5634837746620178,0.5634837746620178],[-1.862645149230957e-09,-0.9510563611984253,-0.30901703238487244,0.30901703238487244],[-0.5924819111824036,0.24893920123577118,-0.7661554217338562,1.7661552429199219]],"camera1":[[0.8055837154388428,0.1830870807170868,-0.5634837746620178,0.5634837746620178],[-1.862645149230957e-09,-0.9510563611984253,-0.30901703238487244,0.30901703238487244],[-0.5924819111824036,0.24893920123577118,-0.7661554217338562,1.7661552429199219]],"full_resolution":[1920,1080],"relative_focal_length":[1.0,1.0],"screen_center":[0.4996795654296875,0.49303287267684937],"visualized_dimension":-1}]}
{"camera":{"aperture_size":0.0,"autofocus":false,"autofocus_depth":0.0,"autofocus_target":[0.5,0.5,0.5],"fov_axis":1,"matrix":[[0.8021231889724731,0.18453224003314972,-0.5679315328598022,0.5679315328598022],[-1.862645149230957e-09,-0.9510563611984253,-0.30901703238487244,0.30901703238487244],[-0.5971585512161255,0.2478698343038559,-0.7628642320632935,1.762864112854004]],"relative_focal_length":[1.0,1.0],"scale":1.0,"screen_center":[0.4996795654296875,0.49303287267684937],"zoom":1.0},"frame":26,"views":[{"camera0":[[0.8021231889724731,0.18453224003314972,-0.5679315328598022,0.5679315328598022],[-1.862645149230957e-09,-0.9510563611984253,-0.30901703238487244,0.30901703238487244],[-0.5971585512161255,0.2478698343038559,-0.7628642320632935,1.762864112854004]],"camera1":[[0.8021231889724731,0.18453224003314972,-0.5679315328598022,0.5679315328598022],[-1.862645149230957e-09,-0.9510563611984253,-0.30901703238487244,0.30901703238487244],[-0.5971585512161255,0.2478698343038559,-0.7628642320632935,1.762864112854004]],"full_resolution":[1920,1080],"relative_focal_length":[1.0,1.0],"screen_center":[0.4996795654296875,0.49303287267684937],"visualized_dimension":-1}]}
{"camera":{"aperture_size":0.0,"autofocus":false,"autofocus_depth":0.0,"autofocus_target":[0.5,0.5,0.5],"fov_axis":1,"matrix":[[0.8021231889724731,0.18453224003314972,-0.5679315328598022,0.5679315328598022],[-1.862645149230957e-09,-0.9510563611984253,-0.30901703238487244,0.30901703238487244],[-0.5971585512161255,0.2478698343038559,-0.7628642320632935,1.762864112854004]],"relative_focal_length":[1.0,1.0],"scale":1.0,"screen_center":[0.4996795654296875,0.49303287267684937],"zoom":1.0},"frame":27,"views":[{"camera0":[[0.8021231889724731,0.18453224003314972,-0.5679315328598022,0.5679315328598022],[-1.862645149230957e-09,-0.9510563611984253,-0.30901703238487244,0.30901703238487244],[-0.5971585512161255,0.2478698343038559,-0.7628642320632935,1.762864112854004]],"camera1":[[0.8021231889724731,0.18453224003314972,-0.5679315328598022,0.5679315328598022],[-1.862645149230957e-09,-0.9510563611984253,-0.30901703238487244,0.30901703238487244],[-0.5971585512161255,0.2478698343038559,-0.7628642320632935,1.762864112854004]],"full_resolution":[1920,1080],"relative_focal_length":[1.0,1.0],"screen_center":[0.4996795654296875,0.49303287267684937],"visualized_dimension":-1}]}
