{"camera":{"aperture_size":0.0,"autofocus":false,"autofocus_depth":0.0,"autofocus_target":[0.5,0.5,0.5],"fov_axis":1,"matrix":[[0.8829475045204163,0.108267642557621,-0.45681679248809814,0.0972747802734375],[-3.725290298461914e-09,-0.9730448126792908,-0.23061595857143402,0.29058241844177246],[-0.4694715738296509,0.20362187922000885,-0.859147310256958,0.9788470268249512]],"relative_focal_length":[1.0,1.0],"scale":0.14864353835582733,"screen_center":[0.4996795654296875,0.49303287267684937],"zoom":1.0},"frame":1,"views":[{"camera0":[[0.9680132865905762,0.11217357218265533,0.2244260013103485,0.2615888714790344],[0.06415041536092758,-0.9754140973091125,0.21083645522594452,0.3648069202899933],[0.2425583302974701,-0.189695343375206,-0.9514098167419434,1.1944770812988281]],"camera1":[[0.9680132865905762,0.11217357218265533,0.2244260013103485,0.2615888714790344],[0.06415041536092758,-0.9754140973091125,0.21083645522594452,0.3648069202899933],[0.2425583302974701,-0.189695343375206,-0.9514098167419434,1.1944770812988281]],"full_resolution":[2064,2272],"relative_focal_length":[0.4356694221496582,0.4339345097541809],"screen_center":[0.3787437081336975,0.5965937376022339],"visualized_dimension":-1},{"camera0":[[0.9680132865905762,0.11217357218265533,0.2244260013103485,0.27032601833343506],[0.06415041536092758,-0.9754140973091125,0.21083645522594452,0.3653859496116638],[0.2425583302974701,-0.189695343375206,-0.9514098167419434,1.1966663599014282]],"camera1":[[0.9680132865905762,0.11217357218265533,0.2244260013103485,0.27032601833343506],[0.06415041536092758,-0.9754140973091125,0.21083645522594452,0.3653859496116638],[0.2425583302974701,-0.189695343375206,-0.9514098167419434,1.1966663599014282]],"full_resolution":[2064,2272],"relative_focal_length":[0.4356694221496582,0.4339345097541809],"screen_center":[0.6212562918663025,0.5965937376022339],"visualized_dimension":-1}]}
{"camera":{"aperture_size":0.0,"autofocus":false,"autofocus_depth":0.0,"autofocus_target":[0.5,0.5,0.5],"fov_axis":1,"matrix":[[0.8829475045204163,0.108267642557621,-0.45681679248809814,0.0972747802734375],[-3.725290298461914e-09,-0.9730448126792908,-0.23061595857143402,0.29058241844177246],[-0.4694715738296509,0.20362187922000885,-0.859147310256958,0.9788470268249512]],"relative_focal_length":[1.0,1.0],"scale":0.14864353835582733,"screen_center":[0.4996795654296875,0.49303287267684937],"zoom":1.0},"frame":2,"views":[{"camera0":[[0.9705137610435486,0.09581790864467621,0.22118234634399414,0.25949782133102417],[0.051074229180812836,-0.9785065054893494,0.19979068636894226,0.36481568217277527],[0.2355717122554779,-0.18260277807712555,-0.9545478820800781,1.195261001586914]],"camera1":[[0.9705137610435486,0.09581790864467621,0.22118234634399414,0.25949782133102417],[0.051074229180812836,-0.9785065054893494,0.19979068636894226,0.36481568217277527],[0.2355717122554779,-0.18260277807712555,-0.9545478820800781,1.195261001586914]],"full_resolution":[2064,2272],"relative_focal_length":[0.4356694221496582,0.4339345097541809],"screen_center":[0.3787437081336975,0.5965937376022339],"visualized_dimension":-1},{"camera0":[[0.9705137610435486,0.09581790864467621,0.22118234634399414,0.2682575285434723],[0.051074229180812836,-0.9785065054893494,0.19979068636894226,0.36527666449546814],[0.2355717122554779,-0.18260277807712555,-0.9545478820800781,1.1973872184753418]],"camera1":[[0.9705137610435486,0.09581790864467621,0.22118234634399414,0.2682575285434723],[0.051074229180812836,-0.9785065054893494,0.19979068636894226,0.36527666449546814],[0.2355717122554779,-0.18260277807712555,-0.9545478820800781,1.1973872184753418]],"full_resolution":[2064,2272],"relative_focal_length":[0.4356694221496582,0.4339345097541809],"screen_center":[0.6212562918663025,0.5965937376022339],"visualized_dimension":-1}]}
{"camera":{"aperture_size":0.0,"autofocus":false,"autofocus_depth":0.0,"autofocus_target":[0.5,0.5,0.5],"fov_axis":1,"matrix":[[0.8829475045204163,0.108267642557621,-0.45681679248809814,0.0972747802734375],[-3.725290298461914e-09,-0.9730448126792908,-0.23061595857143402,0.29058241844177246],[-0.4694715738296509,0.20362187922000885,-0.859147310256958,0.9788470268249512]],"relative_focal_length":[1.0,1.0],"scale":0.14864353835582733,"screen_center":[0.4996795654296875,0.49303287267684937],"zoom":1.0},"frame":3,"views":[{"camera0":[[0.9717920422554016,0.09534235298633575,0.21570783853530884,0.2621278166770935],[0.05164172500371933,-0.9784690737724304,0.19982823729515076,0.36535629630088806],[0.23011532425880432,-0.18305185437202454,-0.9557920694351196,1.195906162261963]],"camera1":[[0.9717920422554016,0.09534235298633575,0.21570783853530884,0.2621278166770935],[0.05164172500371933,-0.9784690737724304,0.19982823729515076,0.36535629630088806],[0.23011532425880432,-0.18305185437202454,-0.9557920694351196,1.195906162261963]],"full_resolution":[2064,2272],"relative_focal_length":[0.4356694221496582,0.4339345097541809],"screen_center":[0.3787437081336975,0.5965937376022339],"visualized_dimension":-1},{"camera0":[[0.9717920422554016,0.09534235298633575,0.21570783853530884,0.27089905738830566],[0.05164172500371933,-0.9784690737724304,0.19982823729515076,0.3658224046230316],[0.23011532425880432,-0.18305185437202454,-0.9557920694351196,1.1979831457138062]],"camera1":[[0.9717920422554016,0.09534235298633575,0.21570783853530884,0.27089905738830566],[0.05164172500371933,-0.9784690737724304,0.19982823729515076,0.3658224046230316],[0.23011532425880432,-0.18305185437202454,-0.9557920694351196,1.1979831457138062]],"full_resolution":[2064,2272],"relative_focal_length":[0.4356694221496582,0.4339345097541809],"screen_center":[0.6212562918663025,0.5965937376022339],"visualized_dimension":-1}]}
{"camera":{"aperture_size":0.0,"autofocus":false,"autofocus_depth":0.0,"autofocus_target":[0.5,0.5,0.5],"fov_axis":1,"matrix":[[0.8829475045204163,0.108267642557621,-0.45681679248809814,0.0972747802734375],[-3.725290298461914e-09,-0.9730448126792908,-0.23061595857143402,0.29058241844177246],[-0.4694715738296509,0.20362187922000885,-0.859147310256958,0.9788470268249512]],"relative_focal_length":[1.0,1.0],"scale":0.14864353835582733,"screen_center":[0.4996795654296875,0.49303287267684937],"zoom":1.0},"frame":3,"views":[{"camera0":[[0.9732850193977356,0.09640170633792877,0.2083812654018402,0.26557332277297974],[0.05334047973155975,-0.9776906967163086,0.20316392183303833,0.36613041162490845],[0.22331750392913818,-0.18662108480930328,-0.9567137956619263,1.196877360343933]],"camera1":[[0.9732850193977356,0.09640170633792877,0.2083812654018402,0.26557332277297974],[0.05334047973155975,-0.9776906967163086,0.20316392183303833,0.36613041162490845],[0.22331750392913818,-0.18662108480930328,-0.9567137956619263,1.196877360343933]],"full_resolution":[2064,2272],"relative_focal_length":[0.4356694221496582,0.4339345097541809],"screen_center":[0.3787437081336975,0.5965937376022339],"visualized_dimension":-1},{"camera0":[[0.9732850193977356,0.09640170633792877,0.2083812654018402,0.27435803413391113],[0.05334047973155975,-0.9776906967163086,0.20316392183303833,0.3666118383407593],[0.22331750392913818,-0.18662108480930328,-0.9567137956619263,1.1988930702209473]],"camera1":[[0.9732850193977356,0.09640170633792877,0.2083812654018402,0.27435803413391113],[0.05334047973155975,-0.9776906967163086,0.20316392183303833,0.3666118383407593],[0.22331750392913818,-0.18662108480930328,-0.9567137956619263,1.1988930702209473]],"full_resolution":[2064,2272],"relative_focal_length":[0.4356694221496582,0.4339345097541809],"screen_center":[0.6212562918663025,0.5965937376022339],"visualized_dimension":-1}]}
{"camera":{"aperture_size":0.0,"autofocus":false,"autofocus_depth":0.0,"autofocus_target":[0.5,0.5,0.5],"fov_axis":1,"matrix":[[0.8829475045204163,0.108267642557621,-0.45681679248809814,0.0972747802734375],[-3.725290298461914e-09,-0.9730448126792908,-0.23061595857143402,0.29058241844177246],[-0.4694715738296509,0.20362187922000885,-0.859147310256958,0.9788470268249512]],"relative_focal_length":[1.0,1.0],"scale":0.14864353835582733,"screen_center":[0.4996795654296875,0.49303287267684937],"zoom":1.0},"frame":4,"views":[{"camera0":[[0.9742100834846497,0.10321986675262451,0.2006494402885437,0.2663421332836151],[0.061366692185401917,-0.9769195318222046,0.2046028971672058,0.36629006266593933],[0.21713721752166748,-0.18701288104057312,-0.9580590724945068,1.1971498727798462]],"camera1":[[0.9742100834846497,0.10321986675262451,0.2006494402885437,0.2663421332836151],[0.061366692185401917,-0.9769195318222046,0.2046028971672058,0.36629006266593933],[0.21713721752166748,-0.18701288104057312,-0.9580590724945068,1.1971498727798462]],"full_resolution":[2064,2272],"relative_focal_length":[0.4356694221496582,0.4339345097541809],"screen_center":[0.3787437081336975,0.5965937376022339],"visualized_dimension":-1},{"camera0":[[0.9742100834846497,0.10321986675262451,0.2006494402885437,0.27513521909713745],[0.061366692185401917,-0.9769195318222046,0.2046028971672058,0.36684393882751465],[0.21713721752166748,-0.18701288104057312,-0.9580590724945068,1.199109673500061]],"camera1":[[0.9742100834846497,0.10321986675262451,0.2006494402885437,0.27513521909713745],[0.061366692185401917,-0.9769195318222046,0.2046028971672058,0.36684393882751465],[0.21713721752166748,-0.18701288104057312,-0.9580590724945068,1.199109673500061]],"full_resolution":[2064,2272],"relative_focal_length":[0.4356694221496582,0.4339345097541809],"screen_center":[0.6212562918663025,0.5965937376022339],"visualized_dimension":-1}]}
{"camera":{"aperture_size":0.0,"autofocus":false,"autofocus_depth":0.0,"autofocus_target":[0.5,0.5,0.5],"fov_axis":1,"matrix":[[0.8829475045204163,0.108267642557621,-0.45681679248809814,0.0972747802734375],[-3.725290298461914e-09,-0.9730448126792908,-0.23061595857143402,0.29058241844177246],[-0.4694715738296509,0.20362187922000885,-0.859147310256958,0.9788470268249512]],"relative_focal_length":[1.0,1.0],"scale":0.14864353835582733,"screen_center":[0.4996795654296875,0.49303287267684937],"zoom":1.0},"frame":5,"views":[{"camera0":[[0.9773814678192139,0.1023176908493042,0.18508493900299072,0.26809418201446533],[0.061971403658390045,-0.97532057762146,0.21191802620887756,0.3665539026260376],[0.20219990611076355,-0.19565467536449432,-0.9596009254455566,1.1976310014724731]],"camera1":[[0.9773814678192139,0.1023176908493042,0.18508493900299072,0.26809418201446533],[0.061971403658390045,-0.97532057762146,0.21191802620887756,0.3665539026260376],[0.20219990611076355,-0.19565467536449432,-0.9596009254455566,1.1976310014724731]],"full_resolution":[2064,2272],"relative_focal_length":[0.4356694221496582,0.4339345097541809],"screen_center":[0.3787437081336975,0.5965937376022339],"visualized_dimension":-1},{"camera0":[[0.9773814678192139,0.1023176908493042,0.18508493900299072,0.27691584825515747],[0.061971403658390045,-0.97532057762146,0.21191802620887756,0.36711323261260986],[0.20219990611076355,-0.19565467536449432,-0.9596009254455566,1.199455976486206]],"camera1":[[0.9773814678192139,0.1023176908493042,0.18508493900299072,0.27691584825515747],[0.061971403658390045,-0.97532057762146,0.21191802620887756,0.36711323261260986],[0.20219990611076355,-0.19565467536449432,-0.9596009254455566,1.199455976486206]],"full_resolution":[2064,2272],"relative_focal_length":[0.4356694221496582,0.4339345097541809],"screen_center":[0.6212562918663025,0.5965937376022339],"visualized_dimension":-1}]}
{"camera":{"aperture_size":0.0,"autofocus":false,"autofocus_depth":0.0,"autofocus_target":[0.5,0.5,0.5],"fov_axis":1,"matrix":[[0.8829475045204163,0.108267642557621,-0.45681679248809814,0.0972747802734375],[-3.725290298461914e-09,-0.9730448126792908,-0.23061595857143402,0.29058241844177246],[-0.4694715738296509,0.20362187922000885,-0.859147310256958,0.9788470268249512]],"relative_focal_length":[1.0,1.0],"scale":0.14864353835582733,"screen_center":[0.4996795654296875,0.49303287267684937],"zoom":1.0},"frame":5,"views":[{"camera0":[[0.9799849390983582,0.0956302285194397,0.17459708452224731,0.2697030305862427],[0.05572659522294998,-0.9737774133682251,0.22057242691516876,0.36695805191993713],[0.19111186265945435,-0.20642778277397156,-0.9596161842346191,1.1979053020477295]],"camera1":[[0.9799849390983582,0.0956302285194397,0.17459708452224731,0.2697030305862427],[0.05572659522294998,-0.9737774133682251,0.22057242691516876,0.36695805191993713],[0.19111186265945435,-0.20642778277397156,-0.9596161842346191,1.1979053020477295]],"full_resolution":[2064,2272],"relative_focal_length":[0.4356694221496582,0.4339345097541809],"screen_center":[0.3787437081336975,0.5965937376022339],"visualized_dimension":-1},{"camera0":[[0.9799849390983582,0.0956302285194397,0.17459708452224731,0.2785482406616211],[0.05572659522294998,-0.9737774133682251,0.22057242691516876,0.36746102571487427],[0.19111186265945435,-0.20642778277397156,-0.9596161842346191,1.1996302604675293]],"camera1":[[0.9799849390983582,0.0956302285194397,0.17459708452224731,0.2785482406616211],[0.05572659522294998,-0.9737774133682251,0.22057242691516876,0.36746102571487427],[0.19111186265945435,-0.20642778277397156,-0.9596161842346191,1.1996302604675293]],"full_resolution":[2064,2272],"relative_focal_length":[0.4356694221496582,0.4339345097541809],"screen_center":[0.6212562918663025,0.5965937376022339],"visualized_dimension":-1}]}
{"camera":{"aperture_size":0.0,"autofocus":false,"autofocus_depth":0.0,"autofocus_target":[0.5,0.5,0.5],"fov_axis":1,"matrix":[[0.8829475045204163,0.108267642557621,-0.45681679248809814,0.0972747802734375],[-3.725290298461914e-09,-0.9730448126792908,-0.23061595857143402,0.29058241844177246],[-0.4694715738296509,0.20362187922000885,-0.859147310256958,0.9788470268249512]],"relative_focal_length":[1.0,1.0],"scale":0.14864353835582733,"screen_center":[0.4996795654296875,0.49303287267684937],"zoom":1.0},"frame":6,"views":[{"camera0":[[0.9811052680015564,0.09256245195865631,0.16989544034004211,0.27052175998687744],[0.05110393464565277,-0.9709247350692749,0.233866348862648,0.367225706577301],[0.18660271167755127,-0.22076502442359924,-0.9573097229003906,1.197744607925415]],"camera1":[[0.9811052680015564,0.09256245195865631,0.16989544034004211,0.27052175998687744],[0.05110393464565277,-0.9709247350692749,0.233866348862648,0.367225706577301],[0.18660271167755127,-0.22076502442359924,-0.9573097229003906,1.197744607925415]],"full_resolution":[2064,2272],"relative_focal_length":[0.4356694221496582,0.4339345097541809],"screen_center":[0.3787437081336975,0.5965937376022339],"visualized_dimension":-1},{"camera0":[[0.9811052680015564,0.09256245195865631,0.16989544034004211,0.2793770432472229],[0.05110393464565277,-0.9709247350692749,0.233866348862648,0.3676869571208954],[0.18660271167755127,-0.22076502442359924,-0.9573097229003906,1.1994287967681885]],"camera1":[[0.9811052680015564,0.09256245195865631,0.16989544034004211,0.2793770432472229],[0.05110393464565277,-0.9709247350692749,0.233866348862648,0.3676869571208954],[0.18660271167755127,-0.22076502442359924,-0.9573097229003906,1.1994287967681885]],"full_resolution":[2064,2272],"relative_focal_length":[0.4356694221496582,0.4339345097541809],"screen_center":[0.6212562918663025,0.5965937376022339],"visualized_dimension":-1}]}
{"camera":{"aperture_size":0.0,"autofocus":false,"autofocus_depth":0.0,"autofocus_target":[0.5,0.5,0.5],"fov_axis":1,"matrix":[[0.8829475045204163,0.108267642557621,-0.45681679248809814,0.0972747802734375],[-3.725290298461914e-09,-0.9730448126792908,-0.23061595857143402,0.29058241844177246],[-0.4694715738296509,0.20362187922000885,-0.859147310256958,0.9788470268249512]],"relative_focal_length":[1.0,1.0],"scale":0.14864353835582733,"screen_center":[0.4996795654296875,0.49303287267684937],"zoom":1.0},"frame":7,"views":[{"camera0":[[0.9819647669792175,0.09210418164730072,0.1651116907596588,0.2722092568874359],[0.04822050780057907,-0.9664395451545715,0.2523278594017029,0.3675116300582886],[0.1828107237815857,-0.2398151457309723,-0.9534508585929871,1.1975246667861938]],"camera1":[[0.9819647669792175,0.09210418164730072,0.1651116907596588,0.2722092568874359],[0.04822050780057907,-0.9664395451545715,0.2523278594017029,0.3675116300582886],[0.1828107237815857,-0.2398151457309723,-0.9534508585929871,1.1975246667861938]],"full_resolution":[2064,2272],"relative_focal_length":[0.4356694221496582,0.4339345097541809],"screen_center":[0.3787437081336975,0.5965937376022339],"visualized_dimension":-1},{"camera0":[[0.9819647669792175,0.09210418164730072,0.1651116907596588,0.28107231855392456],[0.04822050780057907,-0.9664395451545715,0.2523278594017029,0.3679468631744385],[0.1828107237815857,-0.2398151457309723,-0.9534508585929871,1.1991746425628662]],"camera1":[[0.9819647669792175,0.09210418164730072,0.1651116907596588,0.28107231855392456],[0.04822050780057907,-0.9664395451545715,0.2523278594017029,0.3679468631744385],[0.1828107237815857,-0.2398151457309723,-0.9534508585929871,1.1991746425628662]],"full_resolution":[2064,2272],"relative_focal_length":[0.4356694221496582,0.4339345097541809],"screen_center":[0.6212562918663025,0.5965937376022339],"visualized_dimension":-1}]}
{"camera":{"aperture_size":0.0,"autofocus":false,"autofocus_depth":0.0,"autofocus_target":[0.5,0.5,0.5],"fov_axis":1,"matrix":[[0.8829475045204163,0.108267642557621,-0.45681679248809814,0.0972747802734375],[-3.725290298461914e-09,-0.9730448126792908,-0.23061595857143402,0.29058241844177246],[-0.4694715738296509,0.20362187922000885,-0.859147310256958,0.9788470268249512]],"relative_focal_length":[1.0,1.0],"scale":0.14864353835582733,"screen_center":[0.4996795654296875,0.49303287267684937],"zoom":1.0},"frame":8,"views":[{"camera0":[[0.9802994132041931,0.09665699303150177,0.1722508668899536,0.2729850709438324],[0.04926393926143646,-0.9641705751419067,0.26066863536834717,0.3673839271068573],[0.19127455353736877,-0.24704743921756744,-0.9499374032020569,1.1969789266586304]],"camera1":[[0.9802994132041931,0.09665699303150177,0.1722508668899536,0.2729850709438324],[0.04926393926143646,-0.9641705751419067,0.26066863536834717,0.3673839271068573],[0.19127455353736877,-0.24704743921756744,-0.9499374032020569,1.1969789266586304]],"full_resolution":[2064,2272],"relative_focal_length":[0.4356694221496582,0.4339345097541809],"screen_center":[0.3787437081336975,0.5965937376022339],"visualized_dimension":-1},{"camera0":[[0.9802994132041931,0.09665699303150177,0.1722508668899536,0.28183308243751526],[0.04926393926143646,-0.9641705751419067,0.26066863536834717,0.3678285777568817],[0.19127455353736877,-0.24704743921756744,-0.9499374032020569,1.1987053155899048]],"camera1":[[0.9802994132041931,0.09665699303150177,0.1722508668899536,0.28183308243751526],[0.04926393926143646,-0.9641705751419067,0.26066863536834717,0.3678285777568817],[0.19127455353736877,-0.24704743921756744,-0.9499374032020569,1.1987053155899048]],"full_resolution":[2064,2272],"relative_focal_length":[0.4356694221496582,0.4339345097541809],"screen_center":[0.6212562918663025,0.5965937376022339],"visualized_dimension":-1}]}
{"camera":{"aperture_size":0.0,"autofocus":false,"autofocus_depth":0.0,"autofocus_target":[0.5,0.5,0.5],"fov_axis":1,"matrix":[[0.8829475045204163,0.108267642557621,-0.45681679248809814,0.09567862004041672],[-3.725290298461914e-09,-0.9730448126792908,-0.23061595857143402,0.2909708023071289],[-0.4694715738296509,0.20362187922000885,-0.859147310256958,0.9796131253242493]],"relative_focal_length":[1.0,1.0],"scale":0.14864353835582733,"screen_center":[0.4996795654296875,0.49303287267684937],"zoom":1.0},"frame":8,"views":[{"camera0":[[0.9790925979614258,0.09685330092906952,0.17887666821479797,0.27457597851753235],[0.045169830322265625,-0.9609355330467224,0.2730613350868225,0.36726632714271545],[0.1983356773853302,-0.25927239656448364,-0.9452196955680847,1.1962063312530518]],"camera1":[[0.9790925979614258,0.09685330092906952,0.17887666821479797,0.27457597851753235],[0.045169830322265625,-0.9609355330467224,0.2730613350868225,0.36726632714271545],[0.1983356773853302,-0.25927239656448364,-0.9452196955680847,1.1962063312530518]],"full_resolution":[2064,2272],"relative_focal_length":[0.4356694221496582,0.4339345097541809],"screen_center":[0.3787437081336975,0.5965937376022339],"visualized_dimension":-1},{"camera0":[[0.9790925979614258,0.09685330092906952,0.17887666821479797,0.2834131121635437],[0.045169830322265625,-0.9609355330467224,0.2730613350868225,0.3676740229129791],[0.1983356773853302,-0.25927239656448364,-0.9452196955680847,1.1979963779449463]],"camera1":[[0.9790925979614258,0.09685330092906952,0.17887666821479797,0.2834131121635437],[0.045169830322265625,-0.9609355330467224,0.2730613350868225,0.3676740229129791],[0.1983356773853302,-0.25927239656448364,-0.9452196955680847,1.1979963779449463]],"full_resolution":[2064,2272],"relative_focal_length":[0.4356694221496582,0.4339345097541809],"screen_center":[0.6212562918663025,0.5965937376022339],"visualized_dimension":-1}]}
{"camera":{"aperture_size":0.0,"autofocus":false,"autofocus_depth":0.0,"autofocus_target":[0.5,0.5,0.5],"fov_axis":1,"matrix":[[0.8829475045204163,0.108267642557621,-0.45681679248809814,0.09834688156843185],[-3.725290298461914e-09,-0.9730448126792908,-0.23061595857143402,0.2916090786457062],[-0.4694715738296509,0.20362187922000885,-0.859147310256958,0.9815128445625305]],"relative_focal_length":[1.0,1.0],"scale":0.14864353835582733,"screen_center":[0.4996795654296875,0.49303287267684937],"zoom":1.0},"frame":8,"views":[{"camera0":[[0.9770351648330688,0.0979069173336029,0.1892523169517517,0.27360010147094727],[0.043519213795661926,-0.9611523747444153,0.2725657820701599,0.36725735664367676],[0.208586186170578,-0.258070170879364,-0.9433404803276062,1.1962302923202515]],"camera1":[[0.9770351648330688,0.0979069173336029,0.1892523169517517,0.27360010147094727],[0.043519213795661926,-0.9611523747444153,0.2725657820701599,0.36725735664367676],[0.208586186170578,-0.258070170879364,-0.9433404803276062,1.1962302923202515]],"full_resolution":[2064,2272],"relative_focal_length":[0.4356694221496582,0.4339345097541809],"screen_center":[0.3787437081336975,0.5965937376022339],"visualized_dimension":-1},{"camera0":[[0.9770351648330688,0.0979069173336029,0.1892523169517517,0.2824186384677887],[0.043519213795661926,-0.9611523747444153,0.2725657820701599,0.3676501512527466],[0.208586186170578,-0.258070170879364,-0.9433404803276062,1.198112964630127]],"camera1":[[0.9770351648330688,0.0979069173336029,0.1892523169517517,0.2824186384677887],[0.043519213795661926,-0.9611523747444153,0.2725657820701599,0.3676501512527466],[0.208586186170578,-0.258070170879364,-0.9433404803276062,1.198112964630127]],"full_resolution":[2064,2272],"relative_focal_length":[0.4356694221496582,0.4339345097541809],"screen_center":[0.6212562918663025,0.5965937376022339],"visualized_dimension":-1}]}
{"camera":{"aperture_size":0.0,"autofocus":false,"autofocus_depth":0.0,"autofocus_target":[0.5,0.5,0.5],"fov_axis":1,"matrix":[[0.8829475045204163,0.108267642557621,-0.45681679248809814,0.10137604176998138],[-3.725290298461914e-09,-0.9730448126792908,-0.23061595857143402,0.29261302947998047],[-0.4694715738296509,0.20362187922000885,-0.859147310256958,0.9852847456932068]],"relative_focal_length":[1.0,1.0],"scale":0.14864353835582733,"screen_center":[0.4996795654296875,0.49303287267684937],"zoom":1.0},"frame":9,"views":[{"camera0":[[0.9745323061943054,0.0998116135597229,0.20080888271331787,0.2767723500728607],[0.043494753539562225,-0.962608814239502,0.2673807442188263,0.3676067590713501],[0.21998795866966248,-0.251836895942688,-0.9424346685409546,1.1972386837005615]],"camera1":[[0.9745323061943054,0.0998116135597229,0.20080888271331787,0.2767723500728607],[0.043494753539562225,-0.962608814239502,0.2673807442188263,0.3676067590713501],[0.21998795866966248,-0.251836895942688,-0.9424346685409546,1.1972386837005615]],"full_resolution":[2064,2272],"relative_focal_length":[0.4356694221496582,0.4339345097541809],"screen_center":[0.3787437081336975,0.5965937376022339],"visualized_dimension":-1},{"camera0":[[0.9745323061943054,0.0998116135597229,0.20080888271331787,0.28556832671165466],[0.043494753539562225,-0.962608814239502,0.2673807442188263,0.3679993152618408],[0.21998795866966248,-0.251836895942688,-0.9424346685409546,1.1992242336273193]],"camera1":[[0.9745323061943054,0.0998116135597229,0.20080888271331787,0.28556832671165466],[0.043494753539562225,-0.962608814239502,0.2673807442188263,0.3679993152618408],[0.21998795866966248,-0.251836895942688,-0.9424346685409546,1.1992242336273193]],"full_resolution":[2064,2272],"relative_focal_length":[0.4356694221496582,0.4339345097541809],"screen_center":[0.6212562918663025,0.5965937376022339],"visualized_dimension":-1}]}
{"camera":{"aperture_size":0.0,"autofocus":false,"autofocus_depth":0.0,"autofocus_target":[0.5,0.5,0.5],"fov_axis":1,"matrix":[[0.8829475045204163,0.108267642557621,-0.45681679248809814,0.10504940152168274],[-3.725290298461914e-09,-0.9730448126792908,-0.23061595857143402,0.2936188578605652],[-0.4694715738296509,0.20362187922000885,-0.859147310256958,0.989311695098877]],"relative_focal_length":[1.0,1.0],"scale":0.14864353835582733,"screen_center":[0.4996795654296875,0.49303287267684937],"zoom":1.0},"frame":10,"views":[{"camera0":[[0.9699633121490479,0.1002061665058136,0.221652090549469,0.28085410594940186],[0.03860486298799515,-0.9630734920501709,0.2664565443992615,0.3680327534675598],[0.24016758799552917,-0.2498961091041565,-0.9380144476890564,1.1994497776031494]],"camera1":[[0.9699633121490479,0.1002061665058136,0.221652090549469,0.28085410594940186],[0.03860486298799515,-0.9630734920501709,0.2664565443992615,0.3680327534675598],[0.24016758799552917,-0.2498961091041565,-0.9380144476890564,1.1994497776031494]],"full_resolution":[2064,2272],"relative_focal_length":[0.4356694221496582,0.4339345097541809],"screen_center":[0.3787437081336975,0.5965937376022339],"visualized_dimension":-1},{"camera0":[[0.9699633121490479,0.1002061665058136,0.221652090549469,0.28960883617401123],[0.03860486298799515,-0.9630734920501709,0.2664565443992615,0.36838120222091675],[0.24016758799552917,-0.2498961091041565,-0.9380144476890564,1.2016174793243408]],"camera1":[[0.9699633121490479,0.1002061665058136,0.221652090549469,0.28960883617401123],[0.03860486298799515,-0.9630734920501709,0.2664565443992615,0.36838120222091675],[0.24016758799552917,-0.2498961091041565,-0.9380144476890564,1.2016174793243408]],"full_resolution":[2064,2272],"relative_focal_length":[0.4356694221496582,0.4339345097541809],"screen_center":[0.6212562918663025,0.5965937376022339],"visualized_dimension":-1}]}
{"camera":{"aperture_size":0.0,"autofocus":false,"autofocus_depth":0.0,"autofocus_target":[0.5,0.5,0.5],"fov_axis":1,"matrix":[[0.8829475045204163,0.108267642557621,-0.45681679248809814,0.1089760810136795],[-3.725290298461914e-09,-0.9730448126792908,-0.23061595857143402,0.29406532645225525],[-0.4694715738296509,0.20362187922000885,-0.859147310256958,0.9921802878379822]],"relative_focal_length":[1.0,1.0],"scale":0.14864353835582733,"screen_center":[0.4996795654296875,0.49303287267684937],"zoom":1.0},"frame":10,"views":[{"camera0":[[0.966249942779541,0.10521066188812256,0.2351415753364563,0.28478455543518066],[0.041209012269973755,-0.9641695618629456,0.2620663642883301,0.36864209175109863],[0.2542882561683655,-0.24353155493736267,-0.9359643459320068,1.2024948596954346]],"camera1":[[0.966249942779541,0.10521066188812256,0.2351415753364563,0.28478455543518066],[0.041209012269973755,-0.9641695618629456,0.2620663642883301,0.36864209175109863],[0.2542882561683655,-0.24353155493736267,-0.9359643459320068,1.2024948596954346]],"full_resolution":[2064,2272],"relative_focal_length":[0.4356694221496582,0.4339345097541809],"screen_center":[0.3787437081336975,0.5965937376022339],"visualized_dimension":-1},{"camera0":[[0.966249942779541,0.10521066188812256,0.2351415753364563,0.29350578784942627],[0.041209012269973755,-0.9641695618629456,0.2620663642883301,0.36901402473449707],[0.2542882561683655,-0.24353155493736267,-0.9359643459320068,1.2047901153564453]],"camera1":[[0.966249942779541,0.10521066188812256,0.2351415753364563,0.29350578784942627],[0.041209012269973755,-0.9641695618629456,0.2620663642883301,0.36901402473449707],[0.2542882561683655,-0.24353155493736267,-0.9359643459320068,1.2047901153564453]],"full_resolution":[2064,2272],"relative_focal_length":[0.4356694221496582,0.4339345097541809],"screen_center":[0.6212562918663025,0.5965937376022339],"visualized_dimension":-1}]}
{"camera":{"aperture_size":0.0,"autofocus":false,"autofocus_depth":0.0,"autofocus_target":[0.5,0.5,0.5],"fov_axis":1,"matrix":[[0.8829475045204163,0.108267642557621,-0.45681679248809814,0.11412680149078369],[-3.725290298461914e-09,-0.9730448126792908,-0.23061595857143402,0.29417914152145386],[-0.4694715738296509,0.20362187922000885,-0.859147310256958,0.9950738549232483]],"relative_focal_length":[1.0,1.0],"scale":0.14864353835582733,"screen_center":[0.4996795654296875,0.49303287267684937],"zoom":1.0},"frame":11,"views":[{"camera0":[[0.9623324275016785,0.1154707670211792,0.24613511562347412,0.28871989250183105],[0.050175219774246216,-0.9652042984962463,0.25663793087005615,0.36875948309898376],[0.2672046720981598,-0.23462101817131042,-0.9346411824226379,1.204293131828308]],"camera1":[[0.9623324275016785,0.1154707670211792,0.24613511562347412,0.28871989250183105],[0.050175219774246216,-0.9652042984962463,0.25663793087005615,0.36875948309898376],[0.2672046720981598,-0.23462101817131042,-0.9346411824226379,1.204293131828308]],"full_resolution":[2064,2272],"relative_focal_length":[0.4356694221496582,0.4339345097541809],"screen_center":[0.3787437081336975,0.5965937376022339],"visualized_dimension":-1},{"camera0":[[0.9623324275016785,0.1154707670211792,0.24613511562347412,0.2974057197570801],[0.050175219774246216,-0.9652042984962463,0.25663793087005615,0.3692123591899872],[0.2672046720981598,-0.23462101817131042,-0.9346411824226379,1.20670485496521]],"camera1":[[0.9623324275016785,0.1154707670211792,0.24613511562347412,0.2974057197570801],[0.050175219774246216,-0.9652042984962463,0.25663793087005615,0.3692123591899872],[0.2672046720981598,-0.23462101817131042,-0.9346411824226379,1.20670485496521]],"full_resolution":[2064,2272],"relative_focal_length":[0.4356694221496582,0.4339345097541809],"screen_center":[0.6212562918663025,0.5965937376022339],"visualized_dimension":-1}]}
{"camera":{"aperture_size":0.0,"autofocus":false,"autofocus_depth":0.0,"autofocus_target":[0.5,0.5,0.5],"fov_axis":1,"matrix":[[0.8829475045204163,0.108267642557621,-0.45681679248809814,0.12204129993915558],[-3.725290298461914e-09,-0.9730448126792908,-0.23061595857143402,0.2944175601005554],[-0.4694715738296509,0.20362187922000885,-0.859147310256958,0.9997678995132446]],"relative_focal_length":[1.0,1.0],"scale":0.14864353835582733,"screen_center":[0.4996795654296875,0.49303287267684937],"zoom":1.0},"frame":11,"views":[{"camera0":[[0.9564599394798279,0.12809713184833527,0.26225051283836365,0.2939549386501312],[0.05997186899185181,-0.9656221866607666,0.25293684005737305,0.36797404289245605],[0.28563520312309265,-0.22619621455669403,-0.9312612414360046,1.2051435708999634]],"camera1":[[0.9564599394798279,0.12809713184833527,0.26225051283836365,0.2939549386501312],[0.05997186899185181,-0.9656221866607666,0.25293684005737305,0.36797404289245605],[0.28563520312309265,-0.22619621455669403,-0.9312612414360046,1.2051435708999634]],"full_resolution":[2064,2272],"relative_focal_length":[0.4356694221496582,0.4339345097541809],"screen_center":[0.3787437081336975,0.5965937376022339],"visualized_dimension":-1},{"camera0":[[0.9564599394798279,0.12809713184833527,0.26225051283836365,0.3025878071784973],[0.05997186899185181,-0.9656221866607666,0.25293684005737305,0.36851534247398376],[0.28563520312309265,-0.22619621455669403,-0.9312612414360046,1.2077217102050781]],"camera1":[[0.9564599394798279,0.12809713184833527,0.26225051283836365,0.3025878071784973],[0.05997186899185181,-0.9656221866607666,0.25293684005737305,0.36851534247398376],[0.28563520312309265,-0.22619621455669403,-0.9312612414360046,1.2077217102050781]],"full_resolution":[2064,2272],"relative_focal_length":[0.4356694221496582,0.4339345097541809],"screen_center":[0.6212562918663025,0.5965937376022339],"visualized_dimension":-1}]}
{"camera":{"aperture_size":0.0,"autofocus":false,"autofocus_depth":0.0,"autofocus_target":[0.5,0.5,0.5],"fov_axis":1,"matrix":[[0.8829475045204163,0.108267642557621,-0.45681679248809814,0.1287108212709427],[-3.725290298461914e-09,-0.9730448126792908,-0.23061595857143402,0.2936015725135803],[-0.4694715738296509,0.20362187922000885,-0.859147310256958,1.0013898611068726]],"relative_focal_length":[1.0,1.0],"scale":0.14864353835582733,"screen_center":[0.4996795654296875,0.49303287267684937],"zoom":1.0},"frame":12,"views":[{"camera0":[[0.9573363065719604,0.12731215357780457,0.25941962003707886,0.3013823926448822],[0.06127861887216568,-0.9667429327964783,0.24830004572868347,0.3676447868347168],[0.28240346908569336,-0.22180965542793274,-0.933299720287323,1.2086095809936523]],"camera1":[[0.9573363065719604,0.12731215357780457,0.25941962003707886,0.3013823926448822],[0.06127861887216568,-0.9667429327964783,0.24830004572868347,0.3676447868347168],[0.28240346908569336,-0.22180965542793274,-0.933299720287323,1.2086095809936523]],"full_resolution":[2064,2272],"relative_focal_length":[0.4356694221496582,0.4339345097541809],"screen_center":[0.3787437081336975,0.5965937376022339],"visualized_dimension":-1},{"camera0":[[0.9573363065719604,0.12731215357780457,0.25941962003707886,0.3100231885910034],[0.06127861887216568,-0.9667429327964783,0.24830004572868347,0.36819785833358765],[0.28240346908569336,-0.22180965542793274,-0.933299720287323,1.2111586332321167]],"camera1":[[0.9573363065719604,0.12731215357780457,0.25941962003707886,0.3100231885910034],[0.06127861887216568,-0.9667429327964783,0.24830004572868347,0.36819785833358765],[0.28240346908569336,-0.22180965542793274,-0.933299720287323,1.2111586332321167]],"full_resolution":[2064,2272],"relative_focal_length":[0.4356694221496582,0.4339345097541809],"screen_center":[0.6212562918663025,0.5965937376022339],"visualized_dimension":-1}]}
{"camera":{"aperture_size":0.0,"autofocus":false,"autofocus_depth":0.0,"autofocus_target":[0.5,0.5,0.5],"fov_axis":1,"matrix":[[0.8829475045204163,0.108267642557621,-0.45681679248809814,0.13812878727912903],[-3.725290298461914e-09,-0.9730448126792908,-0.23061595857143402,0.2930281460285187],[-0.4694715738296509,0.20362187922000885,-0.859147310256958,1.005041480064392]],"relative_focal_length":[1.0,1.0],"scale":0.14864353835582733,"screen_center":[0.4996795654296875,0.49303287267684937],"zoom":1.0},"frame":12,"views":[{"camera0":[[0.9548068046569824,0.1258559226989746,0.26926568150520325,0.3073742389678955],[0.06488797068595886,-0.9723379611968994,0.22438441216945648,0.36626219749450684],[0.29005712270736694,-0.1967715322971344,-0.9365614652633667,1.2079474925994873]],"camera1":[[0.9548068046569824,0.1258559226989746,0.26926568150520325,0.3073742389678955],[0.06488797068595886,-0.9723379611968994,0.22438441216945648,0.36626219749450684],[0.29005712270736694,-0.1967715322971344,-0.9365614652633667,1.2079474925994873]],"full_resolution":[2064,2272],"relative_focal_length":[0.4356694221496582,0.4339345097541809],"screen_center":[0.3787437081336975,0.5965937376022339],"visualized_dimension":-1},{"camera0":[[0.9548068046569824,0.1258559226989746,0.26926568150520325,0.31599217653274536],[0.06488797068595886,-0.9723379611968994,0.22438441216945648,0.3668478727340698],[0.29005712270736694,-0.1967715322971344,-0.9365614652633667,1.2105655670166016]],"camera1":[[0.9548068046569824,0.1258559226989746,0.26926568150520325,0.31599217653274536],[0.06488797068595886,-0.9723379611968994,0.22438441216945648,0.3668478727340698],[0.29005712270736694,-0.1967715322971344,-0.9365614652633667,1.2105655670166016]],"full_resolution":[2064,2272],"relative_focal_length":[0.4356694221496582,0.4339345097541809],"screen_center":[0.6212562918663025,0.5965937376022339],"visualized_dimension":-1}]}
{"camera":{"aperture_size":0.0,"autofocus":false,"autofocus_depth":0.0,"autofocus_target":[0.5,0.5,0.5],"fov_axis":1,"matrix":[[0.8829475045204163,0.108267642557621,-0.45681679248809814,0.14295391738414764],[-3.725290298461914e-09,-0.9730448126792908,-0.23061595857143402,0.29234156012535095],[-0.4694715738296509,0.20362187922000885,-0.859147310256958,1.0052952766418457]],"relative_focal_length":[1.0,1.0],"scale":0.14864353835582733,"screen_center":[0.4996795654296875,0.49303287267684937],"zoom":1.0},"frame":13,"views":[{"camera0":[[0.9549397826194763,0.1447039246559143,0.2591345012187958,0.31606924533843994],[0.08296554535627365,-0.968436062335968,0.235049307346344,0.3669389486312866],[0.2849675714969635,-0.20295855402946472,-0.9368035197257996,1.2099425792694092]],"camera1":[[0.9549397826194763,0.1447039246559143,0.2591345012187958,0.31606924533843994],[0.08296554535627365,-0.968436062335968,0.235049307346344,0.3669389486312866],[0.2849675714969635,-0.20295855402946472,-0.9368035197257996,1.2099425792694092]],"full_resolution":[2064,2272],"relative_focal_length":[0.4356694221496582,0.4339345097541809],"screen_center":[0.3787437081336975,0.5965937376022339],"visualized_dimension":-1},{"camera0":[[0.9549397826194763,0.1447039246559143,0.2591345012187958,0.3246884346008301],[0.08296554535627365,-0.968436062335968,0.235049307346344,0.36768776178359985],[0.2849675714969635,-0.20295855402946472,-0.9368035197257996,1.2125146389007568]],"camera1":[[0.9549397826194763,0.1447039246559143,0.2591345012187958,0.3246884346008301],[0.08296554535627365,-0.968436062335968,0.235049307346344,0.36768776178359985],[0.2849675714969635,-0.20295855402946472,-0.9368035197257996,1.2125146389007568]],"full_resolution":[2064,2272],"relative_focal_length":[0.4356694221496582,0.4339345097541809],"screen_center":[0.6212562918663025,0.5965937376022339],"visualized_dimension":-1}]}
{"camera":{"aperture_size":0.0,"autofocus":false,"autofocus_depth":0.0,"autofocus_target":[0.5,0.5,0.5],"fov_axis":1,"matrix":[[0.8829475045204163,0.108267642557621,-0.45681679248809814,0.14950396120548248],[-3.725290298461914e-09,-0.9730448126792908,-0.23061595857143402,0.29077285528182983],[-0.4694715738296509,0.20362187922000885,-0.859147310256958,1.0060309171676636]],"relative_focal_length":[1.0,1.0],"scale":0.14864353835582733,"screen_center":[0.4996795654296875,0.49303287267684937],"zoom":1.0},"frame":14,"views":[{"camera0":[[0.9551720023155212,0.16678957641124725,0.24459624290466309,0.3199427127838135],[0.10973504185676575,-0.9668081402778625,0.23073813319206238,0.36591508984565735],[0.2749622166156769,-0.19355374574661255,-0.9417707920074463,1.207690954208374]],"camera1":[[0.9551720023155212,0.16678957641124725,0.24459624290466309,0.3199427127838135],[0.10973504185676575,-0.9668081402778625,0.23073813319206238,0.36591508984565735],[0.2749622166156769,-0.19355374574661255,-0.9417707920074463,1.207690954208374]],"full_resolution":[2064,2272],"relative_focal_length":[0.4356694221496582,0.4339345097541809],"screen_center":[0.3787437081336975,0.5965937376022339],"visualized_dimension":-1},{"camera0":[[0.9551720023155212,0.16678957641124725,0.24459624290466309,0.32856395840644836],[0.10973504185676575,-0.9668081402778625,0.23073813319206238,0.36690554022789],[0.2749622166156769,-0.19355374574661255,-0.9417707920074463,1.2101727724075317]],"camera1":[[0.9551720023155212,0.16678957641124725,0.24459624290466309,0.32856395840644836],[0.10973504185676575,-0.9668081402778625,0.23073813319206238,0.36690554022789],[0.2749622166156769,-0.19355374574661255,-0.9417707920074463,1.2101727724075317]],"full_resolution":[2064,2272],"relative_focal_length":[0.4356694221496582,0.4339345097541809],"screen_center":[0.6212562918663025,0.5965937376022339],"visualized_dimension":-1}]}
